/*--------------------------------*- C++ -*----------------------------------*\
  =========                 |
  \\      /  F ield         | OpenFOAM: The Open Source CFD Toolbox
   \\    /   O peration     | Website:  https://openfoam.org
    \\  /    A nd           | Version:  9
     \\/     M anipulation  |
\*---------------------------------------------------------------------------*/
FoamFile
{
    format      ascii;
    class       volScalarField;
    location    "3";
    object      rho;
}
// * * * * * * * * * * * * * * * * * * * * * * * * * * * * * * * * * * * * * //

dimensions      [1 -3 0 0 0 0 0];

internalField   nonuniform List<scalar> 
5250
(
1.40001
1.40002
1.40006
1.40017
1.40035
1.40101
1.40213
1.40612
1.41301
1.43553
1.47809
1.58746
1.80376
2.29231
4.27064
5.90847
5.75145
5.63937
5.65686
5.73351
5.82012
5.87005
5.89952
5.93478
5.96598
1.40001
1.40002
1.40006
1.40014
1.40039
1.40089
1.40233
1.4055
1.41384
1.4331
1.47975
1.58138
1.80109
2.2765
4.21777
5.91595
5.75304
5.63678
5.65475
5.73206
5.81877
5.86903
5.89926
5.93516
5.96707
1.40001
1.40002
1.40006
1.40015
1.40035
1.40094
1.40207
1.40578
1.41245
1.43368
1.47471
1.57874
1.7871
2.24796
4.09875
5.93265
5.75605
5.62834
5.64571
5.7225
5.80822
5.85823
5.8874
5.92289
5.95534
1.40001
1.40002
1.40006
1.40014
1.40036
1.40081
1.40219
1.40488
1.41315
1.42949
1.47456
1.56661
1.77274
2.20255
3.91481
5.95935
5.76269
5.61452
5.63028
5.70265
5.78712
5.83437
5.86471
5.90172
5.93527
1.40001
1.40002
1.40005
1.40014
1.4003
1.40086
1.40178
1.40518
1.41079
1.43022
1.4654
1.56054
1.74622
2.15027
3.66914
5.99138
5.77385
5.59855
5.61039
5.67876
5.76132
5.80711
5.83256
5.86634
5.90279
1.40001
1.40002
1.40005
1.40011
1.40032
1.40067
1.40192
1.40403
1.41144
1.42461
1.46466
1.54216
1.72475
2.08749
3.37477
6.01009
5.78884
5.58136
5.58573
5.6452
5.72215
5.76761
5.79092
5.82015
5.85739
1.40001
1.40002
1.40005
1.4001
1.40028
1.40062
1.40173
1.40367
1.41036
1.42227
1.4587
1.52953
1.69731
2.0299
3.07987
5.97474
5.78659
5.5602
5.55802
5.60475
5.67351
5.71121
5.72764
5.75069
5.78959
1.40001
1.40002
1.40004
1.40011
1.40023
1.40063
1.4014
1.4037
1.40855
1.42191
1.45079
1.52212
1.67
1.98255
2.87978
5.79013
5.71665
5.52329
5.51867
5.54703
5.60997
5.63744
5.64174
5.65385
5.68763
1.40001
1.40001
1.40004
1.40008
1.40024
1.4005
1.40139
1.4031
1.40827
1.41881
1.44803
1.50855
1.65025
1.93521
2.7025
5.48086
5.58411
5.49824
5.46904
5.47859
5.52085
5.53912
5.52471
5.50806
5.52086
1.40001
1.40001
1.40003
1.40009
1.40018
1.40052
1.4011
1.40309
1.4067
1.41824
1.44066
1.50155
1.6229
1.8917
2.53776
5.09116
5.51358
5.46254
5.40207
5.40371
5.4175
5.4105
5.37733
5.30132
5.25205
1.40001
1.40001
1.40003
1.40007
1.40019
1.40039
1.40113
1.40235
1.40676
1.41429
1.43909
1.48536
1.60404
1.83719
2.38658
4.62528
5.47231
5.4318
5.33183
5.31479
5.30291
5.26734
5.17159
4.94413
4.29082
1.40001
1.40001
1.40003
1.40006
1.40014
1.40038
1.40085
1.40233
1.40503
1.41395
1.43055
1.47817
1.57293
1.78695
2.23774
4.07903
5.45502
5.40685
5.27813
5.225
5.18947
5.11619
4.9588
4.63404
3.92367
1.40001
1.40001
1.40002
1.40005
1.40013
1.40029
1.40078
1.40172
1.40477
1.41027
1.42798
1.46171
1.54993
1.72585
2.10019
3.46944
5.44686
5.39402
5.24366
5.14472
5.08022
4.97078
4.7687
4.42136
3.85107
1.40001
1.40001
1.40002
1.40004
1.40011
1.40023
1.40066
1.40137
1.40389
1.40823
1.4228
1.44948
1.5235
1.66779
1.97647
2.8486
5.35874
5.34685
5.23713
5.08116
4.98141
4.84925
4.63592
4.30432
3.85163
1.40001
1.40001
1.40002
1.40004
1.40008
1.40022
1.40046
1.4013
1.40275
1.40766
1.41664
1.44416
1.49728
1.62894
1.88686
2.53795
4.96152
5.24793
5.1823
5.02349
4.89421
4.74696
4.54234
4.24061
3.86098
1.40001
1.40001
1.40002
1.40003
1.40007
1.40015
1.40043
1.4009
1.40252
1.4055
1.41485
1.43325
1.48342
1.58451
1.81042
2.29675
4.26995
5.13751
5.10296
4.98183
4.82652
4.66453
4.46937
4.20117
3.86986
1.40001
1.40001
1.40001
1.40002
1.40006
1.40012
1.40034
1.40071
1.40199
1.40431
1.41171
1.42608
1.4664
1.54749
1.73327
2.10161
3.5248
5.0878
5.06459
4.96314
4.77937
4.60312
4.41029
4.16918
3.87759
1.40001
1.40001
1.40001
1.40002
1.40004
1.4001
1.40024
1.40057
1.40147
1.4033
1.40883
1.41953
1.45053
1.51235
1.65835
1.93635
2.72055
4.94743
5.04825
4.96388
4.76973
4.56761
4.36963
4.14524
3.88401
1.40001
1.40001
1.40001
1.40002
1.40003
1.40008
1.40017
1.40046
1.40103
1.40269
1.40631
1.41571
1.43747
1.48905
1.60125
1.83738
2.37666
4.44182
4.95904
4.90795
4.75883
4.54225
4.3418
4.12785
3.88987
1.40001
1.40001
1.40001
1.40001
1.40003
1.40006
1.40015
1.40031
1.40087
1.40181
1.40521
1.41085
1.43007
1.465
1.55879
1.74025
2.12773
3.63637
4.86738
4.84532
4.74952
4.53627
4.32604
4.11963
3.89746
1.40001
1.40001
1.40001
1.40001
1.40002
1.40004
1.4001
1.40025
1.40056
1.40151
1.40324
1.40899
1.41925
1.45076
1.5113
1.65709
1.92468
2.70869
4.69802
4.82621
4.75222
4.56425
4.32921
4.12068
3.91132
1.40001
1.40001
1.40001
1.40001
1.40002
1.40003
1.40008
1.40017
1.40044
1.40099
1.40263
1.40577
1.41551
1.43423
1.48578
1.58877
1.81263
2.30247
4.16187
4.74938
4.70938
4.58273
4.34895
4.13182
3.92975
1.40001
1.40001
1.40001
1.40001
1.40001
1.40003
1.40005
1.40013
1.40029
1.40075
1.40175
1.40435
1.41057
1.42529
1.46089
1.53979
1.70935
2.04175
3.29372
4.62611
4.63485
4.56906
4.38959
4.1612
3.95379
1.40001
1.40001
1.40001
1.40001
1.40001
1.40002
1.40004
1.40009
1.40022
1.40048
1.4013
1.40276
1.40771
1.4163
1.44362
1.49459
1.62185
1.84965
2.44579
4.31086
4.61459
4.56352
4.42405
4.20071
3.98531
1.40001
1.40001
1.40001
1.40001
1.40001
1.40001
1.40003
1.40006
1.40016
1.40032
1.4009
1.40188
1.40527
1.41119
1.43025
1.46579
1.55919
1.73679
2.11208
3.55062
4.53049
4.51447
4.44529
4.26278
4.02986
1.40001
1.40001
1.40001
1.40001
1.40001
1.40001
1.40002
1.40004
1.4001
1.40022
1.4006
1.40125
1.40348
1.40734
1.4201
1.44323
1.50822
1.63159
1.87459
2.5398
4.29603
4.50892
4.45712
4.32794
4.09195
1.40001
1.40001
1.40001
1.40001
1.40001
1.40001
1.40002
1.40003
1.40007
1.40016
1.40035
1.40096
1.402
1.40566
1.41171
1.43235
1.46877
1.56737
1.74812
2.14636
3.64542
4.43291
4.42061
4.35394
4.18575
1.40001
1.40001
1.40001
1.40001
1.40001
1.40001
1.40001
1.40002
1.40004
1.40011
1.40023
1.40062
1.4013
1.40364
1.40763
1.42095
1.4448
1.51197
1.63858
1.88689
2.63185
4.1994
4.40386
4.36252
4.25122
1.40001
1.40001
1.40001
1.40001
1.40001
1.40001
1.40001
1.40002
1.40003
1.40007
1.40015
1.4004
1.40085
1.40234
1.40492
1.41353
1.42891
1.47436
1.55978
1.74962
2.13369
3.57987
4.3208
4.32357
4.27086
1.40001
1.40001
1.40001
1.40001
1.40001
1.40001
1.40001
1.40001
1.40002
1.40004
1.40011
1.40022
1.4006
1.40131
1.40342
1.40773
1.41956
1.44461
1.5065
1.63126
1.86281
2.55553
4.06518
4.30387
4.27372
1.40001
1.40001
1.40001
1.40001
1.40001
1.40001
1.40001
1.40001
1.40002
1.40003
1.40007
1.40014
1.40038
1.4008
1.4022
1.40469
1.4126
1.4274
1.46963
1.55029
1.72825
2.08038
3.40629
4.20404
4.24017
1.40001
1.40001
1.40001
1.40001
1.40001
1.40001
1.40001
1.40001
1.40001
1.40002
1.40004
1.4001
1.40021
1.40053
1.40126
1.40294
1.40743
1.41679
1.44195
1.49357
1.6114
1.81142
2.35805
3.91022
4.2173
1.40001
1.40001
1.40001
1.40001
1.40001
1.40001
1.40001
1.40001
1.40001
1.40001
1.40003
1.40006
1.40013
1.40034
1.40071
1.40197
1.40414
1.41127
1.4241
1.46221
1.53337
1.69633
1.99803
3.1445
4.06839
1.40001
1.40001
1.40001
1.40001
1.40001
1.40001
1.40001
1.40001
1.40001
1.40001
1.40002
1.40004
1.40008
1.4002
1.40045
1.40115
1.40248
1.40672
1.41411
1.43769
1.48023
1.58867
1.76727
2.23047
3.67409
1.40001
1.40001
1.40001
1.40001
1.40001
1.40001
1.40001
1.40001
1.40001
1.40001
1.40001
1.40002
1.40005
1.40011
1.40029
1.40061
1.40166
1.40349
1.40958
1.42012
1.45278
1.51236
1.65371
1.89637
2.75489
1.40001
1.40001
1.40001
1.40001
1.40001
1.40001
1.40001
1.40001
1.40001
1.40001
1.40001
1.40002
1.40003
1.40007
1.40015
1.40041
1.40085
1.40229
1.40497
1.41293
1.42864
1.47061
1.55345
1.71871
2.07921
1.40001
1.40001
1.40001
1.40001
1.40001
1.40001
1.40001
1.40001
1.40001
1.40001
1.40001
1.40001
1.40002
1.40004
1.4001
1.40021
1.40053
1.40123
1.4029
1.40718
1.41622
1.44017
1.48904
1.59851
1.78054
1.40001
1.40001
1.40001
1.40001
1.40001
1.40001
1.40001
1.40001
1.40001
1.40001
1.40001
1.40001
1.40001
1.40003
1.40005
1.40013
1.4003
1.4007
1.40172
1.40391
1.40997
1.42198
1.45505
1.51964
1.6612
1.40001
1.40001
1.40001
1.40001
1.40001
1.40001
1.40001
1.40001
1.40001
1.40001
1.40001
1.40001
1.40001
1.40002
1.40004
1.40007
1.40017
1.40039
1.40095
1.40227
1.40529
1.41299
1.42977
1.47064
1.55602
1.40001
1.40001
1.40001
1.40001
1.40001
1.40001
1.40001
1.40001
1.40001
1.40001
1.40001
1.40001
1.40001
1.40001
1.40002
1.40004
1.40009
1.40023
1.40051
1.40123
1.40296
1.40684
1.41683
1.43786
1.48976
1.40001
1.40001
1.40001
1.40001
1.40001
1.40001
1.40001
1.40001
1.40001
1.40001
1.40001
1.40001
1.40001
1.40001
1.40001
1.40003
1.40006
1.40013
1.40028
1.40071
1.40155
1.40408
1.40862
1.42292
1.44842
1.40001
1.40001
1.40001
1.40001
1.40001
1.40001
1.40001
1.40001
1.40001
1.40001
1.40001
1.40001
1.40001
1.40001
1.40001
1.40002
1.40003
1.40007
1.40017
1.40036
1.40091
1.40205
1.405
1.41175
1.42771
1.40001
1.40001
1.40001
1.40001
1.40001
1.40001
1.40001
1.40001
1.40001
1.40001
1.40001
1.40001
1.40001
1.40001
1.40001
1.40001
1.40002
1.40004
1.40009
1.4002
1.40048
1.40109
1.40272
1.40599
1.41534
1.40001
1.40001
1.40001
1.40001
1.40001
1.40001
1.40001
1.40001
1.40001
1.40001
1.40001
1.40001
1.40001
1.40001
1.40001
1.40001
1.40001
1.40002
1.40005
1.40011
1.40024
1.40063
1.40132
1.40353
1.40734
1.40001
1.40001
1.40001
1.40001
1.40001
1.40001
1.40001
1.40001
1.40001
1.40001
1.40001
1.40001
1.40001
1.40001
1.40001
1.40001
1.40001
1.40001
1.40003
1.40006
1.40014
1.4003
1.40079
1.40165
1.40444
1.40001
1.40001
1.40001
1.40001
1.40001
1.40001
1.40001
1.40001
1.40001
1.40001
1.40001
1.40001
1.40001
1.40001
1.40001
1.40001
1.40001
1.40001
1.40002
1.40003
1.40008
1.40017
1.4004
1.40096
1.40218
1.40001
1.40001
1.40001
1.40001
1.40001
1.40001
1.40001
1.40001
1.40001
1.40001
1.40001
1.40001
1.40001
1.40001
1.40001
1.40001
1.40001
1.40001
1.40001
1.40002
1.40004
1.4001
1.40022
1.40057
1.4012
1.40001
1.40001
1.40001
1.40001
1.40001
1.40001
1.40001
1.40001
1.40001
1.40001
1.40001
1.40001
1.40001
1.40001
1.40001
1.40001
1.40001
1.40001
1.40001
1.40002
1.40003
1.40007
1.40015
1.40039
1.40087
1.40001
1.40001
1.40001
1.40001
1.40001
1.40001
1.40001
1.40001
1.40001
1.40001
1.40001
1.40001
1.40001
1.40001
1.40001
1.40001
1.40001
1.40001
1.40001
1.40001
1.40003
1.40006
1.40014
1.4003
1.40081
1.40001
1.40001
1.40001
1.40001
1.40001
1.40001
1.40001
1.40001
1.40001
1.40001
1.40001
1.40001
1.40001
1.40001
1.40001
1.40001
1.40001
1.40001
1.40001
1.40001
1.40003
1.40005
1.40013
1.40027
1.40077
1.89885
1.03968
0.722976
0.645227
0.64521
0.677613
0.765874
0.839464
0.863099
0.862486
0.85986
0.857836
0.857944
0.859045
0.862621
0.866676
0.868724
0.868617
0.868138
0.867762
0.867604
0.86798
0.869703
0.874246
0.884865
0.908612
0.960768
1.07508
1.34737
1.6534
1.68203
1.6756
1.61476
1.59663
1.60356
1.62224
1.6469
1.68468
1.73279
1.7936
1.85764
1.91441
1.96286
2.00118
2.03733
2.06237
2.07958
2.08902
2.09682
2.09851
2.09996
2.09375
2.09021
2.08089
2.07502
2.06355
2.05525
2.04192
2.03176
2.01716
2.00567
1.99032
1.97795
1.9619
1.94884
1.93209
1.91824
1.90077
1.88611
1.86817
1.853
1.83495
1.81957
1.80154
1.78602
1.76799
1.75233
1.73425
1.7186
1.70046
1.685
1.66685
1.65164
1.63349
1.61857
1.60041
1.58581
1.56766
1.55338
1.53526
1.52129
1.5034
1.48966
1.47223
1.45866
1.44222
1.42929
1.4145
1.40367
1.39607
2.34367
1.53921
1.17869
1.02774
0.964576
0.919229
0.909012
0.913121
0.923117
0.947446
0.972052
0.981915
0.981483
0.980612
0.977799
0.97777
0.978032
0.978884
0.980704
0.981863
0.981955
0.982382
0.983808
0.987397
0.995977
1.01557
1.05902
1.1455
1.36955
1.69467
1.7393
1.70574
1.64752
1.60881
1.60005
1.61141
1.6339
1.6683
1.72819
1.80978
1.90006
1.97327
2.04552
2.09912
2.15168
2.18537
2.21644
2.23214
2.249
2.25547
2.26544
2.26446
2.26445
2.25784
2.2546
2.24561
2.23908
2.22791
2.21887
2.20609
2.19518
2.18112
2.16866
2.15346
2.13976
2.12367
2.10905
2.09227
2.07701
2.05963
2.04396
2.02595
2.01008
1.99145
1.97558
1.95641
1.94067
1.9211
1.90554
1.88567
1.87033
1.85025
1.83515
1.81501
1.80007
1.78014
1.7652
1.74573
1.73067
1.71169
1.69663
1.67819
1.66329
1.64537
1.63067
1.61334
1.59926
1.58347
1.57125
1.56306
2.8626
2.13356
1.6625
1.36085
1.16575
1.04457
0.967083
0.956961
0.960635
0.971193
0.997044
1.02245
1.03945
1.0479
1.04842
1.04809
1.0471
1.04702
1.04716
1.04748
1.04853
1.04917
1.05067
1.0539
1.06112
1.07717
1.11288
1.18397
1.35895
1.69213
1.83951
1.80971
1.76639
1.72966
1.70031
1.6881
1.70118
1.7405
1.80514
1.88495
1.9699
2.04697
2.11991
2.17611
2.22723
2.2632
2.29546
2.31492
2.33328
2.34215
2.3537
2.3566
2.35802
2.35301
2.35058
2.34277
2.33727
2.3269
2.31883
2.30628
2.29623
2.2818
2.27016
2.2541
2.24124
2.22381
2.21001
2.19145
2.17709
2.15777
2.14315
2.12329
2.10828
2.08793
2.07226
2.05163
2.03521
2.01465
1.99767
1.9774
1.9602
1.94019
1.92308
1.90323
1.88639
1.86657
1.8499
1.83027
1.81384
1.79443
1.77809
1.75899
1.74273
1.72428
1.70816
1.69057
1.67502
1.65914
1.64529
1.63698
3.15908
2.5184
2.02599
1.6735
1.43328
1.26869
1.16472
1.09873
1.05835
1.04698
1.04889
1.05458
1.06889
1.08656
1.09958
1.10661
1.10663
1.10608
1.1048
1.10262
1.10254
1.10268
1.10349
1.10554
1.11055
1.12186
1.14699
1.20114
1.29894
1.56643
1.93647
1.92078
1.89097
1.86809
1.84303
1.84308
1.86415
1.89673
1.94396
2.00546
2.07493
2.13726
2.20099
2.258
2.30992
2.34742
2.38014
2.40098
2.42086
2.43009
2.44336
2.44839
2.45336
2.44705
2.44417
2.43552
2.4309
2.42034
2.41374
2.40086
2.39194
2.37666
2.36559
2.34849
2.33594
2.31796
2.30442
2.28592
2.27126
2.2521
2.23623
2.21644
2.19966
2.17943
2.16197
2.14142
2.12348
2.10278
2.08476
2.06405
2.04621
2.02541
2.00757
1.98658
1.96885
1.94783
1.93007
1.90903
1.89133
1.87064
1.85321
1.8329
1.81588
1.7959
1.77945
1.75977
1.74403
1.7254
1.71087
1.69904
3.33202
2.79078
2.32829
1.966
1.69488
1.49384
1.34551
1.23808
1.16147
1.11247
1.084
1.08404
1.08598
1.09144
1.10434
1.11791
1.12731
1.13376
1.13525
1.13506
1.13451
1.13443
1.13466
1.13579
1.13887
1.14637
1.16341
1.20143
1.26802
1.46305
1.80824
1.99557
2.04168
2.02238
2.01827
2.04195
2.06908
2.09306
2.12364
2.15189
2.18817
2.22823
2.26985
2.31956
2.37184
2.41375
2.44786
2.4691
2.48796
2.49749
2.5104
2.51667
2.52512
2.52171
2.51881
2.50985
2.50474
2.49432
2.48707
2.47467
2.46529
2.45114
2.44009
2.42411
2.41114
2.39309
2.37835
2.35884
2.3431
2.32287
2.30656
2.28593
2.26911
2.24814
2.23067
2.20923
2.19096
2.16888
2.15003
2.12762
2.10869
2.0864
2.06805
2.04604
2.02795
2.00606
1.98825
1.9664
1.9487
1.92697
1.90933
1.88786
1.8703
1.84928
1.83197
1.81164
1.79482
1.77595
1.76017
1.74774
3.44479
2.99059
2.5736
2.22205
1.9389
1.71645
1.54317
1.41062
1.30974
1.23655
1.1831
1.14811
1.12795
1.12755
1.12897
1.13316
1.14305
1.15475
1.16377
1.17031
1.1714
1.17123
1.17048
1.17046
1.17123
1.17445
1.18332
1.20508
1.25359
1.34493
1.57251
2.00502
2.11228
2.17618
2.24061
2.28728
2.31214
2.32061
2.3301
2.31856
2.30087
2.31398
2.33328
2.36041
2.4082
2.45325
2.49309
2.52096
2.54452
2.55653
2.56803
2.57561
2.58671
2.5901
2.589
2.581
2.57496
2.56512
2.55772
2.54616
2.53602
2.52131
2.50835
2.49148
2.4772
2.45915
2.44386
2.42434
2.40765
2.38653
2.36867
2.3466
2.32824
2.30573
2.28708
2.26408
2.24507
2.22149
2.20231
2.17866
2.15965
2.13603
2.11706
2.09356
2.07453
2.0513
2.03232
2.00958
1.99071
1.96857
1.9499
1.9283
1.90989
1.88865
1.87061
1.84973
1.8322
1.81235
1.79574
1.78143
3.52248
3.1377
2.76642
2.43578
2.15439
1.92217
1.73295
1.5809
1.45876
1.36266
1.28658
1.231
1.1887
1.16342
1.15034
1.15056
1.15199
1.15565
1.16469
1.17327
1.17985
1.18394
1.18569
1.1862
1.18723
1.18964
1.19541
1.20884
1.23969
1.30573
1.4441
1.76476
2.15245
2.33248
2.49651
2.57729
2.57759
2.5751
2.54876
2.4711
2.41456
2.39066
2.39649
2.40728
2.43358
2.47413
2.51742
2.55406
2.58447
2.60273
2.61701
2.62417
2.63475
2.64023
2.64344
2.63672
2.63011
2.61857
2.60876
2.59505
2.58376
2.56833
2.55524
2.53737
2.52199
2.50188
2.48507
2.46402
2.44687
2.42537
2.40755
2.38488
2.36569
2.34174
2.32164
2.29722
2.27727
2.25345
2.23411
2.21054
2.1914
2.16779
2.14845
2.12466
2.10506
2.08128
2.06161
2.03814
2.01855
1.9956
1.97623
1.95386
1.9348
1.91299
1.89432
1.87309
1.85488
1.8348
1.8175
1.80246
3.57969
3.24874
2.91913
2.61307
2.34156
2.10816
1.911
1.7467
1.6105
1.49894
1.40765
1.33499
1.27748
1.23481
1.20283
1.1842
1.17415
1.17436
1.17567
1.17894
1.18701
1.195
1.20159
1.20631
1.20737
1.20887
1.21221
1.22014
1.23875
1.28113
1.37011
1.56093
2.00799
2.42061
2.80579
2.88894
2.87512
2.8325
2.72611
2.61444
2.53034
2.47843
2.4536
2.45359
2.47006
2.49129
2.52188
2.56421
2.60363
2.63167
2.65326
2.66236
2.67141
2.67556
2.68064
2.6752
2.66916
2.65799
2.64895
2.63458
2.62214
2.60452
2.58973
2.57048
2.55494
2.53502
2.51885
2.4977
2.48008
2.45721
2.43807
2.41411
2.39436
2.37018
2.35045
2.32645
2.30677
2.2825
2.26254
2.23803
2.21778
2.19327
2.17284
2.14844
2.12795
2.1038
2.08342
2.05974
2.03959
2.01649
1.99662
1.97407
1.95453
1.93246
1.91329
1.89168
1.87298
1.8523
1.83455
1.81834
3.62102
3.33197
3.03869
2.75844
2.50115
2.27287
2.07374
1.90317
1.75762
1.63509
1.53166
1.44581
1.37445
1.31672
1.27078
1.23609
1.21058
1.19625
1.18932
1.18952
1.19064
1.19333
1.1999
1.20533
1.21035
1.21442
1.21773
1.2244
1.23844
1.26882
1.33405
1.47265
1.74968
2.38364
3.11614
3.17162
3.1362
3.03712
2.873
2.74545
2.64748
2.57776
2.53345
2.51256
2.51544
2.52862
2.54549
2.56905
2.60519
2.63848
2.66653
2.68449
2.69673
2.70055
2.70571
2.70313
2.69689
2.68368
2.67365
2.65883
2.64767
2.63128
2.6182
2.59935
2.58379
2.56264
2.54526
2.52273
2.50435
2.48103
2.46185
2.43777
2.4178
2.39327
2.37293
2.34823
2.32763
2.30288
2.28215
2.25749
2.23672
2.21222
2.19141
2.16705
2.14623
2.12207
2.10138
2.07759
2.0572
2.03395
2.0139
1.99123
1.97151
1.94933
1.92992
1.90818
1.88918
1.86828
1.85023
1.83341
3.65538
3.39712
3.1338
2.87737
2.6365
2.41684
2.22044
2.04779
1.8972
1.76725
1.65526
1.55968
1.47817
1.40961
1.35237
1.30558
1.26885
1.2407
1.21988
1.20827
1.2027
1.20289
1.20393
1.20642
1.21264
1.21904
1.22587
1.23228
1.24511
1.27159
1.32779
1.44651
1.65431
2.27095
3.36754
3.39731
3.3475
3.21577
3.0454
2.90388
2.79073
2.70386
2.64544
2.60456
2.58399
2.57948
2.58041
2.59111
2.60535
2.62741
2.65473
2.68006
2.69843
2.70744
2.71289
2.71395
2.71453
2.70445
2.69486
2.67865
2.66548
2.64693
2.63241
2.61272
2.59714
2.57627
2.55947
2.53747
2.51938
2.49627
2.47692
2.45295
2.43294
2.40865
2.38829
2.36374
2.34308
2.31836
2.29747
2.27284
2.25186
2.22749
2.20657
2.18243
2.16168
2.13772
2.11715
2.09347
2.07309
2.04981
2.02965
2.00679
1.98689
1.96444
1.94487
1.92288
1.90372
1.8826
1.86438
1.84706
3.68731
3.45214
3.21215
2.97624
2.75097
2.54202
2.35096
2.17987
2.02734
1.89335
1.7755
1.67301
1.58365
1.50659
1.44015
1.38366
1.33619
1.29705
1.2663
1.24256
1.22555
1.21559
1.21213
1.21241
1.21372
1.21685
1.22396
1.23399
1.24851
1.27738
1.3353
1.45577
1.67338
2.22836
3.36254
3.60787
3.58716
3.48775
3.30461
3.12855
2.98185
2.86143
2.76915
2.70326
2.65602
2.62732
2.61277
2.60785
2.6102
2.6186
2.63088
2.65508
2.67596
2.69362
2.7048
2.707
2.70963
2.70705
2.70155
2.68653
2.67373
2.6558
2.64228
2.62352
2.60857
2.58813
2.57152
2.54969
2.53167
2.50862
2.48938
2.46575
2.44579
2.42181
2.40133
2.37709
2.35628
2.33191
2.31093
2.28653
2.26546
2.24111
2.22004
2.1959
2.17491
2.15107
2.13024
2.10669
2.08613
2.06281
2.04256
2.01949
1.99955
1.97683
1.9572
1.93496
1.91574
1.89438
1.8761
1.8583
3.71951
3.50159
3.27993
3.06125
2.84985
2.65119
2.46694
2.29878
2.14697
2.01069
1.88962
1.78189
1.68707
1.60319
1.52997
1.46568
1.41039
1.36258
1.32289
1.28946
1.26405
1.24377
1.23024
1.22284
1.22306
1.22467
1.22919
1.23884
1.25855
1.2957
1.36966
1.50941
1.81962
2.28537
3.01925
3.54892
3.62314
3.59783
3.49513
3.32538
3.16014
3.01537
2.89707
2.80678
2.73784
2.68656
2.6509
2.63119
2.61988
2.61484
2.62054
2.62793
2.64296
2.66316
2.68018
2.69187
2.69676
2.69797
2.6985
2.69179
2.68148
2.66464
2.65086
2.63166
2.61653
2.59655
2.58043
2.55924
2.54146
2.51898
2.50005
2.47676
2.45697
2.43307
2.41263
2.38843
2.36766
2.34351
2.32256
2.2984
2.27732
2.25305
2.232
2.20774
2.18686
2.16277
2.14198
2.11818
2.0974
2.074
2.05339
2.03038
2.01021
1.98752
1.96796
1.94565
1.92662
1.9051
1.88693
1.86869
3.75193
3.54855
3.34207
3.138
2.93933
2.74977
2.57256
2.40813
2.2579
2.12119
1.99776
1.88694
1.78741
1.6989
1.61966
1.54985
1.4876
1.43352
1.38589
1.34539
1.31117
1.28256
1.26189
1.24319
1.24064
1.24154
1.24579
1.25731
1.28256
1.33442
1.433
1.65963
2.05664
2.366
2.66819
3.0913
3.4592
3.5572
3.54706
3.47517
3.33197
3.18665
3.04406
2.92994
2.84013
2.76685
2.71085
2.67006
2.64262
2.62792
2.6175
2.61539
2.62202
2.6304
2.64709
2.66181
2.67485
2.68184
2.68467
2.68424
2.68194
2.66976
2.65765
2.63862
2.62343
2.60344
2.58741
2.56651
2.54932
2.52765
2.50936
2.48666
2.46719
2.44362
2.42338
2.39934
2.37868
2.35448
2.3336
2.30938
2.28836
2.26411
2.24304
2.21879
2.1978
2.17368
2.15286
2.12901
2.10841
2.08493
2.06465
2.04159
2.02166
1.99901
1.9794
1.95714
1.93791
1.91623
1.89791
1.87903
3.78686
3.59383
3.40083
3.20782
3.02052
2.83959
2.66831
2.50846
2.35983
2.2239
2.09909
1.98628
1.88349
1.79139
1.70758
1.63331
1.56566
1.5065
1.45283
1.40658
1.36564
1.33045
1.30299
1.27663
1.27
1.2711
1.27688
1.29307
1.32992
1.4036
1.55878
1.92736
2.23821
2.40124
2.5321
2.71927
3.00833
3.31011
3.46121
3.46124
3.42814
3.33017
3.2059
3.08025
2.96732
2.87348
2.7961
2.73399
2.68691
2.65352
2.63341
2.61761
2.6095
2.61267
2.61774
2.62603
2.64133
2.65352
2.66336
2.66539
2.66669
2.66435
2.65936
2.64307
2.62914
2.60931
2.59316
2.57251
2.55583
2.53485
2.51713
2.49499
2.47597
2.45276
2.43286
2.40897
2.38851
2.36427
2.34349
2.31919
2.29834
2.2741
2.25336
2.22923
2.20865
2.18475
2.16425
2.14062
2.12013
2.09669
2.07631
2.05304
2.03292
2.00989
1.99009
1.96746
1.94809
1.92633
1.90795
1.88911
3.83028
3.64285
3.45878
3.27664
3.0961
2.92388
2.75755
2.60167
2.45546
2.32012
2.19489
2.08082
1.97518
1.88082
1.79292
1.71544
1.64321
1.58002
1.52157
1.47042
1.42464
1.38358
1.35178
1.31835
1.31468
1.3163
1.32531
1.3512
1.40673
1.52663
1.82673
2.15788
2.34212
2.4273
2.48011
2.5536
2.66981
2.8611
3.12234
3.32608
3.38186
3.37395
3.32795
3.22595
3.11999
3.00654
2.90787
2.82629
2.75751
2.70321
2.66325
2.63538
2.61739
2.60267
2.59645
2.60146
2.60636
2.61638
2.6284
2.63905
2.64527
2.64613
2.64593
2.64085
2.63116
2.61319
2.59719
2.57629
2.55922
2.53808
2.52065
2.49913
2.48102
2.45853
2.43938
2.41592
2.39594
2.37205
2.35169
2.32772
2.30725
2.28325
2.26277
2.23878
2.21825
2.19436
2.1738
2.15008
2.12956
2.10603
2.08566
2.0624
2.04235
2.01954
1.99991
1.97761
1.95834
1.93672
1.91833
1.89916
3.88582
3.69779
3.51731
3.34165
3.16969
3.00101
2.84188
2.68846
2.54483
2.41129
2.28525
2.17138
2.06361
1.9672
1.87692
1.79582
1.72116
1.65328
1.59226
1.53608
1.48694
1.44184
1.40501
1.37361
1.37315
1.37768
1.39517
1.43909
1.5326
1.76745
2.11647
2.32688
2.41474
2.45014
2.46751
2.48742
2.52468
2.59672
2.71893
2.92463
3.1477
3.29607
3.30552
3.29517
3.24535
3.14057
3.04632
2.94394
2.85564
2.7822
2.72028
2.67237
2.63783
2.61395
2.59511
2.58411
2.58226
2.58586
2.59125
2.60224
2.61173
2.6202
2.62179
2.62185
2.62026
2.61244
2.59866
2.57842
2.56125
2.54006
2.52267
2.50136
2.48371
2.46184
2.4434
2.42077
2.40143
2.37828
2.35832
2.3348
2.31447
2.29067
2.27014
2.24626
2.22568
2.20184
2.18128
2.15767
2.13721
2.11397
2.0937
2.07076
2.05073
2.02803
2.00836
1.98609
1.96691
1.94531
1.92711
1.90774
3.95328
3.75885
3.57869
3.40618
3.23876
3.07695
2.91865
2.7724
2.62799
2.49775
2.37157
2.2569
2.14955
2.0499
1.95958
1.87411
1.79859
1.72633
1.66326
1.60323
1.55099
1.50424
1.46169
1.44555
1.44664
1.45788
1.49166
1.56712
1.74614
2.10944
2.34672
2.44219
2.46654
2.47463
2.47324
2.46001
2.46518
2.48414
2.52707
2.61114
2.75025
2.95522
3.13209
3.23378
3.23556
3.21786
3.1593
3.06453
2.97806
2.88699
2.80593
2.73902
2.68384
2.64117
2.61088
2.58922
2.57095
2.56177
2.56396
2.56667
2.57232
2.5826
2.59132
2.59607
2.59653
2.59518
2.59148
2.57829
2.56374
2.54316
2.52556
2.50403
2.48625
2.4646
2.4464
2.42437
2.40539
2.38279
2.36308
2.34006
2.31999
2.29669
2.27648
2.25299
2.23271
2.20923
2.1888
2.16541
2.14483
2.12164
2.10126
2.07845
2.05851
2.03607
2.01648
1.99429
1.97506
1.95326
1.93505
1.91515
4.02607
3.81918
3.64094
3.46988
3.30624
3.14901
2.9943
2.84889
2.71047
2.57757
2.45616
2.33831
2.23261
2.13086
2.03907
1.95291
1.87332
1.80109
1.73313
1.6728
1.61689
1.56914
1.53217
1.53112
1.53737
1.56363
1.62449
1.76226
2.12664
2.39228
2.50259
2.51914
2.52581
2.51941
2.48708
2.45947
2.44315
2.44306
2.45084
2.47575
2.52787
2.61671
2.75574
2.93603
3.08192
3.15796
3.15868
3.14001
3.08263
2.99539
2.91621
2.83534
2.76037
2.69863
2.64808
2.60888
2.58089
2.56058
2.54577
2.53972
2.54282
2.54612
2.55298
2.56101
2.56845
2.56931
2.56914
2.56633
2.56015
2.54234
2.52614
2.50504
2.48721
2.46563
2.44758
2.42596
2.40751
2.38555
2.36651
2.34406
2.32456
2.30173
2.28188
2.25874
2.2386
2.21549
2.19535
2.17248
2.15246
2.12959
2.10956
2.08662
2.06666
2.04389
2.02422
2.00181
1.9826
1.96078
1.94265
1.92275
4.12858
3.90082
3.70471
3.53663
3.37136
3.21855
3.06799
2.92371
2.78696
2.65731
2.53372
2.41974
2.31005
2.21101
2.11532
2.02973
1.9476
1.87355
1.80446
1.74096
1.68725
1.63491
1.62786
1.62995
1.64873
1.70362
1.82347
2.14887
2.45323
2.58557
2.60104
2.60739
2.59572
2.54804
2.50502
2.47307
2.45017
2.43405
2.42337
2.4268
2.43577
2.4619
2.51688
2.60435
2.73207
2.88863
3.01285
3.0775
3.07757
3.06049
3.01058
2.93022
2.85708
2.78511
2.71478
2.65749
2.61099
2.57621
2.5516
2.53221
2.52017
2.51749
2.51905
2.52247
2.52968
2.53565
2.53951
2.53948
2.5381
2.53289
2.52286
2.50449
2.48738
2.46578
2.44774
2.4263
2.40828
2.38687
2.36852
2.34667
2.32782
2.30546
2.28619
2.26351
2.24374
2.22072
2.20054
2.17739
2.15723
2.13436
2.11448
2.09195
2.0724
2.05014
2.03096
2.00896
1.99013
1.9685
1.95059
1.93049
4.18481
3.98434
3.77899
3.60268
3.44187
3.28676
3.14093
2.99856
2.86249
2.73378
2.612
2.49633
2.3889
2.28641
2.19292
2.10282
2.02242
1.94439
1.87589
1.81205
1.75599
1.73013
1.73048
1.74529
1.79627
1.9058
2.19668
2.53794
2.69397
2.70965
2.71538
2.69769
2.63657
2.57894
2.53208
2.49519
2.4663
2.44656
2.42591
2.41161
2.40027
2.40369
2.41237
2.43636
2.48636
2.56854
2.68025
2.81893
2.92835
2.9948
2.99611
2.98339
2.94452
2.87318
2.80356
2.7375
2.6718
2.61747
2.57442
2.54266
2.5196
2.50118
2.491
2.49166
2.49286
2.49617
2.50252
2.50842
2.50863
2.50793
2.50561
2.4978
2.48432
2.46505
2.44793
2.42682
2.40877
2.38744
2.36918
2.3475
2.32877
2.30651
2.28725
2.26469
2.24525
2.22269
2.20318
2.18074
2.16109
2.13889
2.11926
2.09728
2.07786
2.05601
2.0369
2.01517
1.99645
1.97488
1.95717
1.93676
4.199
4.0861
3.86722
3.67721
3.51012
3.35767
3.21036
3.0719
2.93761
2.8092
2.68773
2.57341
2.46431
2.36326
2.26696
2.17859
2.09407
2.01813
1.94737
1.88556
1.84415
1.84251
1.85309
1.89566
1.99749
2.2541
2.64001
2.8238
2.84063
2.8458
2.82225
2.74768
2.67867
2.62178
2.57473
2.53471
2.49938
2.46733
2.44187
2.4201
2.399
2.3821
2.36911
2.36943
2.37649
2.39749
2.44155
2.51845
2.6164
2.7416
2.84135
2.91265
2.91623
2.90799
2.88112
2.81911
2.75124
2.6877
2.62719
2.57641
2.53649
2.50759
2.4856
2.4704
2.46395
2.46511
2.46694
2.47103
2.47526
2.47715
2.477
2.47527
2.47059
2.45833
2.44392
2.4239
2.40602
2.38492
2.36684
2.34595
2.32799
2.30692
2.2887
2.26706
2.24843
2.22634
2.20731
2.18514
2.1658
2.14377
2.1243
2.10248
2.08304
2.06137
2.04203
2.02044
2.00149
1.97998
1.96226
1.94179
4.19622
4.12877
3.96643
3.76271
3.5862
3.42882
3.28375
3.14336
3.01175
2.88443
2.76303
2.64847
2.54027
2.43752
2.3416
2.25119
2.16817
2.08987
2.02343
1.96735
1.96369
1.97045
2.00634
2.10801
2.33712
2.76009
2.97195
2.99045
2.99415
2.96531
2.87875
2.79913
2.73253
2.67731
2.6283
2.58439
2.54281
2.50484
2.46894
2.43743
2.41155
2.38557
2.36222
2.34355
2.32926
2.32733
2.33308
2.351
2.38848
2.45798
2.54421
2.65546
2.75008
2.82477
2.84073
2.83537
2.81427
2.76703
2.70038
2.63805
2.58213
2.53499
2.49775
2.46955
2.44945
2.43761
2.43516
2.43571
2.43747
2.44096
2.44413
2.44407
2.44309
2.4401
2.43431
2.41883
2.40398
2.38422
2.36654
2.34564
2.32758
2.30658
2.28862
2.2674
2.24915
2.22752
2.2088
2.18703
2.16806
2.14636
2.12724
2.1057
2.08657
2.0652
2.04625
2.02491
2.00637
1.98506
1.96765
1.94727
4.16972
4.13772
4.04886
3.84941
3.66506
3.50272
3.35586
3.21738
3.08498
2.95958
2.83912
2.72429
2.61525
2.51367
2.41588
2.32604
2.24157
2.16914
2.09997
2.0942
2.0965
2.12523
2.21692
2.41184
2.88616
3.13112
3.15296
3.15549
3.12224
3.0254
2.93547
2.8606
2.79743
2.74117
2.68958
2.64065
2.59423
2.54954
2.50756
2.46822
2.43167
2.40054
2.37238
2.34485
2.31945
2.29928
2.28406
2.27978
2.28413
2.29852
2.32867
2.387
2.46588
2.56288
2.65693
2.73167
2.76439
2.76222
2.74749
2.71074
2.65102
2.59107
2.53542
2.48881
2.45308
2.42841
2.41189
2.40385
2.40423
2.4053
2.40676
2.41156
2.41272
2.41213
2.41006
2.40506
2.39579
2.37923
2.36324
2.34312
2.32551
2.30472
2.28705
2.26621
2.24841
2.2273
2.20905
2.18769
2.16911
2.14781
2.12897
2.10777
2.08877
2.06764
2.04883
2.02784
2.00947
1.98859
1.97137
1.95122
4.11423
4.11241
4.06977
3.95683
3.75854
3.5834
3.43022
3.28993
3.15828
3.03232
2.9132
2.79942
2.6906
2.58781
2.49191
2.40093
2.32204
2.24806
2.22931
2.22997
2.25632
2.34065
2.53202
3.02699
3.29903
3.32945
3.33037
3.29265
3.18542
3.08514
3.0018
2.93086
2.86796
2.80954
2.75393
2.69988
2.64811
2.59845
2.55168
2.50701
2.46525
2.42555
2.38925
2.35746
2.32642
2.29783
2.27214
2.25056
2.23452
2.227
2.22999
2.24113
2.26477
2.31113
2.3842
2.47
2.56429
2.63736
2.68996
2.6895
2.67851
2.65502
2.60827
2.55273
2.49973
2.45417
2.41857
2.39376
2.37914
2.37154
2.37177
2.3729
2.3743
2.37876
2.37836
2.37746
2.37469
2.36834
2.35645
2.33912
2.32285
2.30252
2.28497
2.26428
2.24662
2.22596
2.20811
2.18743
2.16923
2.1486
2.13013
2.10949
2.09088
2.07011
2.05155
2.03079
2.0127
1.99201
1.97516
1.95504
3.88386
4.08357
4.06705
4.00544
3.85711
3.67176
3.5097
3.36584
3.23281
3.10726
2.98732
2.87366
2.76523
2.6632
2.56683
2.48137
2.40235
2.37429
2.37318
2.39769
2.4797
2.67862
3.18545
3.48292
3.5185
3.51805
3.47534
3.35698
3.24597
3.15397
3.07625
3.00706
2.94245
2.88003
2.81955
2.76108
2.70512
2.65142
2.60027
2.55106
2.50411
2.45907
2.41658
2.37648
2.34083
2.3088
2.27679
2.24724
2.22078
2.19769
2.18072
2.17016
2.17215
2.18066
2.19875
2.23496
2.30039
2.37844
2.46788
2.54423
2.60758
2.618
2.613
2.59482
2.55472
2.50301
2.45492
2.41457
2.38353
2.36062
2.34682
2.33913
2.33925
2.34005
2.34139
2.34384
2.34306
2.34144
2.33746
2.32888
2.31613
2.29803
2.28164
2.26143
2.24398
2.22343
2.2058
2.18553
2.16781
2.1477
2.12977
2.10965
2.09156
2.07141
2.05327
2.03297
2.01515
1.99478
1.97821
1.95838
3.32219
3.97845
4.04491
4.01661
3.94044
3.76733
3.59518
3.44497
3.30986
3.18311
3.06372
2.94967
2.84142
2.73952
2.64795
2.56367
2.52755
2.52475
2.54802
2.63047
2.83881
3.35287
3.6811
3.72094
3.71959
3.67039
3.54047
3.41858
3.31799
3.23324
3.15765
3.08659
3.01781
2.95117
2.88633
2.82395
2.76376
2.70617
2.65059
2.59735
2.54576
2.49665
2.44949
2.40532
2.36351
2.32459
2.2895
2.25576
2.22332
2.19266
2.16581
2.14154
2.12453
2.11197
2.11311
2.11889
2.13232
2.16098
2.21754
2.29024
2.37381
2.45628
2.52239
2.55166
2.54846
2.53292
2.49917
2.45436
2.41304
2.37774
2.34868
2.32747
2.315
2.30771
2.30763
2.308
2.30862
2.30881
2.3075
2.30512
2.30005
2.28852
2.2752
2.25669
2.24016
2.22013
2.2027
2.18274
2.16534
2.14576
2.12831
2.10885
2.09118
2.07165
2.05397
2.03419
2.01681
1.99678
1.98051
1.96091
2.2747
3.66137
4.00665
4.00362
3.96613
3.87163
3.69443
3.5324
3.39044
3.26083
3.13952
3.02575
2.91804
2.82102
2.73179
2.6897
2.68525
2.70776
2.79196
3.00757
3.54428
3.89484
3.93804
3.93384
3.87832
3.73664
3.60366
3.49387
3.40128
3.31888
3.24132
3.16647
3.09355
3.02245
2.95366
2.88729
2.8234
2.76184
2.7023
2.64486
2.58954
2.53666
2.48616
2.43818
2.39239
2.34889
2.30766
2.26923
2.23436
2.19959
2.16722
2.1366
2.10981
2.08518
2.06744
2.05331
2.05213
2.05545
2.06615
2.08985
2.13697
2.20407
2.28262
2.36904
2.43986
2.48562
2.48306
2.47074
2.44544
2.40615
2.37032
2.33925
2.31259
2.29396
2.28311
2.27657
2.27579
2.27461
2.27495
2.27289
2.27135
2.26797
2.26136
2.24683
2.23267
2.21434
2.19798
2.17872
2.16172
2.14262
2.12551
2.10665
2.08953
2.07058
2.05359
2.03441
2.01771
1.99825
1.98247
1.96324
1.92142
2.85438
3.80196
3.97574
3.96519
3.918
3.80074
3.6292
3.47653
3.34137
3.21836
3.1036
3.00065
2.90605
2.85998
2.85399
2.87655
2.9651
3.19283
3.76606
4.13249
4.16834
4.16056
4.09569
3.94228
3.79874
3.68006
3.58005
3.49083
3.407
3.32574
3.24639
3.16886
3.09364
3.02084
2.95054
2.8826
2.81689
2.7535
2.69251
2.63402
2.57801
2.52443
2.47303
2.42396
2.37689
2.33221
2.28968
2.24945
2.21231
2.17711
2.14258
2.11
2.07931
2.05181
2.02706
2.00853
1.99382
1.98943
1.99196
2.00082
2.02061
2.05947
2.1211
2.19728
2.28656
2.36198
2.41828
2.41857
2.41097
2.39452
2.35898
2.3273
2.29957
2.27729
2.26108
2.25077
2.24471
2.24204
2.24139
2.23964
2.23793
2.23542
2.22952
2.21943
2.20444
2.19031
2.17276
2.1567
2.13834
2.12176
2.10339
2.08687
2.06848
2.05211
2.03356
2.01749
1.99874
1.98362
1.96507
1.71519
2.08051
3.29597
3.87335
3.95238
3.92983
3.8692
3.72808
3.56641
3.42456
3.29881
3.18874
3.08764
3.0391
3.03159
3.05517
3.15062
3.39479
4.01958
4.39768
4.41786
4.40157
4.32325
4.15663
4.00341
3.87629
3.76937
3.67365
3.58374
3.49636
3.41077
3.32669
3.24476
3.165
3.08791
3.0132
2.94117
2.87164
2.80487
2.74072
2.67927
2.62028
2.56383
2.50959
2.45769
2.40786
2.36017
2.31443
2.27068
2.22899
2.1894
2.15274
2.1167
2.0823
2.04976
2.01966
1.99233
1.96814
1.94921
1.93423
1.92775
1.92975
1.93728
1.954
1.98605
2.04296
2.11867
2.20683
2.28915
2.34861
2.35966
2.35531
2.34058
2.31053
2.28378
2.26076
2.24135
2.22652
2.21663
2.21094
2.20822
2.20655
2.20465
2.20229
2.19786
2.18824
2.17797
2.16348
2.14955
2.13278
2.11733
2.09971
2.08397
2.06613
2.05045
2.03248
2.01717
1.99907
1.9847
1.96724
1.59009
1.77027
2.24733
3.54689
3.89559
3.91994
3.88984
3.81715
3.66215
3.51415
3.38857
3.27785
3.2276
3.21914
3.24525
3.34967
3.61743
4.30406
4.68341
4.68821
4.65537
4.55457
4.38099
4.21926
4.08575
3.97149
3.86882
3.7715
3.6771
3.5844
3.49334
3.4043
3.31762
3.23363
3.15236
3.07398
2.99843
2.92587
2.8561
2.78923
2.72495
2.66334
2.60406
2.54716
2.49237
2.43973
2.38901
2.34039
2.29357
2.24883
2.20606
2.16529
2.12716
2.09077
2.05557
2.02194
1.9902
1.96084
1.93395
1.91055
1.89102
1.87609
1.86748
1.86893
1.87524
1.8891
1.91602
1.9694
2.04394
2.12836
2.21924
2.28093
2.30242
2.29933
2.28792
2.26452
2.24297
2.22299
2.20566
2.19226
2.18352
2.17822
2.17532
2.17289
2.17055
2.16581
2.15955
2.14932
2.1388
2.12445
2.11099
2.09466
2.07995
2.06297
2.04812
2.03085
2.01635
1.99926
1.98553
1.97031
1.51868
1.63949
1.89241
2.73275
3.66096
3.8821
3.87872
3.84988
3.76935
3.62307
3.48753
3.4268
3.41695
3.44685
3.56609
3.86393
4.62016
4.98051
4.98269
4.92944
4.79141
4.60906
4.44498
4.30518
4.1856
4.07544
3.97105
3.86886
3.76873
3.67031
3.57402
3.48023
3.38912
3.30101
3.21588
3.13393
3.05511
2.97943
2.90675
2.83695
2.76989
2.70538
2.64334
2.58364
2.52618
2.47095
2.41775
2.36669
2.31751
2.27038
2.22515
2.18182
2.14056
2.10124
2.06429
2.02826
1.99373
1.96096
1.9302
1.90184
1.87535
1.85255
1.83247
1.81765
1.80732
1.80844
1.81401
1.82563
1.84992
1.90248
1.97438
2.05762
2.15333
2.21702
2.24544
2.24401
2.2368
2.22265
2.2041
2.18564
2.1706
2.15926
2.1514
2.14626
2.14288
2.13954
2.13582
2.12967
2.12269
2.11216
2.10145
2.08745
2.07445
2.05867
2.04511
2.02886
2.01538
2.00021
1.98721
1.97716
1.4643
1.54356
1.68954
2.01453
3.09494
3.73655
3.86211
3.85203
3.82116
3.73431
3.65151
3.63782
3.66988
3.81401
4.17811
4.96487
5.29703
5.28971
5.21901
5.0377
4.84405
4.6762
4.53681
4.41208
4.29653
4.18324
4.07292
3.96385
3.85754
3.75346
3.6523
3.55398
3.45881
3.36683
3.27827
3.19301
3.1111
3.03233
2.9566
2.88373
2.81364
2.74618
2.68134
2.61894
2.55899
2.50132
2.44592
2.3926
2.3414
2.29212
2.24488
2.19942
2.15592
2.11425
2.07437
2.03681
2.00032
1.96515
1.9317
1.89994
1.87011
1.84241
1.81654
1.79432
1.77451
1.75994
1.74929
1.75033
1.75554
1.76625
1.78967
1.83954
1.90921
1.99356
2.09058
2.15719
2.18924
2.19388
2.19003
2.18039
2.16503
2.14912
2.13674
2.12658
2.11919
2.11365
2.10969
2.10537
2.1009
2.09407
2.0868
2.0762
2.06602
2.05261
2.04098
2.0271
2.01509
2.00451
1.99607
1.98968
1.43318
1.48102
1.56906
1.73362
2.13954
3.34401
3.77641
3.85903
3.85594
3.84894
3.85198
3.90634
4.10915
4.57815
5.34416
5.62349
5.60662
5.52092
5.30671
5.09188
4.91813
4.77409
4.64761
4.52544
4.40666
4.28767
4.17136
4.05618
3.94411
3.83432
3.72793
3.62479
3.52538
3.42962
3.33751
3.24891
3.16361
3.08153
3.00252
2.92648
2.85343
2.78318
2.71576
2.65099
2.58876
2.52897
2.4714
2.41611
2.36289
2.31171
2.26256
2.21524
2.16985
2.12624
2.08439
2.04429
2.0062
1.96943
1.934
1.90021
1.86814
1.83779
1.80915
1.78282
1.7581
1.73681
1.71786
1.7038
1.69335
1.69434
1.69938
1.70983
1.73378
1.7811
1.84824
1.93422
2.0299
2.10151
2.13481
2.14634
2.14424
2.13793
2.12785
2.11454
2.10342
2.09384
2.08697
2.08114
2.07688
2.07203
2.06745
2.06069
2.05391
2.0449
2.03646
2.02686
2.02174
2.01524
2.01122
2.0108
1.41961
1.44088
1.50178
1.6034
1.81134
2.42753
3.48242
3.80957
3.90669
3.97985
4.12465
4.43589
5.09453
5.7954
5.96182
5.9307
5.82471
5.57103
5.34714
5.16744
5.02299
4.89295
4.76813
4.64091
4.51409
4.38658
4.26242
4.14018
4.02228
3.90747
3.79696
3.69009
3.58708
3.4877
3.39184
3.2994
3.21036
3.12461
3.04221
2.96307
2.88719
2.81444
2.74468
2.67777
2.61354
2.55191
2.49269
2.43579
2.38108
2.32842
2.27781
2.22901
2.1821
2.1369
2.09339
2.05164
2.01145
1.97324
1.93635
1.90092
1.86728
1.83509
1.80457
1.77582
1.74859
1.72359
1.70027
1.67976
1.66185
1.64853
1.63866
1.6396
1.64454
1.6558
1.67879
1.72494
1.79379
1.87952
1.97363
2.0499
2.08334
2.1001
2.10078
2.09863
2.09306
2.08164
2.07165
2.06277
2.05685
2.05126
2.0472
2.04326
2.04035
2.03618
2.03551
2.03454
2.03437
2.03473
2.0398
2.05514
1.40922
1.42455
1.45106
1.52535
1.64348
1.91598
2.76622
3.60676
3.92616
4.21676
4.69978
5.62793
6.32128
6.34807
6.29464
6.12994
5.84087
5.60622
5.42847
5.27999
5.14659
5.01339
4.88038
4.74429
4.61006
4.47586
4.34575
4.21759
4.09439
3.9743
3.85909
3.74744
3.6402
3.53664
3.43701
3.34103
3.24869
3.15998
3.07491
2.99333
2.9152
2.84028
2.76847
2.69958
2.63346
2.56999
2.50901
2.45045
2.39416
2.34
2.28794
2.23774
2.18944
2.1429
2.09804
2.05493
2.01345
1.97362
1.9357
1.89905
1.86416
1.83073
1.79891
1.76873
1.73994
1.71295
1.68741
1.66381
1.64206
1.62259
1.60584
1.59348
1.58502
1.58604
1.59111
1.60402
1.62707
1.67336
1.74374
1.82946
1.92312
2.00072
2.03733
2.05749
2.06353
2.0622
2.05852
2.05126
2.04337
2.03701
2.03213
2.03223
2.0335
2.03592
2.0431
2.04942
2.06023
2.07659
2.09642
2.14974
1.40546
1.41201
1.43016
1.46572
1.55047
1.70223
2.03875
3.10508
3.84358
4.75509
6.10825
6.79718
6.78703
6.65814
6.36504
6.08541
5.86118
5.67861
5.53292
5.39575
5.25846
5.11641
4.97386
4.82898
4.68701
4.54601
4.4101
4.27675
4.14906
4.02475
3.90579
3.79049
3.67986
3.57287
3.47002
3.37081
3.27559
3.18405
3.0964
3.01241
2.93209
2.8552
2.78161
2.71113
2.64357
2.57878
2.51658
2.45683
2.39941
2.3441
2.29088
2.23953
2.19003
2.14231
2.09629
2.05204
2.00948
1.96863
1.92962
1.89222
1.8565
1.82247
1.78986
1.75901
1.72937
1.70144
1.67479
1.64965
1.62599
1.60402
1.58379
1.56565
1.55004
1.53878
1.53245
1.53333
1.5386
1.55237
1.57719
1.62582
1.6979
1.78409
1.87904
1.95567
1.9968
2.01947
2.0303
2.03102
2.03037
2.02892
2.02968
2.03268
2.039
2.04823
2.0656
2.08772
2.11865
2.16701
2.21482
2.34292
1.40322
1.40673
1.41799
1.43768
1.49451
1.59501
1.81535
2.30805
3.51737
6.11505
7.17916
7.16068
6.96014
6.5652
6.28242
6.07696
5.90796
5.76065
5.61798
5.46934
5.31758
5.16186
5.0089
4.8575
4.71247
4.56986
4.43336
4.29882
4.17009
4.04374
3.92284
3.80473
3.69145
3.58125
3.47549
3.37325
3.27546
3.18161
3.0922
3.0068
2.92549
2.84792
2.77388
2.70314
2.63537
2.57043
2.508
2.44792
2.39
2.33405
2.28001
2.2278
2.17733
2.12876
2.08194
2.03705
1.99404
1.95285
1.91366
1.87617
1.84047
1.80643
1.77384
1.74284
1.71311
1.68476
1.65777
1.63185
1.60749
1.58422
1.56235
1.5421
1.5235
1.50678
1.49296
1.48221
1.47997
1.48104
1.48662
1.50163
1.53107
1.58357
1.65793
1.74529
1.84189
1.92031
1.96537
1.99228
2.00961
2.01918
2.03221
2.04446
2.0641
2.0887
2.12888
2.17969
2.25018
2.35886
2.4483
2.65978
1.40221
1.40516
1.41254
1.42998
1.47067
1.56194
1.75957
2.17642
3.40804
6.67059
6.75215
6.66646
6.37877
6.16174
6.01693
5.89244
5.77705
5.64928
5.51175
5.36414
5.2144
5.06449
4.92149
4.78147
4.64631
4.51121
4.37942
4.24749
4.11989
3.99341
3.87222
3.75314
3.63946
3.52862
3.42315
3.32126
3.22471
3.13222
3.04473
2.96128
2.88213
2.80664
2.7346
2.66568
2.59944
2.53573
2.47416
2.41459
2.35687
2.30091
2.24678
2.19449
2.14412
2.09577
2.04948
2.00526
1.96312
1.92287
1.88455
1.84794
1.81293
1.77948
1.74731
1.71652
1.68695
1.65849
1.6314
1.60522
1.58044
1.55675
1.53414
1.51315
1.49316
1.47474
1.45842
1.44363
1.43247
1.42384
1.42453
1.42813
1.4363
1.4537
1.48786
1.54723
1.6266
1.71938
1.81983
1.90482
1.96023
2.00328
2.0442
2.08158
2.13378
2.19289
2.27481
2.38932
2.51798
2.6731
2.791
2.90772
1.40171
1.40485
1.41012
1.42829
1.4611
1.55135
1.72955
2.11717
3.35478
6.48489
6.23719
5.97749
5.87138
5.79159
5.70322
5.60192
5.49369
5.37519
5.25211
5.1223
4.99149
4.85811
4.72552
4.59193
4.46103
4.32855
4.19877
4.06922
3.9445
3.82147
3.70462
3.59037
3.48288
3.37856
3.28092
3.18661
3.09821
3.01298
2.93257
2.85509
2.78144
2.71055
2.6427
2.57742
2.51464
2.45418
2.39596
2.33979
2.2858
2.2337
2.18373
2.13557
2.08939
2.04492
2.0022
1.96098
1.92129
1.88291
1.84582
1.81001
1.77528
1.74192
1.70957
1.67862
1.64878
1.62028
1.59296
1.56699
1.54214
1.51878
1.49641
1.47557
1.45606
1.43755
1.4212
1.40576
1.39264
1.38154
1.37347
1.37171
1.37421
1.3807
1.39353
1.41614
1.4657
1.53179
1.62586
1.7318
1.8599
1.97095
2.07647
2.176
2.28293
2.40928
2.54224
2.67243
2.77389
2.84628
2.87508
2.88052
1.40162
1.40457
1.40994
1.42687
1.46017
1.54719
1.72315
2.10081
3.36646
6.44653
6.09058
5.83758
5.72983
5.63317
5.5269
5.4179
5.31193
5.19805
5.07741
4.94683
4.81307
4.67418
4.53564
4.39519
4.25719
4.12163
3.99224
3.8662
3.74709
3.63158
3.5233
3.41864
3.32099
3.22662
3.13848
3.05306
2.97283
2.89477
2.82085
2.74877
2.67997
2.61292
2.54855
2.48601
2.42579
2.3675
2.31136
2.25717
2.20503
2.15482
2.1065
2.06009
2.01535
1.97248
1.93109
1.89139
1.85312
1.81632
1.78089
1.74679
1.71397
1.68244
1.65216
1.62308
1.59531
1.56866
1.54333
1.51917
1.49617
1.47446
1.45383
1.43439
1.41617
1.39896
1.3831
1.36821
1.35509
1.3428
1.33322
1.32494
1.32422
1.32632
1.33224
1.34404
1.36631
1.4097
1.47985
1.58758
1.73267
1.91538
2.12322
2.33592
2.52537
2.67269
2.76981
2.8117
2.80989
2.80098
2.78396
2.76609
)
;

boundaryField
{
    inlet
    {
        type            calculated;
        value           uniform 1.40001;
    }
    outlet
    {
        type            calculated;
        value           nonuniform List<scalar> 
40
(
1.39268
1.55927
1.63301
1.69492
1.74352
1.77713
1.79812
1.81398
1.82903
1.84266
1.85389
1.86428
1.87461
1.88469
1.89473
1.90332
1.91073
1.91835
1.9261
1.93238
1.93743
1.94292
1.94688
1.95071
1.95407
1.95661
1.95894
1.96076
1.96289
1.96582
1.97229
1.98446
2.00476
2.04699
2.13765
2.32344
2.63571
2.89258
2.87437
2.76202
)
;
    }
    bottom
    {
        type            symmetryPlane;
    }
    top
    {
        type            symmetryPlane;
    }
    obstacle
    {
        type            calculated;
        value           nonuniform List<scalar> 
110
(
5.96598
5.96707
5.95534
5.93527
5.90279
5.85739
5.78959
5.68763
5.52086
5.25205
1.89885
1.03968
0.722976
0.645227
0.64521
0.677613
0.765874
0.839464
0.863099
0.862486
0.85986
0.857836
0.857944
0.859045
0.862621
0.866676
0.868724
0.868617
0.868138
0.867762
0.867604
0.86798
0.869703
0.874246
0.884865
0.908612
0.960768
1.07508
1.34737
1.6534
1.68203
1.6756
1.61476
1.59663
1.60356
1.62224
1.6469
1.68468
1.73279
1.7936
1.85764
1.91441
1.96286
2.00118
2.03733
2.06237
2.07958
2.08902
2.09682
2.09851
2.09996
2.09375
2.09021
2.08089
2.07502
2.06355
2.05525
2.04192
2.03176
2.01716
2.00567
1.99032
1.97795
1.9619
1.94884
1.93209
1.91824
1.90077
1.88611
1.86817
1.853
1.83495
1.81957
1.80154
1.78602
1.76799
1.75233
1.73425
1.7186
1.70046
1.685
1.66685
1.65164
1.63349
1.61857
1.60041
1.58581
1.56766
1.55338
1.53526
1.52129
1.5034
1.48966
1.47223
1.45866
1.44222
1.42929
1.4145
1.40367
1.39607
)
;
    }
    defaultFaces
    {
        type            empty;
    }
}


// ************************************************************************* //
