/*--------------------------------*- C++ -*----------------------------------*\
  =========                 |
  \\      /  F ield         | OpenFOAM: The Open Source CFD Toolbox
   \\    /   O peration     | Website:  https://openfoam.org
    \\  /    A nd           | Version:  9
     \\/     M anipulation  |
\*---------------------------------------------------------------------------*/
FoamFile
{
    format      ascii;
    class       volScalarField;
    location    "0.003";
    object      p;
}
// * * * * * * * * * * * * * * * * * * * * * * * * * * * * * * * * * * * * * //

dimensions      [1 -1 -2 0 0 0 0];

internalField   nonuniform List<scalar> 
10000
(
100000
100000
100000
100000
100000
100000
100000
100000
100000
100000
100000
100000
100000
100000
100000
100000
100000
100000
100000
100000
100000
100000
100000
100000
100000
100000
100000
100000
100000
100000
100000
100000
100000
100000
100000
100000
100000
100000
100000
100000
100000
100000
100000
100000
100000
100000
100000
100000
100000
100000
100000
100000
100000
100000
100000
100000
100000
100000
100000
100000
100000
100000
100000
100000
100000
100000
100000
100000
100000
100000
100000
100000
100000
100000
100000
100000
100000
100000
100000
100000
100000
100000
100000
100000
100000
100000
100000
100000
100000
100000
100000
100000
100000
100000
100000
100000
100000
100000
100000
100000
100000
100000
100000
100000
100000
100000
100000
100000
100000
100000
100000
100000
100000
100000
100000
100000
100000
100000
100000
100000
100000
100000
100000
100000
100000
100000
100000
100000
100000
100000
100000
100000
100000
100000
100000
100000
100000
100000
100000
100000
100000
100000
100000
100000
100000
100000
100000
100000
100000
100000
100000
100000
100000
100000
100000
100000
100000
100000
100000
100000
100000
100000
100000
100000
100000
100000
100000
100000
100000
100000
100000
100000
100000
100000
100000
100000
100000
100000
100000
100000
100000
100000
100000
100000
100000
100000
100000
100000
100000
100000
100000
100000
100000
100000
100000
100000
100000
100000
100000
100000
100000
100000
100000
100000
100000
100000
100000
100000
100000
100000
100000
100000
100000
100000
100000
100000
100000
100000
100000
100000
100000
100000
100000
100000
100000
100000
100000
100000
100000
100000
100000
100000
100000
100000
100000
100000
100000
100000
100000
100000
100000
100000
100000
100000
100000
100000
100000
100000
100000
100000
100000
100000
100000
100000
100000
100000
100000
100000
100000
100000
100000
100000
100000
100000
100000
100000
100000
100000
100000
100000
100000
100000
100000
100000
100000
100000
100000
100000
100000
100000
100000
100000
100000
100000
100000
100000
100000
100000
100000
100000
100000
100000
100000
100000
100000
100000
100000
100000
100000
100000
100000
100000
100000
100000
100000
100000
100000
100000
100000
100000
100000
100000
100000
100000
100000
100000
100000
100000
100000
100000
100000
100000
100000
100000
100000
100000
100000
100000
100000
100000
100000
100000
100000
100000
100000
100000
100000
100000
100000
100000
100000
100000
100000
100000
100000
100000
100000
100000
100000
100000
100000
100000
100000
100000
100000
100000
100000
100000
100000
100000
100000
100000
100000
100000
100000
100000
100000
100000
100000
100000
100000
100000
100000
100000
100000
100000
100000
100000
100000
100000
100000
100000
100000
100000
100000
100000
100000
100000
100000
100000
100000
100000
100000
100000
100000
100000
100000
100000
100000
100000
100000
100000
100000
100000
100000
100000
100000
100000
100000
100000
100000
100000
100000
100000
100000
100000
100000
100000
100000
100000
100000
100000
100000
100000
100000
100000
100000
100000
100000
100000
100000
100000
100000
100000
100000
100000
100000
100000
100000
100000
100000
100000
100000
100000
100000
100000
100000
100000
100000
100000
100000
100000
100000
100000
100000
100000
100000
100000
100000
100000
100000
100000
100000
100000
100000
100000
100000
100000
100000
100000
100000
100000
100000
100000
100000
100000
100000
100000
100000
100000
100000
100000
100000
100000
100000
100000
100000
100000
100000
100000
100000
100000
100000
100000
100000
100000
100000
100000
100000
100000
100000
100000
100000
100000
100000
100000
100000
100000
100000
100000
100000
100000
100000
100000
100000
100000
100000
100000
100000
100000
100000
100000
100000
100000
100000
100000
100000
100000
100000
100000
100000
100000
100000
100000
100000
100000
100000
100000
100000
100000
100000
100000
100000
100000
100000
100000
100000
100000
100000
100000
100000
100000
100000
100000
100000
100000
100000
100000
100000
100000
100000
100000
100000
100000
100000
100000
100000
100000
100000
100000
100000
100000
100000
100000
100000
100000
100000
100000
100000
100000
100000
100000
100000
100000
100000
100000
100000
100000
100000
100000
100000
100000
100000
100000
100000
100000
100000
100000
100000
100000
100000
100000
100000
100000
100000
100000
100000
100000
100000
100000
100000
100000
100000
100000
100000
100000
100000
100000
100000
100000
100000
100000
100000
100000
100000
100000
100000
100000
100000
100000
100000
100000
100000
100000
100000
100000
100000
100000
100000
100000
100000
100000
100000
100000
100000
100000
100000
100000
100000
100000
100000
100000
100000
100000
100000
100000
100000
100000
100000
100000
100000
100000
100000
100000
100000
100000
100000
100000
100000
100000
100000
100000
100000
100000
100000
100000
100000
100000
100000
100000
100000
100000
100000
100000
100000
100000
100000
100000
100000
100000
100000
100000
100000
100000
100000
100000
100000
100000
100000
100000
100000
100000
100000
100000
100000
100000
100000
100000
100000
100000
100000
100000
100000
100000
100000
100000
100000
100000
100000
100000
100000
100000
100000
100000
100000
100000
100000
100000
100000
100000
100000
100000
100000
100000
100000
100000
100000
100000
100000
100000
100000
100000
100000
100000
100000
100000
100000
100000
100000
100000
100000
100000
100000
100000
100000
100000
100000
100000
100000
100000
100000
100000
100000
100000
100000
100000
100000
100000
100000
100000
100000
100000
100000
100000
100000
100000
100000
100000
100000
100000
100000
100000
100000
100000
100000
100000
100000
100000
100000
100000
100000
100000
100000
100000
100000
100000
100000
100000
100000
100000
100000
100000
100000
100000
100000
100000
100000
100000
100000
100000
100000
100000
100000
100000
100000
100000
100000
100000
100000
100000
100000
100000
100000
100000
100000
100000
100000
100000
100000
100000
100000
100000
100000
100000
100000
100000
100000
100000
100000
100000
100000
100000
100000
100000
100000
100000
100000
100000
100000
100000
100000
100000
100000
100000
100000
100000
100000
100000
100000
100000
100000
100000
100000
100000
100000
100000
100000
100000
100000
100000
100000
100000
100000
100000
100000
100000
100000
100000
100000
100000
100000
100000
100000
100000
100000
100000
100000
100000
100000
100000
100000
100000
100000
100000
100000
100000
100000
100000
100000
100000
100000
100000
100000
100000
100000
100000
100000
100000
100000
100000
100000
100000
100000
100000
100000
100000
100000
100000
100000
100000
100000
100000
100000
100000
100000
100000
100000
100000
100000
100000
100000
100000
100000
100000
100000
100000
100000
100000
100000
100000
100000
100000
100000
100000
100000
100000
100000
100000
100000
100000
100000
100000
100000
100000
100000
100000
100000
100000
100000
100000
100000
100000
100000
100000
100000
100000
100000
100000
100000
100000
100000
100000
100000
100000
100000
100000
100000
100000
100000
100000
100000
100000
100000
100000
100000
100000
100000
100000
100000
100000
100000
100000
100000
100000
100000
100000
100000
100000
100000
100000
100000
100000
100000
100000
100000
100000
100000
100000
100000
100000
100000
100000
100000
100000
100000
100000
100000
100000
100000
100000
100000
100000
100000
100000
100000
100000
100000
100000
100000
100000
100000
100000
100000
100000
100000
100000
100000
100000
100000
100000
100000
100000
100000
100000
100000
100000
100000
100000
100000
100000
100000
100000
100000
100000
100000
100000
100000
100000
100000
100000
100000
100000
100000
100000
100000
100000
100000
100000
100000
100000
100000
100000
100000
100000
100000
100000
100000
100000
100000
100000
100000
100000
100000
100000
100000
100000
100000
100000
100000
100000
100000
100000
100000
100000
100000
100000
100000
100000
100000
100000
100000
100000
100000
100000
100000
100000
100000
100000
100000
100000
100000
100000
100000
100000
100000
100000
100000
100000
100000
100000
100000
100000
100000
100000
100000
100000
100000
100000
100000
100000
100000
100000
100000
100000
100000
100000
100000
100000
100000
100000
100000
100000
100000
100000
100000
100000
100000
100000
100000
100000
100000
100000
100000
100000
100000
100000
100000
100000
100000
100000
100000
100000
100000
100000
100000
100000
100000
100000
100000
100000
100000
100000
100000
100000
100000
100000
100000
100000
100000
100000
100000
100000
100000
100000
100000
100000
100000
100000
100000
100000
100000
100000
100000
100000
100000
100000
100000
100000
100000
100000
100000
100000
100000
100000
100000
100000
100000
100000
100000
100000
100000
100000
100000
100000
100000
100000
100000
100000
100000
100000
100000
100000
100000
100000
100000
100000
100000
100000
100000
100000
100000
100000
100000
100000
100000
100000
100000
100000
100000
100000
100000
100000
100000
100000
100000
100000
100000
100000
100000
100000
100000
100000
100000
100000
100000
100000
100000
100000
100000
100000
100000
100000
100000
100000
100000
100000
100000
100000
100000
100000
100000
100000
100000
100000
100000
100000
100000
100000
100000
100000
100000
100000
100000
100000
100000
100000
100000
100000
100000
100000
100000
100000
100000
100000
100000
100000
100000
100000
100000
100000
100000
100000
100000
100000
100000
100000
100000
100000
100000
100000
100000
100000
100000
100000
100000
100000
100000
100000
100000
100000
100000
100000
100000
100000
100000
100000
100000
100000
100000
100000
100000
100000
100000
100000
100000
100000
100000
100000
100000
100000
100000
100000
100000
100000
100000
100000
100000
100000
100000
100000
100000
100000
100000
100000
100000
100000
100000
100000
100000
100000
100000
100000
100000
100000
100000
100000
100000
100000
100000
100000
100000
100000
100000
100000
100000
100000
100000
100000
100000
100000
100000
100000
100000
100000
100000
100000
100000
100000
100000
100000
100000
100000
100000
100000
100000
100000
100000
100000
100000
100000
100000
100000
100000
100000
100000
100000
100000
100000
100000
100000
100000
100000
100000
100000
100000
100000
100000
100000
100000
100000
100000
100000
100000
100000
100000
100000
100000
100000
100000
100000
100000
100000
100000
100000
100000
100000
100000
100000
100000
100000
100000
100000
100000
100000
100000
100000
100000
100000
100000
100000
100000
100000
100000
100000
100000
100000
100000
100000
100000
100000
100000
100000
100000
100000
100000
100000
100000
100000
100000
100000
100000
100000
100000
100000
100000
100000
100000
100000
100000
100000
100000
100000
100000
100000
100000
100000
100000
100000
100000
100000
100000
100000
100000
100000
100000
100000
100000
100000
100000
100000
100000
100000
100000
100000
100000
100000
100000
100000
100000
100000
100000
100000
100000
100000
100000
100000
100000
100000
100000
100000
100000
100000
100000
100000
100000
100000
100000
100000
100000
100000
100000
100000
100000
100000
100000
100000
100000
100000
100000
100000
100000
100000
100000
100000
100000
100000
100000
100000
100000
100000
100000
100000
100000
100000
100000
100000
100000
100000
100000
100000
100000
100000
100000
100000
100000
100000
100000
100000
100000
100000
100000
100000
100000
100000
100000
100000
100000
100000
100000
100000
100000
100000
100000
100000
100000
100000
100000
100000
100000
100000
100000
100000
100000
100000
100000
100000
100000
100000
100000
100000
100000
100000
100000
100000
100000
100000
100000
100000
100000
100000
100000
100000
100000
100000
100000
100000
100000
100000
100000
100000
100000
100000
100000
100000
100000
100000
100000
100000
100000
100000
100000
100000
100000
100000
100000
100000
100000
100000
100000
100000
100000
100000
100000
100000
100000
100000
100000
100000
100000
100000
100000
100000
100000
100000
100000
100000
100000
100000
100000
100000
100000
100000
100000
100000
100000
100000
100000
100000
100000
100000
100000
100000
100000
100000
100000
100000
100000
100000
100000
100000
100000
100000
100000
100000
100000
100000
100000
100000
100000
100000
100000
100000
100000
100000
100000
100000
100000
100000
100000
100000
100000
100000
100000
100000
100000
100000
100000
100000
100000
100000
100000
100000
100000
100000
100000
100000
100000
100000
100000
100000
100000
100000
100000
100000
100000
100000
100000
100000
100000
100000
100000
100000
100000
100000
100000
100000
100000
100000
100000
100000
100000
100000
100000
100000
100000
100000
100000
100000
100000
100000
100000
100000
100000
100000
100000
100000
100000
100000
100000
100000
100000
100000
100000
100000
100000
100000
100000
100000
100000
100000
100000
100000
100000
100000
100000
100000
100000
100000
100000
100000
100000
100000
100000
100000
100000
100000
100000
100000
100000
100000
100000
100000
100000
100000
100000
100000
100000
100000
100000
100000
100000
100000
100000
100000
100000
100000
100000
100000
100000
100000
100000
100000
100000
100000
100000
100000
100000
100000
100000
100000
100000
100000
100000
100000
100000
100000
100000
100000
100000
100000
100000
100000
100000
100000
100000
100000
100000
100000
100000
100000
100000
100000
100000
100000
100000
100000
100000
100000
100000
100000
100000
100000
100000
100000
100000
100000
100000
100000
100000
100000
100000
100000
100000
100000
100000
100000
100000
100000
100000
100000
100000
100000
100000
100000
100000
100000
100000
100000
100000
100000
100000
100000
100000
100000
100000
100000
100000
100000
100000
100000
100000
100000
100000
100000
100000
100000
100000
100000
100000
100000
100000
100000
100000
100000
100000
100000
100000
100000
100000
100000
100000
100000
100000
100000
100000
100000
100000
100000
100000
100000
100000
100000
100000
100000
100000
100000
100000
100000
100000
100000
100000
100000
100000
100000
100000
100000
100000
100000
100000
100000
100000
100000
100000
100000
100000
100000
100000
100000
100000
100000
100000
100000
100000
100000
100000
100000
100000
100000
100000
100000
100000
100000
100000
100000
100000
100000
100000
100000
100000
100000
100000
100000
100000
100000
100000
100000
100000
100000
100000
100000
100000
100000
100000
100000
100000
100000
100000
100000
100000
100000
100000
100000
100000
100000
100000
100000
100000
100000
100000
100000
100000
100000
100000
100000
100000
100000
100000
100000
100000
100000
100000
100000
100000
100000
100000
100000
100000
100000
100000
100000
100000
100000
100000
100000
100000
100000
100000
100000
100000
100000
100000
100000
100000
100000
100000
100000
100000
100000
100000
100000
100000
100000
100000
100000
100000
100000
100000
100000
100000
100000
100000
100000
100000
100000
100000
100000
100000
100000
100000
100000
100000
100000
100000
100000
100000
100000
100000
100000
100000
100000
100000
100000
100000
100000
100000
100000
100000
100000
100000
100000
100000
100000
100000
100000
100000
100000
100000
100000
100000
100000
100000
100000
100000
100000
100000
100000
100000
100000
100000
100000
100000
100000
100000
100000
100000
100000
100000
100000
100000
100000
100000
100000
100000
100000
100000
100000
100000
100000
100000
100000
100000
100000
100000
100000
100000
100000
100000
100000
100000
100000
100000
100000
100000
100000
100000
100000
100000
100000
100000
100000
100000
100000
100000
100000
100000
100000
100000
100000
100000
100000
100000
100000
100000
100000
100000
100000
100000
100000
100000
100000
100000
100000
100000
100000
100000
100000
100000
100000
100000
100000
100000
100000
100000
100000
100000
100000
100000
100000
100000
100000
100000
100000
100000
100000
100000
100000
100000
100000
100000
100000
100000
100000
100000
100000
100000
100000
100000
100000
100000
100000
100000
100000
100000
100000
100000
100000
100000
100000
100000
100000
100000
100000
100000
100000
100000
100000
100000
100000
100000
100000
100000
100000
100000
100000
100000
100000
100000
100000
100000
100000
100000
100000
100000
100000
100000
100000
100000
100000
100000
100000
100000
100000
100000
100000
100000
100000
100000
100000
100000
100000
100000
100000
100000
100000
100000
100000
100000
100000
100000
100000
100000
100000
100000
100000
100000
100000
100000
100000
100000
100000
100000
100000
100000
100000
100000
100000
100000
100000
100000
100000
100000
100000
100000
100000
100000
100000
100000
100000
100000
100000
100000
100000
100000
100000
100000
100000
100000
100000
100000
100000
100000
100000
100000
100000
100000
100000
100000
100000
100000
100000
100000
100000
100000
100000
100000
100000
100000
100000
100000
100000
100000
100000
100000
100000
100000
100000
100000
100000
100000
100000
100000
100000
100000
100000
100000
100000
100000
100000
100000
100000
100000
100000
100000
100000
100000
100000
100000
100000
100000
100000
100000
100000
100000
100000
100000
100000
100000
100000
100000
100000
100000
100000
100000
100000
100000
100000
100000
100000
100000
100000
100000
100000
100000
100000
100000
100000
100000
100000
100000
100000
100000
100000
100000
100000
100000
100000
100000
100000
100000
100000
100000
100000
100000
100000
100000
100000
100000
100000
100000
100000
100000
100000
100000
100000
100000
100000
100000
100000
100000
100000
100000
100000
100000
100000
100000
100000
100000
100000
100000
100000
100000
100000
100000
100000
100000
100000
100000
100000
100000
100000
100000
100000
100000
100000
100000
100000
100000
100000
100000
100000
100000
100000
100000
100000
100000
100000
100000
100000
100000
100000
100000
100000
100000
100000
100000
100000
100000
100000
100000
100000
100000
100000
100000
100000
100000
100000
100000
100000
100000
100000
100000
100000
100000
100000
100000
100000
100000
100000
100000
100000
100000
100000
100000
100000
100000
100000
100000
100000
100000
100000
100000
100000
100000
100000
100000
100000
100000
100000
100000
100000
100000
100000
100000
100000
100000
100000
100000
100000
100000
100000
100000
100000
100000
100000
100000
100000
100000
100000
100000
100000
100000
100000
100000
100000
100000
100000
100000
100000
100000
100000
100000
100000
100000
100000
100000
100000
100000
100000
100000
100000
100000
100000
100000
100000
100000
100000
100000
100000
100000
100000
100000
100000
100000
100000
100000
100000
100000
100000
100000
100000
100000
100000
100000
100000
100000
100000
100000
100000
100000
100000
100000
100000
100000
100000
100000
100000
100000
100000
100000
100000
100000
100000
100000
100000
100000
100000
100000
100000
100000
100000
100000
100000
100000
100000
100000
100000
100000
100000
100000
100000
100000
100000
100000
100000
100000
100000
100000
100000
100000
100000
100000
100000
100000
100000
100000
100000
100000
100000
100000
100000
100000
100000
100000
100000
100000
100000
100000
100000
100000
100000
100000
100000
100000
100000
100000
100000
100000
100000
100000
100000
100000
100000
100000
100000
100000
100000
100000
100000
100000
100000
100000
100000
100000
100000
100000
100000
100000
100000
100000
100000
100000
100000
100000
100000
100000
100000
100000
100000
100000
100000
100000
100000
100000
100000
100000
100000
100000
100000
100000
100000
100000
100000
100000
100000
100000
100000
100000
100000
100000
100000
100000
100000
100000
100000
100000
100000
100000
100000
100000
100000
100000
100000
100000
100000
100000
100000
100000
100000
100000
100000
100000
100000
100000
100000
100000
100000
100000
100000
100000
100000
100000
100000
100000
100000
100000
100000
100000
100000
100000
100000
100000
100000
100000
100000
100000
100000
100000
100000
100000
100000
100000
100000
100000
100000
100000
100000
100000
100000
100000
100000
100000
100000
100000
100000
100000
100000
100000
100000
100000
100000
100000
100000
100000
100000
100000
100000
100000
100000
100000
100000
100000
100000
100000
100000
100000
100000
100000
100000
100000
100000
100000
100000
100000
100000
100000
100000
100000
100000
100000
100000
100000
100000
100000
100000
100000
100000
100000
100000
100000
100000
100000
100000
100000
100000
100000
100000
100000
100000
100000
100000
100000
100000
100000
100000
100000
100000
100000
100000
100000
100000
100000
100000
100000
100000
100000
100000
100000
100000
100000
100000
100000
100000
100000
100000
100000
100000
100000
100000
100000
100000
100000
100000
100000
100000
100000
100000
100000
100000
100000
100000
100000
100000
100000
100000
100000
100000
100000
100000
100000
100000
100000
100000
100000
100000
100000
100000
100000
100000
100000
100000
100000
100000
100000
100000
100000
100000
100000
100000
100000
100000
100000
100000
100000
100000
100000
100000
100000
100000
100000
100000
100000
100000
100000
100000
100000
100000
100000
100000
100000
100000
100000
100000
100000
100000
100000
100000
100000
100000
100000
100000
100000
100000
100000
100000
100000
100000
100000
100000
100000
100000
100000
100000
100000
100000
100000
100000
100000
100000
100000
100000
100000
100000
100000
100000
100000
100000
100000
100000
100000
100000
100000
100000
100000
100000
100000
100000
100000
100000
100000
100000
100000
100000
100000
100000
100000
100000
100000
100000
100000
100000
100000
100000
100000
100000
100000
100000
100000
100000
100000
100000
100000
100000
100000
100000
100000
100000
100000
100000
100000
100000
100000
100000
100000
100000
100000
100000
100000
100000
100000
100000
100000
100000
100000
100000
100000
100000
100000
100000
100000
100000
100000
100000
100000
100000
100000
100000
100000
100000
100000
100000
100000
100000
100000
100000
100000
100000
100000
100000
100000
100000
100000
100000
100000
100000
100000
100000
100000
100000
100000
100000
100000
100000
100000
100000
100000
100000
100000
100000
100000
100000
100000
100000
100000
100000
100000
100000
100000
100000
100000
100000
100000
100000
100000
100000
100000
100000
100000
100000
100000
100000
100000
100000
100000
100000
100000
100000
100000
100000
100000
100000
100000
100000
100000
100000
100000
100000
100000
100000
100000
100000
100000
100000
100000
100000
100000
100000
100000
100000
100000
100000
100000
100000
100000
100000
100000
100000
100000
100000
100000
100000
100000
100000
100000
100000
100000
100000
100000
100000
100000
100000
100000
100000
100000
100000
100000
100000
100000
100000
100000
100000
100000
100000
100000
100000
100000
100000
100000
100000
100000
100000
100000
100000
100000
100000
100000
100000
100000
100000
100000
100000
100000
100000
100000
100000
100000
100000
100000
100000
100000
100000
100000
100000
100000
100000
100000
100000
100000
100000
100000
100000
100000
100000
100000
100000
100000
100000
100000
100000
100000
100000
100000
100000
100000
100000
100000
100000
100000
100000
100000
100000
100000
100000
100000
100000
100000
100000
100000
100000
100000
100000
100000
100000
100000
100000
100000
100000
100000
100000
100000
100000
100000
100000
100000
100000
100000
100000
100000
100000
100000
100000
100000
100000
100000
100000
100000
100000
100000
100000
100000
100000
100000
100000
100000
100000
100000
100000
100000
100000
100000
100000
100000
100000
100000
100000
100000
100000
100000
100000
100000
100000
100000
100000
100000
100000
100000
100000
100000
100000
100000
100000
100000
100000
100000
100000
100000
100000
100000
100000
100000
100000
100000
100000
100000
100000
100000
100000
100000
100000
100000
100000
100000
100000
100000
100000
100000
100000
100000
100000
100000
100000
100000
100000
100000
100000
100000
100000
100000
100000
100000
100000
100000
100000
100000
100000
100000
100000
100000
100000
100000
100000
100000
100000
100000
100000
100000
100000
100000
100000
100000
100000
100000
100000
100000
100000
100000
100000
100000
100000
100000
100000
100000
100000
100000
100000
100000
100000
100000
100000
100000
100000
100000
100000
100000
100000
100000
100000
100000
100000
100000
100000
100000
100000
100000
100000
100000
100000
100000
100000
100000
100000
100000
100000
100000
100000
100000
100000
100000
100000
100000
100000
100000
100000
100000
100000
100000
100000
100000
100000
100000
100000
100000
100000
100000
100000
100000
100000
100000
100000
100000
100000
100000
100000
100000
100000
100000
100000
100000
100000
100000
100000
100000
100000
100000
100000
100000
100000
100000
100000
100000
100000
100000
100000
100000
100000
100000
100000
100000
100000
100000
100000
100000
100000
100000
100000
100000
100000
100000
100000
100000
100000
100000
100000
100000
100000
100000
100000
100000
100000
100000
100000
100000
100000
100000
100000
100000
100000
100000
100000
100000
100000
100000
100000
100000
100000
100000
100000
100000
100000
100000
100000
100000
100000
100000
100000
100000
100000
100000
100000
100000
100000
100000
100000
100000
100000
100000
100000
100000
100000
100000
100000
100000
100000
100000
100000
100000
100000
100000
100000
100000
100000
100000
100000
100000
100000
100000
100000
100000
100000
100000
100000
100000
100000
100000
100000
100000
100000
100000
100000
100000
100000
100000
100000
100000
100000
100000
100000
100000
100000
100000
100000
100000
100000
100000
100000
100000
100000
100000
100000
100000
100000
100000
100000
100000
100000
100000
100000
100000
100000
100000
100000
100000
100000
100000
100000
100000
100000
100000
100000
100000
100000
100000
100000
100000
100000
100000
100000
100000
100000
100000
100000
100000
100000
100000
100000
100000
100000
100000
100000
100000
100000
100000
100000
100000
100000
100000
100000
100000
100000
100000
100000
100000
100000
100000
100000
100000
100000
100000
100000
100000
100000
100000
100000
100000
100000
100000
100000
100000
100000
100000
100000
100000
100000
100000
100000
100000
100000
100000
100000
100000
100000
100000
100000
100000
100000
100000
100000
100000
100000
100000
100000
100000
100000
100000
100000
100000
100000
100000
100000
100000
100000
100000
100000
100000
100000
100000
100000
100000
100000
100000
100000
100000
100000
100000
100000
100000
100000
100000
100000
100000
100000
100000
100000
100000
100000
100000
100000
100000
100000
100000
100000
100000
100000
100000
100000
100000
100000
100000
100000
100000
100000
100000
100000
100000
100000
100000
100000
100000
100000
100000
100000
100000
100000
100000
100000
100000
100000
100000
100000
100000
100000
100000
100000
100000
100000
100000
100000
100000
100000
100000
100000
100000
100000
100000
100000
100000
100000
100000
100000
100000
100000
100000
100000
100000
100000
100000
100000
100000
100000
100000
100000
100000
100000
100000
100000
100000
100000
100000
100000
100000
100000
100000
100000
100000
100000
100000
100000
100000
100000
100000
100000
100000
100000
100000
100000
100000
100000
100000
100000
100000
100000
100000
100000
100000
100000
100000
100000
100000
100000
100000
100000
100000
100000
100000
100000
100000
100000
100000
100000
100000
100000
100000
100000
100000
100000
100000
100000
100000
100000
100000
100000
100000
100000
100000
100000
100000
100000
100000
100000
100000
100000
100000
99999.9
99999.9
99999.9
99999.9
99999.9
99999.8
99999.8
99999.8
99999.7
99999.7
99999.6
99999.6
99999.5
99999.4
99999.3
99999.1
99999
99998.8
99998.6
99998.3
99998
99997.7
99997.3
99996.9
99996.4
99995.8
99995.2
99994.4
99993.5
99992.6
99991.5
99990.2
99988.8
99987.2
99985.4
99983.4
99981.2
99978.7
99975.9
99972.8
99969.3
99965.5
99961.2
99956.5
99951.4
99945.7
99939.5
99932.7
99925.3
99917.2
99908.4
99898.9
99888.5
99877.4
99865.3
99852.4
99838.5
99823.6
99807.7
99790.6
99772.5
99753.2
99732.8
99711.1
99688.2
99664
99638.5
99611.7
99583.5
99554
99523.1
99490.8
99457.1
99422
99385.5
99347.5
99308.2
99267.5
99225.3
99181.8
99136.8
99090.5
99042.9
98993.9
98943.5
98891.9
98839
98784.8
98729.4
98672.8
98615
98556
98495.9
98434.7
98372.4
98309
98244.6
98179.2
98112.9
98045.6
97977.4
97908.3
97838.4
97767.6
97696
97623.6
97550.5
97476.6
97402.1
97326.8
97250.9
97174.4
97097.2
97019.5
96941.2
96862.3
96783
96703.1
96622.7
96541.9
96460.5
96378.8
96296.6
96214.1
96131.1
96047.8
95964.1
95880.1
95795.7
95711.1
95626.1
95540.8
95455.3
95369.4
95283.4
95197
95110.5
95023.7
94936.6
94849.4
94762
94674.4
94586.6
94498.6
94410.4
94322.1
94233.7
94145.1
94056.3
93967.4
93878.4
93789.3
93700
93610.7
93521.2
93431.6
93341.9
93252.2
93162.4
93072.4
92982.4
92892.4
92802.2
92712
92621.7
92531.4
92441
92350.6
92260.1
92169.6
92079
91988.5
91897.8
91807.2
91716.5
91625.7
91535
91444.2
91353.5
91262.7
91171.9
91081
90990.2
90899.4
90808.5
90717.7
90626.8
90536
90445.1
90354.3
90263.5
90172.6
90081.8
89991
89900.2
89809.5
89718.7
89628
89537.2
89446.5
89355.9
89265.2
89174.6
89084
88993.4
88902.8
88812.3
88721.8
88631.3
88540.9
88450.5
88360.1
88269.8
88179.5
88089.3
87999
87908.9
87818.7
87728.6
87638.6
87548.5
87458.6
87368.6
87278.7
87188.9
87099.1
87009.3
86919.6
86830
86740.4
86650.8
86561.3
86471.8
86382.4
86293.1
86203.8
86114.5
86025.3
85936.1
85847
85758
85669
85580.1
85491.2
85402.3
85313.6
85224.9
85136.2
85047.6
84959.1
84870.6
84782.1
84693.8
84605.5
84517.2
84429
84340.9
84252.8
84164.8
84076.8
83989
83901.1
83813.4
83725.6
83638
83550.4
83462.9
83375.4
83288
83200.7
83113.4
83026.2
82939.1
82852
82765
82678.1
82591.2
82504.4
82417.6
82330.9
82244.3
82157.7
82071.2
81984.8
81898.4
81812.1
81725.9
81639.7
81553.6
81467.6
81381.6
81295.7
81209.9
81124.1
81038.4
80952.8
80867.2
80781.8
80696.3
80611
80525.7
80440.4
80355.3
80270.2
80185.2
80100.2
80015.3
79930.5
79845.8
79761.1
79676.5
79591.9
79507.5
79423
79338.7
79254.4
79170.2
79086.1
79002
78918.1
78834.1
78750.3
78666.5
78582.8
78499.1
78415.6
78332
78248.6
78165.2
78081.9
77998.7
77915.6
77832.5
77749.4
77666.5
77583.6
77500.8
77418.1
77335.4
77252.8
77170.3
77087.8
77005.4
76923.1
76840.8
76758.7
76676.5
76594.5
76512.5
76430.6
76348.8
76267
76185.3
76103.7
76022.2
75940.7
75859.3
75777.9
75696.7
75615.5
75534.3
75453.3
75372.3
75291.4
75210.5
75129.8
75049
74968.4
74887.8
74807.3
74726.9
74646.6
74566.3
74486.1
74405.9
74325.8
74245.8
74165.9
74086
74006.2
73926.5
73846.8
73767.3
73687.7
73608.3
73528.9
73449.6
73370.4
73291.2
73212.1
73133.1
73054.1
72975.3
72896.4
72817.7
72739
72660.4
72581.9
72503.4
72425
72346.7
72268.4
72190.3
72112.1
72034.1
71956.1
71878.2
71800.4
71722.6
71644.9
71567.3
71489.7
71412.2
71334.8
71257.5
71180.2
71103
71025.8
70948.8
70871.8
70794.8
70718
70641.2
70564.4
70487.8
70411.2
70334.7
70258.2
70181.8
70105.5
70029.3
69953.1
69877
69801
69725
69649.1
69573.3
69497.5
69421.8
69346.2
69270.7
69195.2
69119.8
69044.4
68969.2
68893.9
68818.8
68743.7
68668.7
68593.8
68518.9
68444.1
68369.4
68294.8
68220.2
68145.6
68071.2
67996.8
67922.5
67848.2
67774
67699.9
67625.9
67551.9
67478
67404.1
67330.4
67256.7
67183
67109.5
67036
66962.5
66889.1
66815.8
66742.6
66669.5
66596.4
66523.3
66450.4
66377.5
66304.6
66231.9
66159.2
66086.6
66014
65941.5
65869.1
65796.7
65724.4
65652.2
65580.1
65508
65435.9
65364
65292.1
65220.3
65148.5
65076.8
65005.2
64933.7
64862.2
64790.8
64719.4
64648.1
64576.9
64505.7
64434.6
64363.6
64292.7
64221.8
64151
64080.2
64009.5
63938.9
63868.3
63797.8
63727.4
63657
63586.7
63516.5
63446.3
63376.2
63306.2
63236.2
63166.3
63096.5
63026.7
62957
62887.4
62817.8
62748.3
62678.9
62609.5
62540.2
62470.9
62401.7
62332.6
62263.6
62194.6
62125.7
62056.8
61988
61919.3
61850.6
61782
61713.5
61645
61576.6
61508.3
61440
61371.8
61303.6
61235.6
61167.6
61099.6
61031.7
60963.9
60896.1
60828.4
60760.8
60693.2
60625.7
60558.3
60490.9
60423.6
60356.4
60289.2
60222.1
60155
60088
60021.1
59954.2
59887.4
59820.7
59754
59687.4
59620.8
59554.4
59487.9
59421.6
59355.3
59289
59222.9
59156.8
59090.7
59024.7
58958.8
58893
58827.2
58761.5
58695.8
58630.2
58564.7
58499.2
58433.8
58368.4
58303.1
58237.9
58172.7
58107.6
58042.6
57977.6
57912.7
57847.8
57783.1
57718.3
57653.7
57589.1
57524.5
57460
57395.6
57331.3
57267
57202.7
57138.6
57074.4
57010.4
56946.4
56882.5
56818.6
56754.8
56691.1
56627.4
56563.8
56500.2
56436.7
56373.3
56309.9
56246.6
56183.4
56120.2
56057
55994
55931
55868
55805.1
55742.3
55679.6
55616.8
55554.2
55491.6
55429.1
55366.6
55304.2
55241.9
55179.6
55117.4
55055.2
54993.1
54931.1
54869.1
54807.2
54745.4
54683.6
54621.8
54560.1
54498.5
54437
54375.5
54314
54252.6
54191.3
54130.1
54068.9
54007.7
53946.6
53885.6
53824.7
53763.8
53702.9
53642.1
53581.4
53520.7
53460.1
53399.6
53339.1
53278.7
53218.3
53158
53097.7
53037.5
52977.4
52917.3
52857.3
52797.3
52737.4
52677.6
52617.8
52558.1
52498.4
52438.8
52379.3
52319.8
52260.3
52201
52141.7
52082.4
52023.2
51964.1
51905
51845.9
51787
51728.1
51669.2
51610.4
51551.7
51493
51434.4
51375.8
51317.3
51258.9
51200.5
51142.1
51083.9
51025.6
50967.5
50909.4
50851.3
50793.3
50735.4
50677.5
50619.7
50562
50504.3
50446.6
50389
50331.5
50274
50216.6
50159.2
50101.9
50044.7
49987.5
49930.4
49873.3
49816.3
49759.3
49702.4
49645.5
49588.7
49532
49475.3
49418.7
49362.1
49305.6
49249.1
49192.7
49136.4
49080.1
49023.9
48967.7
48911.5
48855.5
48799.5
48743.5
48687.6
48631.8
48576
48520.2
48464.6
48408.9
48353.4
48297.9
48242.4
48187
48131.7
48076.4
48021.1
47966
47910.8
47855.8
47800.8
47745.8
47690.9
47636
47581.3
47526.5
47471.8
47417.2
47362.6
47308.1
47253.6
47199.2
47144.9
47090.6
47036.3
46982.1
46928
46873.9
46819.9
46765.9
46712
46658.1
46604.3
46550.6
46496.9
46443.2
46389.6
46336.1
46282.6
46229.2
46175.8
46122.5
46069.2
46016
45962.8
45909.7
45856.6
45803.6
45750.7
45697.8
45645
45592.2
45539.4
45486.8
45434.1
45381.6
45329
45276.6
45224.2
45171.8
45119.5
45067.2
45015
44962.9
44910.8
44858.8
44806.8
44754.8
44703
44651.1
44599.4
44547.6
44496
44444.3
44392.8
44341.3
44289.8
44238.4
44187.1
44135.8
44084.5
44033.3
43982.2
43931.1
43880
43829.1
43778.1
43727.2
43676.4
43625.6
43574.9
43524.2
43473.6
43423.1
43372.6
43322.1
43271.7
43221.3
43171
43120.8
43070.6
43020.4
42970.3
42920.3
42870.3
42820.3
42770.4
42720.6
42670.8
42621.1
42571.4
42521.8
42472.2
42422.7
42373.2
42323.8
42274.4
42225.1
42175.8
42126.6
42077.4
42028.3
41979.2
41930.2
41881.3
41832.4
41783.5
41734.7
41686
41637.3
41588.6
41540
41491.5
41443
41394.5
41346.1
41297.8
41249.5
41201.2
41153
41104.9
41056.8
41008.8
40960.8
40912.9
40865
40817.1
40769.4
40721.6
40674
40626.3
40578.8
40531.2
40483.8
40436.3
40389
40341.6
40294.4
40247.1
40200
40152.9
40105.8
40058.8
40011.8
39964.9
39918
39871.2
39824.5
39777.8
39731.1
39684.5
39637.9
39591.4
39545
39498.6
39452.2
39405.9
39359.7
39313.5
39267.3
39221.2
39175.2
39129.2
39083.2
39037.3
38991.5
38945.7
38900
38854.3
38808.6
38763
38717.5
38672
38626.6
38581.2
38535.9
38490.6
38445.4
38400.2
38355.1
38310
38265
38220
38175.1
38130.2
38085.4
38040.6
37995.9
37951.3
37906.6
37862.1
37817.6
37773.1
37728.7
37684.4
37640.1
37595.8
37551.6
37507.5
37463.4
37419.4
37375.4
37331.5
37287.6
37243.8
37200
37156.3
37112.6
37069
37025.4
36981.9
36938.5
36895.1
36851.7
36808.4
36765.2
36722
36678.9
36635.8
36592.8
36549.8
36506.9
36464
36421.2
36378.5
36335.8
36293.1
36250.5
36208
36165.5
36123.1
36080.7
36038.4
35996.2
35954
35911.8
35869.8
35827.7
35785.8
35743.9
35702
35660.2
35618.5
35576.8
35535.2
35493.6
35452.1
35410.7
35369.3
35328
35286.7
35245.5
35204.4
35163.3
35122.3
35081.3
35040.4
34999.6
34958.8
34918.1
34877.5
34836.9
34796.4
34755.9
34715.5
34675.2
34635
34594.8
34554.7
34514.6
34474.6
34434.7
34394.9
34355.1
34315.4
34275.7
34236.2
34196.7
34157.3
34117.9
34078.6
34039.5
34000.3
33961.3
33922.3
33883.4
33844.6
33805.9
33767.2
33728.7
33690.2
33651.8
33613.4
33575.2
33537
33499
33461
33423.1
33385.3
33347.6
33310
33272.5
33235.1
33197.7
33160.5
33123.4
33086.4
33049.4
33012.6
32975.9
32939.3
32902.8
32866.4
32830.2
32794
32758
32722
32686.3
32650.6
32615
32579.6
32544.3
32509.2
32474.1
32439.3
32404.5
32369.9
32335.5
32301.2
32267
32233
32199.2
32165.5
32132
32098.6
32065.5
32032.5
31999.6
31967
31934.6
31902.3
31870.3
31838.4
31806.7
31775.3
31744.1
31713.1
31682.3
31651.7
31621.4
31591.3
31561.5
31531.9
31502.6
31473.5
31444.7
31416.2
31387.9
31360
31332.3
31304.9
31277.9
31251.1
31224.7
31198.6
31172.8
31147.4
31122.3
31097.5
31073.1
31049.1
31025.5
31002.2
30979.3
30956.8
30934.7
30913
30891.8
30870.9
30850.5
30830.5
30810.9
30791.7
30773
30754.8
30737
30719.6
30702.7
30686.3
30670.3
30654.8
30639.8
30625.2
30611.1
30597.4
30584.3
30571.6
30559.3
30547.5
30536.2
30525.3
30514.8
30504.8
30495.2
30486.1
30477.4
30469
30461.1
30453.6
30446.5
30439.7
30433.3
30427.3
30421.6
30416.3
30411.2
30406.5
30402.1
30397.9
30394.1
30390.5
30387.1
30384
30381.1
30378.4
30375.9
30373.7
30371.5
30369.6
30367.8
30366.2
30364.7
30363.3
30362.1
30361
30359.9
30359
30358.2
30357.4
30356.7
30356.1
30355.5
30355
30354.6
30354.2
30353.8
30353.5
30353.2
30352.9
30352.7
30352.5
30352.3
30352.1
30352
30351.8
30351.7
30351.6
30351.5
30351.4
30351.4
30351.3
30351.2
30351.2
30351.1
30351.1
30351.1
30351
30351
30351
30350.9
30350.9
30350.9
30350.9
30350.8
30350.8
30350.8
30350.8
30350.8
30350.8
30350.8
30350.8
30350.8
30350.7
30350.7
30350.7
30350.7
30350.7
30350.7
30350.7
30350.7
30350.7
30350.7
30350.7
30350.7
30350.7
30350.7
30350.7
30350.7
30350.7
30350.7
30350.7
30350.7
30350.7
30350.7
30350.7
30350.7
30350.7
30350.7
30350.7
30350.7
30350.7
30350.7
30350.7
30350.7
30350.7
30350.7
30350.7
30350.7
30350.7
30350.7
30350.7
30350.7
30350.7
30350.7
30350.7
30350.7
30350.7
30350.7
30350.7
30350.7
30350.7
30350.7
30350.7
30350.7
30350.7
30350.7
30350.7
30350.7
30350.7
30350.7
30350.7
30350.7
30350.7
30350.7
30350.7
30350.7
30350.7
30350.7
30350.7
30350.7
30350.7
30350.7
30350.7
30350.7
30350.7
30350.7
30350.6
30350.6
30350.6
30350.6
30350.6
30350.6
30350.6
30350.6
30350.6
30350.6
30350.6
30350.6
30350.6
30350.6
30350.6
30350.6
30350.6
30350.6
30350.6
30350.6
30350.6
30350.6
30350.6
30350.6
30350.6
30350.6
30350.6
30350.6
30350.6
30350.6
30350.6
30350.6
30350.6
30350.6
30350.6
30350.6
30350.6
30350.6
30350.5
30350.5
30350.5
30350.5
30350.5
30350.5
30350.5
30350.5
30350.5
30350.5
30350.5
30350.5
30350.5
30350.5
30350.5
30350.5
30350.5
30350.5
30350.5
30350.5
30350.5
30350.5
30350.5
30350.5
30350.5
30350.5
30350.5
30350.5
30350.5
30350.5
30350.5
30350.5
30350.5
30350.5
30350.5
30350.5
30350.5
30350.5
30350.5
30350.5
30350.5
30350.5
30350.5
30350.5
30350.5
30350.5
30350.5
30350.5
30350.5
30350.5
30350.5
30350.5
30350.5
30350.5
30350.5
30350.5
30350.5
30350.4
30350.4
30350.4
30350.4
30350.4
30350.4
30350.4
30350.4
30350.4
30350.4
30350.4
30350.4
30350.4
30350.4
30350.4
30350.4
30350.4
30350.4
30350.4
30350.4
30350.4
30350.4
30350.4
30350.4
30350.4
30350.4
30350.4
30350.4
30350.4
30350.4
30350.4
30350.4
30350.4
30350.4
30350.4
30350.4
30350.4
30350.4
30350.4
30350.4
30350.4
30350.4
30350.4
30350.4
30350.4
30350.4
30350.4
30350.4
30350.4
30350.4
30350.4
30350.4
30350.4
30350.4
30350.4
30350.4
30350.4
30350.4
30350.4
30350.4
30350.4
30350.4
30350.4
30350.4
30350.4
30350.4
30350.4
30350.4
30350.4
30350.4
30350.4
30350.4
30350.4
30350.4
30350.4
30350.4
30350.4
30350.4
30350.4
30350.4
30350.4
30350.4
30350.4
30350.4
30350.4
30350.4
30350.4
30350.4
30350.4
30350.4
30350.4
30350.4
30350.4
30350.4
30350.4
30350.4
30350.4
30350.4
30350.4
30350.4
30350.4
30350.4
30350.3
30350.3
30350.3
30350.3
30350.3
30350.3
30350.3
30350.3
30350.3
30350.3
30350.3
30350.3
30350.3
30350.3
30350.3
30350.3
30350.3
30350.3
30350.3
30350.3
30350.3
30350.3
30350.3
30350.3
30350.3
30350.3
30350.3
30350.3
30350.3
30350.3
30350.3
30350.3
30350.3
30350.3
30350.3
30350.3
30350.3
30350.3
30350.3
30350.3
30350.3
30350.3
30350.3
30350.3
30350.3
30350.3
30350.3
30350.3
30350.3
30350.3
30350.3
30350.3
30350.3
30350.3
30350.3
30350.3
30350.3
30350.3
30350.3
30350.3
30350.3
30350.3
30350.3
30350.3
30350.3
30350.3
30350.3
30350.3
30350.3
30350.3
30350.3
30350.3
30350.3
30350.3
30350.3
30350.3
30350.3
30350.3
30350.3
30350.3
30350.3
30350.3
30350.3
30350.3
30350.3
30350.3
30350.3
30350.3
30350.3
30350.3
30350.3
30350.3
30350.3
30350.3
30350.3
30350.3
30350.3
30350.3
30350.3
30350.3
30350.3
30350.3
30350.3
30350.3
30350.3
30350.3
30350.3
30350.3
30350.3
30350.3
30350.3
30350.3
30350.3
30350.3
30350.3
30350.3
30350.3
30350.3
30350.3
30350.3
30350.3
30350.3
30350.3
30350.3
30350.3
30350.3
30350.3
30350.3
30350.3
30350.3
30350.3
30350.3
30350.3
30350.3
30350.3
30350.3
30350.3
30350.3
30350.3
30350.3
30350.3
30350.3
30350.3
30350.3
30350.3
30350.3
30350.3
30350.3
30350.3
30350.3
30350.3
30350.3
30350.3
30350.3
30350.3
30350.3
30350.3
30350.3
30350.3
30350.3
30350.3
30350.3
30350.3
30350.3
30350.3
30350.3
30350.3
30350.3
30350.3
30350.3
30350.3
30350.3
30350.3
30350.3
30350.3
30350.3
30350.3
30350.3
30350.3
30350.3
30350.3
30350.3
30350.3
30350.3
30350.3
30350.3
30350.3
30350.3
30350.3
30350.3
30350.3
30350.3
30350.3
30350.3
30350.3
30350.3
30350.3
30350.3
30350.3
30350.3
30350.3
30350.3
30350.3
30350.3
30350.3
30350.3
30350.3
30350.3
30350.2
30350.2
30350.2
30350.2
30350.2
30350.2
30350.2
30350.2
30350.2
30350.2
30350.2
30350.2
30350.2
30350.2
30350.2
30350.2
30350.2
30350.2
30350.2
30350.2
30350.2
30350.2
30350.2
30350.2
30350.2
30350.2
30350.2
30350.2
30350.2
30350.2
30350.2
30350.2
30350.2
30350.2
30350.2
30350.2
30350.2
30350.2
30350.2
30350.2
30350.2
30350.2
30350.2
30350.2
30350.2
30350.2
30350.2
30350.2
30350.2
30350.2
30350.2
30350.2
30350.2
30350.2
30350.2
30350.2
30350.2
30350.2
30350.2
30350.2
30350.2
30350.2
30350.2
30350.2
30350.2
30350.2
30350.2
30350.2
30350.2
30350.2
30350.2
30350.2
30350.2
30350.2
30350.2
30350.2
30350.2
30350.2
30350.2
30350.2
30350.2
30350.2
30350.2
30350.2
30350.2
30350.2
30350.2
30350.2
30350.2
30350.2
30350.2
30350.2
30350.2
30350.2
30350.2
30350.2
30350.2
30350.2
30350.2
30350.2
30350.2
30350.2
30350.2
30350.2
30350.2
30350.2
30350.2
30350.2
30350.2
30350.2
30350.2
30350.2
30350.2
30350.2
30350.2
30350.2
30350.2
30350.2
30350.2
30350.2
30350.2
30350.2
30350.2
30350.2
30350.2
30350.2
30350.2
30350.2
30350.2
30350.2
30350.2
30350.2
30350.2
30350.2
30350.2
30350.2
30350.2
30350.2
30350.2
30350.2
30350.2
30350.2
30350.2
30350.2
30350.2
30350.2
30350.2
30350.2
30350.2
30350.2
30350.2
30350.2
30350.2
30350.2
30350.2
30350.2
30350.2
30350.2
30350.2
30350.2
30350.2
30350.2
30350.2
30350.2
30350.2
30350.2
30350.2
30350.2
30350.2
30350.2
30350.2
30350.2
30350.2
30350.2
30350.2
30350.2
30350.2
30350.2
30350.2
30350.2
30350.2
30350.2
30350.2
30350.2
30350.2
30350.2
30350.2
30350.2
30350.2
30350.2
30350.2
30350.2
30350.2
30350.2
30350.2
30350.2
30350.2
30350.2
30350.2
30350.2
30350.2
30350.2
30350.2
30350.2
30350.2
30350.2
30350.2
30350.2
30350.2
30350.2
30350.2
30350.2
30350.2
30350.2
30350.2
30350.2
30350.2
30350.2
30350.2
30350.2
30350.2
30350.2
30350.2
30350.2
30350.2
30350.2
30350.2
30350.2
30350.2
30350.2
30350.2
30350.2
30350.2
30350.2
30350.2
30350.2
30350.2
30350.2
30350.2
30350.2
30350.2
30350.2
30350.2
30350.2
30350.2
30350.2
30350.2
30350.2
30350.2
30350.2
30350.2
30350.2
30350.2
30350.2
30350.2
30350.2
30350.2
30350.2
30350.2
30350.2
30350.2
30350.2
30350.2
30350.2
30350.2
30350.2
30350.2
30350.2
30350.2
30350.2
30350.2
30350.2
30350.2
30350.2
30350.2
30350.2
30350.2
30350.2
30350.2
30350.2
30350.2
30350.2
30350.2
30350.2
30350.2
30350.2
30350.2
30350.2
30350.2
30350.2
30350.2
30350.2
30350.2
30350.2
30350.2
30350.2
30350.2
30350.2
30350.2
30350.2
30350.2
30350.2
30350.2
30350.2
30350.2
30350.2
30350.2
30350.2
30350.2
30350.2
30350.2
30350.2
30350.2
30350.2
30350.2
30350.2
30350.2
30350.1
30350.1
30350.1
30350.1
30350.1
30350.1
30350.1
30350.1
30350.1
30350.1
30350.1
30350.1
30350.1
30350.1
30350.1
30350.1
30350
30350
30350
30350
30350
30350
30350
30350
30350
30350
30350
30350
30350
30350
30350
30350
30350
30350
30350
30350
30350
30350
30350
30350.1
30350.1
30350.1
30350.1
30350.1
30350.1
30350.1
30350.2
30350.2
30350.2
30350.2
30350.2
30350.2
30350.2
30350.2
30350.2
30350.2
30350.2
30350.2
30350.2
30350.2
30350.2
30350.2
30350.2
30350.2
30350.2
30350.2
30350.2
30350.2
30350.2
30350.2
30350.2
30350.2
30350.2
30350.2
30350.2
30350.2
30350.2
30350.2
30350.2
30350.2
30350.2
30350.1
30350.1
30350.1
30350.1
30350.1
30350.1
30350.1
30350.1
30350.1
30350.1
30350.1
30350.1
30350.1
30350.1
30350.1
30350.1
30350.1
30350.1
30350.1
30350.1
30350.1
30350.1
30350.1
30350.1
30350.1
30350.1
30350.1
30350.1
30350.1
30350.1
30350.1
30350.1
30350.1
30350.1
30350.1
30350.1
30350.1
30350.1
30350.1
30350.1
30350.1
30350.1
30350.1
30350.1
30350.1
30350.1
30350.1
30350.1
30350.1
30350.1
30350.1
30350.1
30350.1
30350.1
30350.1
30350.1
30350.1
30350.1
30350.1
30350.1
30350.1
30350.1
30350.1
30350.1
30350.1
30350.1
30350.1
30350.1
30350.1
30350.1
30350.1
30350.1
30350.1
30350.1
30350.1
30350.1
30350.1
30350.1
30350.1
30350.1
30350.1
30350.1
30350.1
30350.1
30350.1
30350.1
30350.1
30350.1
30350.1
30350.1
30350.1
30350.1
30350.1
30350.1
30350.1
30350.1
30350.1
30350.1
30350.1
30350.1
30350.1
30350.1
30350.1
30350.1
30350.1
30350.1
30350.1
30350.1
30350.1
30350.1
30350.1
30350.1
30350.1
30350.1
30350.1
30350.1
30350.1
30350.1
30350.1
30350.1
30350.1
30350.1
30350.1
30350.1
30350.1
30350.1
30350.1
30350.1
30350.1
30350.1
30350.1
30350.1
30350.1
30350.1
30350.1
30350.1
30350.1
30350.1
30350.1
30350.1
30350.1
30350.1
30350.1
30350.1
30350.1
30350.1
30350.1
30350.1
30350.1
30350.1
30350.1
30350.1
30350.1
30350.1
30350.1
30350.1
30350.1
30350.1
30350.1
30350.1
30350.1
30350.1
30350.1
30350.1
30350.1
30350.1
30350.1
30350.1
30350.1
30350.1
30350.1
30350.1
30350.1
30350.1
30350.1
30350.1
30350.1
30350.1
30350.1
30350.1
30350.1
30350.1
30350.1
30350.1
30350.1
30350.1
30350.1
30350.1
30350.1
30350.1
30350.1
30350.1
30350.1
30350.1
30350.1
30350.1
30350.1
30350.1
30350.1
30350.1
30350.1
30350.1
30350.1
30350.1
30350.1
30350.1
30350.1
30350.1
30350.1
30350.1
30350.1
30350.1
30350.1
30350.1
30350.1
30350.1
30350.1
30350.1
30350.1
30350.1
30350.1
30350.1
30350.1
30350.1
30350.1
30350.1
30350.1
30350.1
30350.1
30350.1
30350.1
30350.1
30350.1
30350.1
30350.1
30350.1
30350.1
30350.1
30350.1
30350.1
30350.1
30350.1
30350.1
30350.1
30350.1
30350.1
30350.1
30350.1
30350.1
30350.1
30350.1
30350.1
30350.1
30350.1
30350.1
30350.1
30350.1
30350.1
30350.1
30350.1
30350.1
30350.1
30350.1
30350.1
30350.1
30350.1
30350.1
30350.1
30350.1
30350.1
30350.1
30350.1
30350.1
30350.1
30350.1
30350.1
30350.1
30350.1
30350.1
30350.1
30350.1
30350.1
30350.1
30350.1
30350.1
30350.1
30350.1
30350.1
30350.1
30350.1
30350.1
30350.1
30350.1
30350.1
30350.1
30350.1
30350.1
30350.1
30350.1
30350.1
30350.1
30350.1
30350.1
30350.1
30350.1
30350.1
30350.1
30350.1
30350.1
30350.1
30350.1
30350.1
30350.1
30350.1
30350.1
30350.1
30350.1
30350.1
30350.1
30350.1
30350
30350
30350
30350
30350
30350
30350
30350
30350
30350
30350
30350
30350
30350
30350
30350
30350
30350
30350
30350
30350
30350
30350
30350
30350
30350
30350
30350
30350
30350
30350
30350
30350
30350
30350
30350
30350
30350
30350
30350
30350
30350
30350
30350
30350
30350
30350
30350
30350
30350
30350
30350
30350
30350
30350
30350
30350
30350
30350
30350
30350
30350
30350
30350
30350
30350
30350
30350
30350
30350
30350
30350
30350
30350
30350
30350
30350
30350
30350
30350
30350
30350
30350
30350
30350
30350
30350
30350
30350
30350
30350
30350
30350
30350
30350
30350
30350
30350
30350
30350
30350
30350
30350
30350
30350
30350
30350
30350
30350
30350
30350
30350
30350
30350
30350
30350
30350
30350
30350
30350
30350
30350
30350
30350
30350
30350
30350
30350
30350
30350
30350
30350
30350
30350
30350
30350
30350
30350
30350
30350
30350
30350
30350
30350
30350
30350
30350
30350
30350
30350
30350
30350
30350
30350
30350
30350
30350
30350
30350
30350
30350
30350
30350
30350
30350
30350
30350
30350
30350
30350
30350
30350
30350
30350
30350
30350
30350
30350
30350
30350
30350
30350
30350
30350
30350
30350
30350
30350
30350
30350
30350
30350
30350
30350
30349.9
30349.9
30349.9
30349.9
30349.9
30349.9
30349.9
30349.9
30349.9
30349.9
30349.9
30349.9
30349.9
30349.9
30349.9
30349.9
30349.9
30349.9
30349.9
30349.9
30349.9
30349.9
30349.9
30349.9
30349.9
30349.9
30349.9
30349.9
30349.9
30349.9
30349.9
30349.9
30349.9
30349.9
30349.9
30349.9
30349.9
30349.9
30349.9
30349.9
30349.9
30349.9
30349.9
30349.9
30349.9
30349.9
30349.9
30349.9
30349.9
30349.9
30349.9
30349.9
30349.9
30349.9
30349.9
30349.9
30349.9
30349.9
30349.9
30349.9
30349.9
30349.9
30349.9
30349.9
30349.9
30349.9
30349.9
30349.9
30349.9
30349.9
30349.9
30349.9
30349.9
30349.9
30349.9
30349.9
30349.9
30349.9
30349.9
30349.9
30349.9
30349.9
30349.9
30349.9
30349.9
30349.9
30349.9
30349.9
30349.9
30349.9
30349.8
30349.8
30349.8
30349.8
30349.8
30349.8
30349.9
30349.9
30349.9
30349.9
30349.9
30349.9
30349.9
30349.9
30349.9
30349.9
30349.9
30349.8
30349.8
30349.8
30349.8
30349.8
30349.8
30349.8
30349.8
30349.8
30349.8
30349.8
30349.8
30349.8
30349.9
30349.9
30349.9
30349.9
30349.9
30349.9
30349.9
30349.9
30349.8
30349.8
30349.8
30349.8
30349.8
30349.8
30349.8
30349.8
30349.8
30349.8
30349.8
30349.8
30349.8
30349.8
30349.9
30349.9
30349.9
30349.9
30349.9
30349.8
30349.8
30349.8
30349.8
30349.8
30349.7
30349.7
30349.7
30349.7
30349.7
30349.7
30349.7
30349.7
30349.8
30349.8
30349.8
30349.8
30349.9
30349.9
30349.9
30349.9
30349.9
30349.9
30349.8
30349.8
30349.7
30349.7
30349.6
30349.6
30349.6
30349.6
30349.6
30349.6
30349.7
30349.7
30349.8
30349.8
30349.9
30349.9
30349.9
30349.9
30349.9
30349.9
30349.8
30349.8
30349.7
30349.6
30349.6
30349.6
30349.6
30349.6
30349.6
30349.6
30349.6
30349.6
30349.6
30349.6
30349.6
30349.6
30349.5
30349.2
30348.8
30348
30346.3
30343.1
30336.5
30322.4
30294.9
30237.1
30113.6
29845.3
29231.2
27811.9
24791.5
20009.5
15351.4
12196
10709.6
10195.3
10050
10012.5
10003.1
10000.8
10000.2
10000
10000
10000
10000
10000
10000
10000
10000
10000
10000
10000
10000
10000
10000
10000
10000
10000
10000
10000
10000
10000
10000
10000
10000
10000
10000
10000
10000
10000
10000
10000
10000
10000
10000
10000
10000
10000
10000
10000
10000
10000
10000
10000
10000
10000
10000
10000
10000
10000
10000
10000
10000
10000
10000
10000
10000
10000
10000
10000
10000
10000
10000
10000
10000
10000
10000
10000
10000
10000
10000
10000
10000
10000
10000
10000
10000
10000
10000
10000
10000
10000
10000
10000
10000
10000
10000
10000
10000
10000
10000
10000
10000
10000
10000
10000
10000
10000
10000
10000
10000
10000
10000
10000
10000
10000
10000
10000
10000
10000
10000
10000
10000
10000
10000
10000
10000
10000
10000
10000
10000
10000
10000
10000
10000
10000
10000
10000
10000
10000
10000
10000
10000
10000
10000
10000
10000
10000
10000
10000
10000
10000
10000
10000
10000
10000
10000
10000
10000
10000
10000
10000
10000
10000
10000
10000
10000
10000
10000
10000
10000
10000
10000
10000
10000
10000
10000
10000
10000
10000
10000
10000
10000
10000
10000
10000
10000
10000
10000
10000
10000
10000
10000
10000
10000
10000
10000
10000
10000
10000
10000
10000
10000
10000
10000
10000
10000
10000
10000
10000
10000
10000
10000
10000
10000
10000
10000
10000
10000
10000
10000
10000
10000
10000
10000
10000
10000
10000
10000
10000
10000
10000
10000
10000
10000
10000
10000
10000
10000
10000
10000
10000
10000
10000
10000
10000
10000
10000
10000
10000
10000
10000
10000
10000
10000
10000
10000
10000
10000
10000
10000
10000
10000
10000
10000
10000
10000
10000
10000
10000
10000
10000
10000
10000
10000
10000
10000
10000
10000
10000
10000
10000
10000
10000
10000
10000
10000
10000
10000
10000
10000
10000
10000
10000
10000
10000
10000
10000
10000
10000
10000
10000
10000
10000
10000
10000
10000
10000
10000
10000
10000
10000
10000
10000
10000
10000
10000
10000
10000
10000
10000
10000
10000
10000
10000
10000
10000
10000
10000
10000
10000
10000
10000
10000
10000
10000
10000
10000
10000
10000
10000
10000
10000
10000
10000
10000
10000
10000
10000
10000
10000
10000
10000
10000
10000
10000
10000
10000
10000
10000
10000
10000
10000
10000
10000
10000
10000
10000
10000
10000
10000
10000
10000
10000
10000
10000
10000
10000
10000
10000
10000
10000
10000
10000
10000
10000
10000
10000
10000
10000
10000
10000
10000
10000
10000
10000
10000
10000
10000
10000
10000
10000
10000
10000
10000
10000
10000
10000
10000
10000
10000
10000
10000
10000
10000
10000
10000
10000
10000
10000
10000
10000
10000
10000
10000
10000
10000
10000
10000
10000
10000
10000
10000
10000
10000
10000
10000
10000
10000
10000
10000
10000
10000
10000
10000
10000
10000
10000
10000
10000
10000
10000
10000
10000
10000
10000
10000
10000
10000
10000
10000
10000
10000
10000
10000
10000
10000
10000
10000
10000
10000
10000
10000
10000
10000
10000
10000
10000
10000
10000
10000
10000
10000
10000
10000
10000
10000
10000
10000
10000
10000
10000
10000
10000
10000
10000
10000
10000
10000
10000
10000
10000
10000
10000
10000
10000
10000
10000
10000
10000
10000
10000
10000
10000
10000
10000
10000
10000
10000
10000
10000
10000
10000
10000
10000
10000
10000
10000
10000
10000
10000
10000
10000
10000
10000
10000
10000
10000
10000
10000
10000
10000
10000
10000
10000
10000
10000
10000
10000
10000
10000
10000
10000
10000
10000
10000
10000
10000
10000
10000
10000
10000
10000
10000
10000
10000
10000
10000
10000
10000
10000
10000
10000
10000
10000
10000
10000
10000
10000
10000
10000
10000
10000
10000
10000
10000
10000
10000
10000
10000
10000
10000
10000
10000
10000
10000
10000
10000
10000
10000
10000
10000
10000
10000
10000
10000
10000
10000
10000
10000
10000
10000
10000
10000
10000
10000
10000
10000
10000
10000
10000
10000
10000
10000
10000
10000
10000
10000
10000
10000
10000
10000
10000
10000
10000
10000
10000
10000
10000
10000
10000
10000
10000
10000
10000
10000
10000
10000
10000
10000
10000
10000
10000
10000
10000
10000
10000
10000
10000
10000
10000
10000
10000
10000
10000
10000
10000
10000
10000
10000
10000
10000
10000
10000
10000
10000
10000
10000
10000
10000
10000
10000
10000
10000
10000
10000
10000
10000
10000
10000
10000
10000
10000
10000
10000
10000
10000
10000
10000
10000
10000
10000
10000
10000
10000
10000
10000
10000
10000
10000
10000
10000
10000
10000
10000
10000
10000
10000
10000
10000
10000
10000
10000
10000
10000
10000
10000
10000
10000
10000
10000
10000
10000
10000
10000
10000
10000
10000
10000
10000
10000
10000
10000
10000
10000
10000
10000
10000
10000
10000
10000
10000
10000
10000
10000
10000
10000
10000
10000
10000
10000
10000
10000
10000
10000
10000
10000
10000
10000
10000
10000
10000
10000
10000
10000
10000
10000
10000
10000
10000
10000
10000
10000
10000
10000
10000
10000
10000
10000
10000
10000
10000
10000
10000
10000
10000
10000
10000
10000
10000
10000
10000
10000
10000
10000
10000
10000
10000
10000
10000
10000
10000
10000
10000
10000
10000
10000
10000
10000
10000
10000
10000
10000
10000
10000
10000
10000
10000
10000
10000
10000
10000
10000
10000
10000
10000
10000
10000
10000
10000
10000
10000
10000
10000
10000
10000
10000
10000
10000
10000
10000
10000
10000
10000
10000
10000
10000
10000
10000
10000
10000
10000
10000
10000
10000
10000
10000
10000
10000
10000
10000
10000
10000
10000
10000
10000
10000
10000
10000
10000
10000
10000
10000
10000
10000
10000
10000
10000
10000
10000
10000
10000
10000
10000
10000
10000
10000
10000
10000
10000
10000
10000
10000
10000
10000
10000
10000
10000
10000
10000
10000
10000
10000
10000
10000
10000
10000
10000
10000
10000
10000
10000
10000
10000
10000
10000
10000
10000
10000
10000
10000
10000
10000
10000
10000
10000
10000
10000
10000
10000
10000
10000
10000
10000
10000
10000
10000
10000
10000
10000
10000
10000
10000
10000
10000
10000
10000
10000
10000
10000
10000
10000
10000
10000
10000
10000
10000
10000
10000
10000
10000
10000
10000
10000
10000
10000
10000
10000
10000
10000
10000
10000
10000
10000
10000
10000
10000
10000
10000
10000
10000
10000
10000
10000
10000
10000
10000
10000
10000
10000
10000
10000
10000
10000
10000
10000
10000
10000
10000
10000
10000
10000
10000
10000
10000
10000
10000
10000
10000
10000
10000
10000
10000
10000
10000
10000
10000
10000
10000
10000
10000
10000
10000
10000
10000
10000
10000
10000
10000
10000
10000
10000
10000
10000
10000
10000
10000
10000
10000
10000
10000
10000
10000
10000
10000
10000
10000
10000
10000
10000
10000
10000
10000
10000
10000
10000
10000
10000
10000
10000
10000
10000
10000
10000
10000
10000
10000
10000
10000
10000
10000
10000
10000
10000
10000
10000
10000
10000
10000
10000
10000
10000
10000
10000
10000
10000
10000
10000
10000
10000
10000
10000
10000
10000
10000
10000
10000
10000
10000
10000
10000
10000
10000
10000
10000
10000
10000
10000
10000
10000
10000
10000
10000
10000
10000
10000
10000
10000
10000
10000
10000
10000
10000
10000
10000
10000
10000
10000
10000
10000
10000
10000
10000
10000
10000
10000
10000
10000
10000
10000
10000
10000
10000
10000
10000
10000
10000
10000
10000
10000
10000
10000
10000
10000
10000
10000
10000
10000
10000
10000
10000
10000
10000
10000
10000
10000
10000
10000
10000
10000
10000
10000
10000
10000
10000
10000
10000
10000
10000
10000
10000
10000
10000
10000
10000
10000
10000
10000
10000
10000
10000
10000
10000
10000
10000
10000
10000
10000
10000
10000
10000
10000
10000
10000
10000
10000
10000
10000
10000
10000
10000
10000
10000
10000
10000
10000
10000
10000
10000
10000
10000
10000
10000
10000
10000
10000
10000
10000
10000
10000
10000
10000
10000
10000
10000
10000
10000
10000
10000
10000
10000
10000
10000
10000
10000
10000
10000
10000
10000
10000
10000
10000
10000
10000
10000
10000
10000
10000
10000
10000
10000
10000
10000
10000
10000
10000
10000
10000
10000
10000
10000
10000
10000
10000
10000
10000
10000
10000
10000
10000
10000
10000
10000
10000
10000
10000
10000
10000
10000
10000
10000
10000
10000
10000
10000
10000
10000
10000
10000
10000
10000
10000
10000
10000
10000
10000
10000
10000
10000
10000
10000
10000
10000
10000
10000
10000
10000
10000
10000
10000
10000
10000
10000
10000
10000
10000
10000
10000
10000
10000
10000
10000
10000
10000
10000
10000
10000
10000
10000
10000
10000
10000
10000
10000
10000
10000
10000
10000
10000
10000
10000
10000
10000
10000
10000
10000
10000
10000
10000
10000
10000
10000
10000
10000
10000
10000
10000
10000
10000
10000
10000
10000
10000
10000
10000
10000
10000
10000
10000
10000
10000
10000
10000
10000
10000
10000
10000
10000
10000
10000
10000
10000
10000
10000
10000
10000
10000
10000
10000
10000
10000
10000
10000
10000
10000
10000
10000
10000
10000
10000
10000
10000
10000
10000
10000
10000
10000
10000
10000
10000
10000
10000
10000
10000
10000
10000
10000
10000
10000
10000
10000
10000
10000
10000
10000
10000
10000
10000
10000
10000
10000
10000
10000
10000
10000
10000
10000
10000
10000
10000
10000
10000
10000
10000
10000
10000
10000
10000
10000
10000
10000
10000
10000
10000
10000
10000
10000
10000
10000
10000
10000
10000
10000
10000
10000
10000
10000
10000
10000
10000
10000
10000
10000
10000
10000
10000
10000
10000
10000
10000
10000
10000
10000
10000
10000
10000
10000
10000
10000
10000
10000
10000
10000
10000
10000
10000
10000
10000
10000
10000
10000
10000
10000
10000
10000
10000
10000
10000
10000
10000
10000
10000
10000
10000
10000
10000
10000
10000
10000
10000
10000
10000
10000
10000
10000
10000
10000
10000
10000
10000
10000
10000
10000
10000
10000
10000
10000
10000
10000
10000
10000
10000
10000
10000
10000
10000
10000
10000
10000
10000
10000
10000
10000
10000
10000
10000
10000
10000
10000
10000
10000
10000
10000
10000
10000
10000
10000
10000
10000
10000
10000
10000
10000
10000
10000
10000
10000
10000
10000
10000
10000
10000
10000
10000
10000
10000
10000
10000
10000
10000
10000
10000
10000
10000
10000
10000
10000
10000
10000
10000
10000
10000
10000
10000
10000
10000
10000
10000
10000
10000
10000
10000
10000
10000
10000
10000
10000
10000
10000
10000
10000
10000
10000
10000
10000
10000
10000
10000
10000
10000
10000
10000
10000
10000
10000
10000
10000
10000
10000
10000
10000
10000
10000
10000
10000
10000
10000
10000
10000
10000
10000
10000
10000
10000
10000
10000
10000
10000
10000
10000
10000
10000
10000
10000
10000
10000
10000
10000
10000
10000
10000
10000
10000
10000
10000
10000
10000
10000
10000
10000
10000
10000
10000
10000
10000
10000
10000
10000
10000
10000
10000
10000
10000
10000
10000
10000
10000
10000
10000
10000
10000
10000
10000
10000
10000
10000
10000
10000
10000
10000
10000
10000
10000
10000
10000
10000
10000
10000
10000
10000
10000
10000
10000
10000
10000
10000
10000
10000
10000
10000
10000
10000
10000
10000
10000
10000
10000
10000
10000
10000
10000
10000
10000
10000
10000
10000
10000
10000
10000
10000
10000
10000
10000
10000
10000
10000
10000
10000
10000
10000
10000
10000
10000
10000
10000
10000
10000
10000
10000
10000
10000
10000
10000
10000
10000
10000
10000
10000
10000
10000
10000
10000
10000
10000
10000
10000
10000
10000
10000
10000
10000
10000
10000
10000
10000
10000
10000
10000
10000
10000
10000
10000
10000
10000
10000
10000
10000
10000
10000
10000
10000
10000
10000
10000
10000
10000
10000
10000
10000
10000
10000
10000
10000
10000
10000
10000
10000
10000
10000
10000
10000
10000
10000
10000
10000
10000
10000
10000
10000
10000
10000
10000
10000
10000
10000
10000
10000
10000
10000
10000
10000
10000
10000
10000
10000
10000
10000
10000
10000
10000
10000
10000
10000
10000
10000
10000
10000
10000
10000
10000
10000
10000
10000
10000
10000
10000
10000
10000
10000
10000
10000
10000
10000
10000
10000
10000
10000
10000
10000
10000
10000
10000
10000
10000
10000
10000
10000
10000
10000
10000
10000
10000
10000
10000
10000
10000
10000
10000
10000
10000
10000
10000
10000
10000
10000
10000
10000
10000
10000
10000
10000
10000
10000
10000
10000
10000
10000
10000
10000
10000
10000
10000
10000
10000
10000
10000
10000
10000
10000
10000
10000
10000
10000
10000
10000
10000
10000
10000
10000
10000
10000
10000
10000
10000
10000
10000
10000
10000
10000
10000
10000
10000
10000
10000
10000
10000
10000
10000
10000
10000
10000
10000
10000
10000
10000
10000
10000
10000
10000
10000
10000
10000
10000
10000
10000
10000
10000
10000
10000
10000
10000
10000
10000
10000
10000
10000
10000
10000
10000
10000
10000
10000
10000
10000
10000
10000
10000
10000
10000
10000
10000
10000
10000
10000
10000
10000
10000
10000
10000
10000
10000
10000
10000
10000
10000
10000
10000
10000
10000
10000
10000
10000
10000
10000
10000
10000
10000
10000
10000
10000
10000
10000
10000
10000
10000
10000
10000
10000
10000
10000
10000
10000
10000
10000
10000
10000
10000
10000
10000
10000
10000
10000
10000
10000
10000
10000
10000
10000
10000
10000
10000
10000
10000
10000
10000
10000
10000
10000
10000
10000
10000
10000
10000
10000
10000
10000
10000
10000
10000
10000
10000
10000
10000
10000
10000
10000
10000
10000
10000
10000
10000
10000
10000
10000
10000
10000
10000
10000
10000
10000
10000
10000
10000
10000
10000
10000
10000
10000
10000
10000
10000
10000
10000
10000
10000
10000
10000
10000
10000
10000
10000
10000
10000
10000
10000
10000
10000
10000
10000
10000
10000
10000
10000
10000
10000
10000
10000
10000
10000
10000
10000
10000
10000
10000
10000
10000
10000
10000
10000
10000
10000
10000
10000
10000
10000
10000
10000
10000
10000
10000
10000
10000
10000
10000
10000
10000
10000
10000
10000
10000
10000
10000
10000
10000
10000
10000
10000
10000
10000
10000
10000
10000
10000
10000
10000
10000
10000
10000
10000
10000
10000
10000
10000
10000
10000
10000
10000
10000
10000
10000
10000
10000
10000
10000
10000
10000
10000
10000
10000
10000
10000
10000
10000
10000
10000
10000
10000
10000
10000
10000
10000
10000
10000
10000
10000
10000
10000
10000
10000
10000
10000
10000
10000
10000
10000
10000
10000
10000
10000
10000
10000
10000
10000
10000
10000
10000
10000
10000
10000
10000
10000
10000
10000
10000
10000
10000
10000
10000
10000
10000
10000
10000
10000
10000
10000
10000
10000
10000
10000
10000
10000
10000
10000
10000
10000
10000
10000
10000
10000
10000
10000
10000
10000
10000
10000
10000
10000
10000
10000
10000
10000
10000
10000
10000
10000
10000
10000
10000
10000
10000
10000
10000
10000
10000
10000
10000
10000
10000
10000
10000
10000
10000
10000
10000
10000
10000
10000
10000
10000
10000
10000
10000
10000
10000
10000
10000
10000
10000
10000
10000
10000
10000
10000
10000
10000
10000
10000
10000
10000
10000
10000
10000
10000
10000
10000
10000
10000
10000
10000
10000
10000
10000
10000
10000
10000
10000
10000
10000
10000
10000
10000
10000
10000
10000
10000
10000
10000
10000
10000
10000
10000
10000
10000
10000
10000
10000
10000
10000
10000
10000
10000
10000
10000
10000
10000
10000
10000
10000
10000
10000
10000
10000
10000
10000
10000
10000
10000
10000
10000
10000
10000
10000
10000
10000
10000
10000
10000
10000
10000
10000
10000
10000
10000
10000
10000
10000
10000
10000
10000
10000
10000
10000
10000
10000
10000
10000
10000
10000
10000
10000
10000
10000
10000
10000
10000
10000
10000
10000
10000
10000
10000
10000
10000
10000
10000
10000
10000
10000
10000
10000
10000
10000
10000
10000
10000
10000
10000
10000
10000
10000
10000
10000
10000
10000
10000
10000
10000
10000
10000
10000
10000
10000
10000
10000
10000
10000
10000
10000
10000
10000
10000
10000
10000
10000
10000
10000
10000
10000
10000
10000
10000
10000
10000
10000
10000
10000
10000
10000
10000
10000
10000
10000
10000
10000
10000
10000
10000
10000
10000
10000
10000
10000
10000
10000
10000
10000
10000
10000
10000
10000
10000
10000
10000
10000
10000
10000
10000
10000
10000
10000
10000
10000
10000
10000
10000
10000
10000
10000
10000
10000
10000
10000
10000
10000
10000
10000
10000
10000
10000
10000
10000
10000
10000
10000
10000
10000
10000
10000
10000
10000
10000
10000
10000
10000
10000
10000
10000
10000
10000
10000
10000
10000
10000
10000
10000
10000
10000
10000
10000
10000
10000
10000
10000
10000
10000
10000
10000
10000
10000
10000
10000
10000
10000
10000
10000
10000
10000
10000
10000
10000
10000
10000
10000
10000
10000
10000
10000
10000
10000
10000
10000
10000
10000
10000
10000
10000
10000
10000
10000
10000
10000
10000
10000
10000
10000
10000
10000
10000
10000
10000
10000
10000
10000
10000
10000
10000
10000
10000
10000
10000
10000
10000
10000
10000
10000
10000
10000
10000
10000
10000
10000
10000
10000
10000
10000
10000
10000
10000
10000
10000
10000
10000
10000
10000
10000
10000
10000
10000
10000
10000
10000
10000
10000
10000
10000
10000
10000
10000
10000
10000
10000
10000
10000
10000
10000
10000
10000
10000
10000
10000
10000
10000
10000
10000
10000
10000
10000
10000
10000
10000
10000
10000
10000
10000
10000
10000
10000
10000
10000
10000
10000
10000
10000
10000
10000
10000
10000
10000
10000
10000
10000
10000
10000
10000
10000
10000
10000
10000
10000
10000
10000
10000
10000
10000
10000
10000
10000
10000
10000
10000
10000
10000
10000
10000
10000
10000
10000
10000
10000
10000
10000
10000
10000
10000
10000
10000
10000
10000
10000
10000
10000
10000
10000
10000
10000
10000
10000
10000
10000
10000
10000
10000
10000
10000
10000
10000
10000
10000
10000
10000
10000
10000
10000
10000
10000
10000
10000
10000
10000
10000
10000
10000
10000
10000
10000
10000
10000
10000
10000
10000
10000
10000
10000
10000
10000
10000
10000
10000
10000
10000
10000
10000
10000
10000
10000
10000
10000
10000
10000
10000
10000
10000
10000
10000
10000
10000
10000
10000
10000
10000
10000
10000
10000
10000
10000
10000
10000
10000
10000
10000
10000
10000
10000
10000
10000
10000
10000
10000
10000
10000
10000
10000
10000
10000
10000
10000
10000
10000
10000
10000
10000
10000
10000
10000
10000
10000
10000
10000
10000
10000
10000
10000
10000
10000
10000
10000
10000
10000
10000
10000
10000
10000
10000
10000
10000
10000
10000
10000
10000
10000
10000
10000
10000
10000
10000
10000
10000
10000
10000
10000
10000
10000
10000
10000
10000
10000
10000
10000
10000
10000
10000
10000
10000
10000
10000
10000
10000
10000
10000
10000
10000
10000
10000
10000
10000
10000
10000
10000
10000
10000
10000
10000
10000
10000
10000
10000
10000
10000
10000
10000
10000
10000
10000
10000
10000
10000
10000
10000
10000
10000
10000
10000
10000
10000
10000
10000
10000
10000
10000
10000
10000
10000
10000
10000
10000
10000
10000
10000
10000
10000
10000
10000
10000
10000
10000
10000
10000
10000
10000
10000
10000
10000
10000
10000
10000
10000
10000
10000
10000
10000
10000
10000
10000
10000
10000
10000
10000
10000
10000
10000
10000
10000
10000
10000
10000
10000
10000
10000
10000
10000
10000
10000
10000
10000
10000
10000
10000
10000
10000
10000
10000
10000
10000
10000
10000
10000
10000
10000
10000
10000
10000
10000
10000
10000
10000
10000
10000
10000
10000
10000
10000
10000
10000
10000
10000
10000
10000
10000
10000
10000
10000
10000
10000
10000
10000
10000
10000
10000
10000
10000
10000
10000
10000
10000
10000
10000
10000
10000
10000
10000
10000
10000
10000
10000
10000
10000
10000
10000
10000
10000
10000
10000
10000
10000
10000
10000
10000
10000
10000
10000
10000
10000
10000
10000
10000
10000
10000
10000
10000
10000
10000
10000
10000
10000
10000
10000
10000
10000
10000
10000
10000
10000
10000
10000
10000
10000
10000
10000
10000
10000
10000
10000
10000
10000
10000
10000
10000
10000
10000
10000
10000
10000
10000
10000
10000
10000
10000
10000
10000
10000
10000
10000
10000
10000
10000
10000
10000
10000
10000
10000
10000
10000
10000
10000
10000
10000
10000
10000
10000
10000
10000
10000
10000
10000
10000
10000
10000
10000
10000
10000
10000
10000
10000
10000
10000
10000
10000
10000
10000
10000
10000
10000
10000
10000
10000
10000
10000
10000
10000
10000
10000
10000
10000
10000
10000
10000
10000
10000
10000
10000
10000
10000
10000
10000
10000
10000
10000
10000
10000
10000
10000
10000
10000
10000
10000
10000
10000
10000
10000
10000
10000
10000
10000
10000
10000
10000
10000
10000
10000
10000
10000
10000
10000
10000
10000
10000
10000
10000
10000
10000
10000
10000
10000
10000
10000
10000
10000
10000
10000
10000
10000
10000
10000
10000
10000
10000
10000
10000
10000
10000
10000
10000
10000
10000
10000
10000
10000
10000
10000
10000
10000
10000
10000
10000
10000
10000
10000
10000
10000
10000
10000
10000
10000
10000
10000
10000
10000
10000
10000
10000
10000
10000
10000
10000
10000
10000
10000
10000
10000
10000
10000
10000
10000
10000
10000
10000
10000
10000
10000
10000
10000
10000
10000
10000
10000
)
;

boundaryField
{
    sides
    {
        type            zeroGradient;
    }
    empty
    {
        type            empty;
    }
}


// ************************************************************************* //
