/*--------------------------------*- C++ -*----------------------------------*\
  =========                 |
  \\      /  F ield         | OpenFOAM: The Open Source CFD Toolbox
   \\    /   O peration     | Website:  https://openfoam.org
    \\  /    A nd           | Version:  9
     \\/     M anipulation  |
\*---------------------------------------------------------------------------*/
FoamFile
{
    format      ascii;
    class       volScalarField;
    location    "0.001";
    object      rho;
}
// * * * * * * * * * * * * * * * * * * * * * * * * * * * * * * * * * * * * * //

dimensions      [1 -3 0 0 0 0 0];

internalField   nonuniform List<scalar> 
10000
(
0.997574
0.997574
0.997574
0.997574
0.997574
0.997574
0.997574
0.997574
0.997574
0.997574
0.997574
0.997574
0.997574
0.997574
0.997574
0.997574
0.997574
0.997574
0.997574
0.997574
0.997574
0.997574
0.997574
0.997574
0.997574
0.997574
0.997574
0.997574
0.997574
0.997574
0.997574
0.997574
0.997574
0.997574
0.997574
0.997574
0.997574
0.997574
0.997574
0.997574
0.997574
0.997574
0.997574
0.997574
0.997574
0.997574
0.997574
0.997574
0.997574
0.997574
0.997574
0.997574
0.997574
0.997574
0.997574
0.997574
0.997574
0.997574
0.997574
0.997574
0.997574
0.997574
0.997574
0.997574
0.997574
0.997574
0.997574
0.997574
0.997574
0.997574
0.997574
0.997574
0.997574
0.997574
0.997574
0.997574
0.997574
0.997574
0.997574
0.997574
0.997574
0.997574
0.997574
0.997574
0.997574
0.997574
0.997574
0.997574
0.997574
0.997574
0.997574
0.997574
0.997574
0.997574
0.997574
0.997574
0.997574
0.997574
0.997574
0.997574
0.997574
0.997574
0.997574
0.997574
0.997574
0.997574
0.997574
0.997574
0.997574
0.997574
0.997574
0.997574
0.997574
0.997574
0.997574
0.997574
0.997574
0.997574
0.997574
0.997574
0.997574
0.997574
0.997574
0.997574
0.997574
0.997574
0.997574
0.997574
0.997574
0.997574
0.997574
0.997574
0.997574
0.997574
0.997574
0.997574
0.997574
0.997574
0.997574
0.997574
0.997574
0.997574
0.997574
0.997574
0.997574
0.997574
0.997574
0.997574
0.997574
0.997574
0.997574
0.997574
0.997574
0.997574
0.997574
0.997574
0.997574
0.997574
0.997574
0.997574
0.997574
0.997574
0.997574
0.997574
0.997574
0.997574
0.997574
0.997574
0.997574
0.997574
0.997574
0.997574
0.997574
0.997574
0.997574
0.997574
0.997574
0.997574
0.997574
0.997574
0.997574
0.997574
0.997574
0.997574
0.997574
0.997574
0.997574
0.997574
0.997574
0.997574
0.997574
0.997574
0.997574
0.997574
0.997574
0.997574
0.997574
0.997574
0.997574
0.997574
0.997574
0.997574
0.997574
0.997574
0.997574
0.997574
0.997574
0.997574
0.997574
0.997574
0.997574
0.997574
0.997574
0.997574
0.997574
0.997574
0.997574
0.997574
0.997574
0.997574
0.997574
0.997574
0.997574
0.997574
0.997574
0.997574
0.997574
0.997574
0.997574
0.997574
0.997574
0.997574
0.997574
0.997574
0.997574
0.997574
0.997574
0.997574
0.997574
0.997574
0.997574
0.997574
0.997574
0.997574
0.997574
0.997574
0.997574
0.997574
0.997574
0.997574
0.997574
0.997574
0.997574
0.997574
0.997574
0.997574
0.997574
0.997574
0.997574
0.997574
0.997574
0.997574
0.997574
0.997574
0.997574
0.997574
0.997574
0.997574
0.997574
0.997574
0.997574
0.997574
0.997574
0.997574
0.997574
0.997574
0.997574
0.997574
0.997574
0.997574
0.997574
0.997574
0.997574
0.997574
0.997574
0.997574
0.997574
0.997574
0.997574
0.997574
0.997574
0.997574
0.997574
0.997574
0.997574
0.997574
0.997574
0.997574
0.997574
0.997574
0.997574
0.997574
0.997574
0.997574
0.997574
0.997574
0.997574
0.997574
0.997574
0.997574
0.997574
0.997574
0.997574
0.997574
0.997574
0.997574
0.997574
0.997574
0.997574
0.997574
0.997574
0.997574
0.997574
0.997574
0.997574
0.997574
0.997574
0.997574
0.997574
0.997574
0.997574
0.997574
0.997574
0.997574
0.997574
0.997574
0.997574
0.997574
0.997574
0.997574
0.997574
0.997574
0.997574
0.997574
0.997574
0.997574
0.997574
0.997574
0.997574
0.997574
0.997574
0.997574
0.997574
0.997574
0.997574
0.997574
0.997574
0.997574
0.997574
0.997574
0.997574
0.997574
0.997574
0.997574
0.997574
0.997574
0.997574
0.997574
0.997574
0.997574
0.997574
0.997574
0.997574
0.997574
0.997574
0.997574
0.997574
0.997574
0.997574
0.997574
0.997574
0.997574
0.997574
0.997574
0.997574
0.997574
0.997574
0.997574
0.997574
0.997574
0.997574
0.997574
0.997574
0.997574
0.997574
0.997574
0.997574
0.997574
0.997574
0.997574
0.997574
0.997574
0.997574
0.997574
0.997574
0.997574
0.997574
0.997574
0.997574
0.997574
0.997574
0.997574
0.997574
0.997574
0.997574
0.997574
0.997574
0.997574
0.997574
0.997574
0.997574
0.997574
0.997574
0.997574
0.997574
0.997574
0.997574
0.997574
0.997574
0.997574
0.997574
0.997574
0.997574
0.997574
0.997574
0.997574
0.997574
0.997574
0.997574
0.997574
0.997574
0.997574
0.997574
0.997574
0.997574
0.997574
0.997574
0.997574
0.997574
0.997574
0.997574
0.997574
0.997574
0.997574
0.997574
0.997574
0.997574
0.997574
0.997574
0.997574
0.997574
0.997574
0.997574
0.997574
0.997574
0.997574
0.997574
0.997574
0.997574
0.997574
0.997574
0.997574
0.997574
0.997574
0.997574
0.997574
0.997574
0.997574
0.997574
0.997574
0.997574
0.997574
0.997574
0.997574
0.997574
0.997574
0.997574
0.997574
0.997574
0.997574
0.997574
0.997574
0.997574
0.997574
0.997574
0.997574
0.997574
0.997574
0.997574
0.997574
0.997574
0.997574
0.997574
0.997574
0.997574
0.997574
0.997574
0.997574
0.997574
0.997574
0.997574
0.997574
0.997574
0.997574
0.997574
0.997574
0.997574
0.997574
0.997574
0.997574
0.997574
0.997574
0.997574
0.997574
0.997574
0.997574
0.997574
0.997574
0.997574
0.997574
0.997574
0.997574
0.997574
0.997574
0.997574
0.997574
0.997574
0.997574
0.997574
0.997574
0.997574
0.997574
0.997574
0.997574
0.997574
0.997574
0.997574
0.997574
0.997574
0.997574
0.997574
0.997574
0.997574
0.997574
0.997574
0.997574
0.997574
0.997574
0.997574
0.997574
0.997574
0.997574
0.997574
0.997574
0.997574
0.997574
0.997574
0.997574
0.997574
0.997574
0.997574
0.997574
0.997574
0.997574
0.997574
0.997574
0.997574
0.997574
0.997574
0.997574
0.997574
0.997574
0.997574
0.997574
0.997574
0.997574
0.997574
0.997574
0.997574
0.997574
0.997574
0.997574
0.997574
0.997574
0.997574
0.997574
0.997574
0.997574
0.997574
0.997574
0.997574
0.997574
0.997574
0.997574
0.997574
0.997574
0.997574
0.997574
0.997574
0.997574
0.997574
0.997574
0.997574
0.997574
0.997574
0.997574
0.997574
0.997574
0.997574
0.997574
0.997574
0.997574
0.997574
0.997574
0.997574
0.997574
0.997574
0.997574
0.997574
0.997574
0.997574
0.997574
0.997574
0.997574
0.997574
0.997574
0.997574
0.997574
0.997574
0.997574
0.997574
0.997574
0.997574
0.997574
0.997574
0.997574
0.997574
0.997574
0.997574
0.997574
0.997574
0.997574
0.997574
0.997574
0.997574
0.997574
0.997574
0.997574
0.997574
0.997574
0.997574
0.997574
0.997574
0.997574
0.997574
0.997574
0.997574
0.997574
0.997574
0.997574
0.997574
0.997574
0.997574
0.997574
0.997574
0.997574
0.997574
0.997574
0.997574
0.997574
0.997574
0.997574
0.997574
0.997574
0.997574
0.997574
0.997574
0.997574
0.997574
0.997574
0.997574
0.997574
0.997574
0.997574
0.997574
0.997574
0.997574
0.997574
0.997574
0.997574
0.997574
0.997574
0.997574
0.997574
0.997574
0.997574
0.997574
0.997574
0.997574
0.997574
0.997574
0.997574
0.997574
0.997574
0.997574
0.997574
0.997574
0.997574
0.997574
0.997574
0.997574
0.997574
0.997574
0.997574
0.997574
0.997574
0.997574
0.997574
0.997574
0.997574
0.997574
0.997574
0.997574
0.997574
0.997574
0.997574
0.997574
0.997574
0.997574
0.997574
0.997574
0.997574
0.997574
0.997574
0.997574
0.997574
0.997574
0.997574
0.997574
0.997574
0.997574
0.997574
0.997574
0.997574
0.997574
0.997574
0.997574
0.997574
0.997574
0.997574
0.997574
0.997574
0.997574
0.997574
0.997574
0.997574
0.997574
0.997574
0.997574
0.997574
0.997574
0.997574
0.997574
0.997574
0.997574
0.997574
0.997574
0.997574
0.997574
0.997574
0.997574
0.997574
0.997574
0.997574
0.997574
0.997574
0.997574
0.997574
0.997574
0.997574
0.997574
0.997574
0.997574
0.997574
0.997574
0.997574
0.997574
0.997574
0.997574
0.997574
0.997574
0.997574
0.997574
0.997574
0.997574
0.997574
0.997574
0.997574
0.997574
0.997574
0.997574
0.997574
0.997574
0.997574
0.997574
0.997574
0.997574
0.997574
0.997574
0.997574
0.997574
0.997574
0.997574
0.997574
0.997574
0.997574
0.997574
0.997574
0.997574
0.997574
0.997574
0.997574
0.997574
0.997574
0.997574
0.997574
0.997574
0.997574
0.997574
0.997574
0.997574
0.997574
0.997574
0.997574
0.997574
0.997574
0.997574
0.997574
0.997574
0.997574
0.997574
0.997574
0.997574
0.997574
0.997574
0.997574
0.997574
0.997574
0.997574
0.997574
0.997574
0.997574
0.997574
0.997574
0.997574
0.997574
0.997574
0.997574
0.997574
0.997574
0.997574
0.997574
0.997574
0.997574
0.997574
0.997574
0.997574
0.997574
0.997574
0.997574
0.997574
0.997574
0.997574
0.997574
0.997574
0.997574
0.997574
0.997574
0.997574
0.997574
0.997574
0.997574
0.997574
0.997574
0.997574
0.997574
0.997574
0.997574
0.997574
0.997574
0.997574
0.997574
0.997574
0.997574
0.997574
0.997574
0.997574
0.997574
0.997574
0.997574
0.997574
0.997574
0.997574
0.997574
0.997574
0.997574
0.997574
0.997574
0.997574
0.997574
0.997574
0.997574
0.997574
0.997574
0.997574
0.997574
0.997574
0.997574
0.997574
0.997574
0.997574
0.997574
0.997574
0.997574
0.997574
0.997574
0.997574
0.997574
0.997574
0.997574
0.997574
0.997574
0.997574
0.997574
0.997574
0.997574
0.997574
0.997574
0.997574
0.997574
0.997574
0.997574
0.997574
0.997574
0.997574
0.997574
0.997574
0.997574
0.997574
0.997574
0.997574
0.997574
0.997574
0.997574
0.997574
0.997574
0.997574
0.997574
0.997574
0.997574
0.997574
0.997574
0.997574
0.997574
0.997574
0.997574
0.997574
0.997574
0.997574
0.997574
0.997574
0.997574
0.997574
0.997574
0.997574
0.997574
0.997574
0.997574
0.997574
0.997574
0.997574
0.997574
0.997574
0.997574
0.997574
0.997574
0.997574
0.997574
0.997574
0.997574
0.997574
0.997574
0.997574
0.997574
0.997574
0.997574
0.997574
0.997574
0.997574
0.997574
0.997574
0.997574
0.997574
0.997574
0.997574
0.997574
0.997574
0.997574
0.997574
0.997574
0.997574
0.997574
0.997574
0.997574
0.997574
0.997574
0.997574
0.997574
0.997574
0.997574
0.997574
0.997574
0.997574
0.997574
0.997574
0.997574
0.997574
0.997574
0.997574
0.997574
0.997574
0.997574
0.997574
0.997574
0.997574
0.997574
0.997574
0.997574
0.997574
0.997574
0.997574
0.997574
0.997574
0.997574
0.997574
0.997574
0.997574
0.997574
0.997574
0.997574
0.997574
0.997574
0.997574
0.997574
0.997574
0.997574
0.997574
0.997574
0.997574
0.997574
0.997574
0.997574
0.997574
0.997574
0.997574
0.997574
0.997574
0.997574
0.997574
0.997574
0.997574
0.997574
0.997574
0.997574
0.997574
0.997574
0.997574
0.997574
0.997574
0.997574
0.997574
0.997574
0.997574
0.997574
0.997574
0.997574
0.997574
0.997574
0.997574
0.997574
0.997574
0.997574
0.997574
0.997574
0.997574
0.997574
0.997574
0.997574
0.997574
0.997574
0.997574
0.997574
0.997574
0.997574
0.997574
0.997574
0.997574
0.997574
0.997574
0.997574
0.997574
0.997574
0.997574
0.997574
0.997574
0.997574
0.997574
0.997574
0.997574
0.997574
0.997574
0.997574
0.997574
0.997574
0.997574
0.997574
0.997574
0.997574
0.997574
0.997574
0.997574
0.997574
0.997574
0.997574
0.997574
0.997574
0.997574
0.997574
0.997574
0.997574
0.997574
0.997574
0.997574
0.997574
0.997574
0.997574
0.997574
0.997574
0.997574
0.997574
0.997574
0.997574
0.997574
0.997574
0.997574
0.997574
0.997574
0.997574
0.997574
0.997574
0.997574
0.997574
0.997574
0.997574
0.997574
0.997574
0.997574
0.997574
0.997574
0.997574
0.997574
0.997574
0.997574
0.997574
0.997574
0.997574
0.997574
0.997574
0.997574
0.997574
0.997574
0.997574
0.997574
0.997574
0.997574
0.997574
0.997574
0.997574
0.997574
0.997574
0.997574
0.997574
0.997574
0.997574
0.997574
0.997574
0.997574
0.997574
0.997574
0.997574
0.997574
0.997574
0.997574
0.997574
0.997574
0.997574
0.997574
0.997574
0.997574
0.997574
0.997574
0.997574
0.997574
0.997574
0.997574
0.997574
0.997574
0.997574
0.997574
0.997574
0.997574
0.997574
0.997574
0.997574
0.997574
0.997574
0.997574
0.997574
0.997574
0.997574
0.997574
0.997574
0.997574
0.997574
0.997574
0.997574
0.997574
0.997574
0.997574
0.997574
0.997574
0.997574
0.997574
0.997574
0.997574
0.997574
0.997574
0.997574
0.997574
0.997574
0.997574
0.997574
0.997574
0.997574
0.997574
0.997574
0.997574
0.997574
0.997574
0.997574
0.997574
0.997574
0.997574
0.997574
0.997574
0.997574
0.997574
0.997574
0.997574
0.997574
0.997574
0.997574
0.997574
0.997574
0.997574
0.997574
0.997574
0.997574
0.997574
0.997574
0.997574
0.997574
0.997574
0.997574
0.997574
0.997574
0.997574
0.997574
0.997574
0.997574
0.997574
0.997574
0.997574
0.997574
0.997574
0.997574
0.997574
0.997574
0.997574
0.997574
0.997574
0.997574
0.997574
0.997574
0.997574
0.997574
0.997574
0.997574
0.997574
0.997574
0.997574
0.997574
0.997574
0.997574
0.997574
0.997574
0.997574
0.997574
0.997574
0.997574
0.997574
0.997574
0.997574
0.997574
0.997574
0.997574
0.997574
0.997574
0.997574
0.997574
0.997574
0.997574
0.997574
0.997574
0.997574
0.997574
0.997574
0.997574
0.997574
0.997574
0.997574
0.997574
0.997574
0.997574
0.997574
0.997574
0.997574
0.997574
0.997574
0.997574
0.997574
0.997574
0.997574
0.997574
0.997574
0.997574
0.997574
0.997574
0.997574
0.997574
0.997574
0.997574
0.997574
0.997574
0.997574
0.997574
0.997574
0.997574
0.997574
0.997574
0.997574
0.997574
0.997574
0.997574
0.997574
0.997574
0.997574
0.997574
0.997574
0.997574
0.997574
0.997574
0.997574
0.997574
0.997574
0.997574
0.997574
0.997574
0.997574
0.997574
0.997574
0.997574
0.997574
0.997574
0.997574
0.997574
0.997574
0.997574
0.997574
0.997574
0.997574
0.997574
0.997574
0.997574
0.997574
0.997574
0.997574
0.997574
0.997574
0.997574
0.997574
0.997574
0.997574
0.997574
0.997574
0.997574
0.997574
0.997574
0.997574
0.997574
0.997574
0.997574
0.997574
0.997574
0.997574
0.997574
0.997574
0.997574
0.997574
0.997574
0.997574
0.997574
0.997574
0.997574
0.997574
0.997574
0.997574
0.997574
0.997574
0.997574
0.997574
0.997574
0.997574
0.997574
0.997574
0.997574
0.997574
0.997574
0.997574
0.997574
0.997574
0.997574
0.997574
0.997574
0.997574
0.997574
0.997574
0.997574
0.997574
0.997574
0.997574
0.997574
0.997574
0.997574
0.997574
0.997574
0.997574
0.997574
0.997574
0.997574
0.997574
0.997574
0.997574
0.997574
0.997574
0.997574
0.997574
0.997574
0.997574
0.997574
0.997574
0.997574
0.997574
0.997574
0.997574
0.997574
0.997574
0.997574
0.997574
0.997574
0.997574
0.997574
0.997574
0.997574
0.997574
0.997574
0.997574
0.997574
0.997574
0.997574
0.997574
0.997574
0.997574
0.997574
0.997574
0.997574
0.997574
0.997574
0.997574
0.997574
0.997574
0.997574
0.997574
0.997574
0.997574
0.997574
0.997574
0.997574
0.997574
0.997574
0.997574
0.997574
0.997574
0.997574
0.997574
0.997574
0.997574
0.997574
0.997574
0.997574
0.997574
0.997574
0.997574
0.997574
0.997574
0.997574
0.997574
0.997574
0.997574
0.997574
0.997574
0.997574
0.997574
0.997574
0.997574
0.997574
0.997574
0.997574
0.997574
0.997574
0.997574
0.997574
0.997574
0.997574
0.997574
0.997574
0.997574
0.997574
0.997574
0.997574
0.997574
0.997574
0.997574
0.997574
0.997574
0.997574
0.997574
0.997574
0.997574
0.997574
0.997574
0.997574
0.997574
0.997574
0.997574
0.997574
0.997574
0.997574
0.997574
0.997574
0.997574
0.997574
0.997574
0.997574
0.997574
0.997574
0.997574
0.997574
0.997574
0.997574
0.997574
0.997574
0.997574
0.997574
0.997574
0.997574
0.997574
0.997574
0.997574
0.997574
0.997574
0.997574
0.997574
0.997574
0.997574
0.997574
0.997574
0.997574
0.997574
0.997574
0.997574
0.997574
0.997574
0.997574
0.997574
0.997574
0.997574
0.997574
0.997574
0.997574
0.997574
0.997574
0.997574
0.997574
0.997574
0.997574
0.997574
0.997574
0.997574
0.997574
0.997574
0.997574
0.997574
0.997574
0.997574
0.997574
0.997574
0.997574
0.997574
0.997574
0.997574
0.997574
0.997574
0.997574
0.997574
0.997574
0.997574
0.997574
0.997574
0.997574
0.997574
0.997574
0.997574
0.997574
0.997574
0.997574
0.997574
0.997574
0.997574
0.997574
0.997574
0.997574
0.997574
0.997574
0.997574
0.997574
0.997574
0.997574
0.997574
0.997574
0.997574
0.997574
0.997574
0.997574
0.997574
0.997574
0.997574
0.997574
0.997574
0.997574
0.997574
0.997574
0.997574
0.997574
0.997574
0.997574
0.997574
0.997574
0.997574
0.997574
0.997574
0.997574
0.997574
0.997574
0.997574
0.997574
0.997574
0.997574
0.997574
0.997574
0.997574
0.997574
0.997574
0.997574
0.997574
0.997574
0.997574
0.997574
0.997574
0.997574
0.997574
0.997574
0.997574
0.997574
0.997574
0.997574
0.997574
0.997574
0.997574
0.997574
0.997574
0.997574
0.997574
0.997574
0.997574
0.997574
0.997574
0.997574
0.997574
0.997574
0.997574
0.997574
0.997574
0.997574
0.997574
0.997574
0.997574
0.997574
0.997574
0.997574
0.997574
0.997574
0.997574
0.997574
0.997574
0.997574
0.997574
0.997574
0.997574
0.997574
0.997574
0.997574
0.997574
0.997574
0.997574
0.997574
0.997574
0.997574
0.997574
0.997574
0.997574
0.997574
0.997574
0.997574
0.997574
0.997574
0.997574
0.997574
0.997574
0.997574
0.997574
0.997574
0.997574
0.997574
0.997574
0.997574
0.997574
0.997574
0.997574
0.997574
0.997574
0.997574
0.997574
0.997574
0.997574
0.997574
0.997574
0.997574
0.997574
0.997574
0.997574
0.997574
0.997574
0.997574
0.997574
0.997574
0.997574
0.997574
0.997574
0.997574
0.997574
0.997574
0.997574
0.997574
0.997574
0.997574
0.997574
0.997574
0.997574
0.997574
0.997574
0.997574
0.997574
0.997574
0.997574
0.997574
0.997574
0.997574
0.997574
0.997574
0.997574
0.997574
0.997574
0.997574
0.997574
0.997574
0.997574
0.997574
0.997574
0.997574
0.997574
0.997574
0.997574
0.997574
0.997574
0.997574
0.997574
0.997574
0.997574
0.997574
0.997574
0.997574
0.997574
0.997574
0.997574
0.997574
0.997574
0.997574
0.997574
0.997574
0.997574
0.997574
0.997574
0.997574
0.997574
0.997574
0.997574
0.997574
0.997574
0.997574
0.997574
0.997574
0.997574
0.997574
0.997574
0.997574
0.997574
0.997574
0.997574
0.997574
0.997574
0.997574
0.997574
0.997574
0.997574
0.997574
0.997574
0.997574
0.997574
0.997574
0.997574
0.997574
0.997574
0.997574
0.997574
0.997574
0.997574
0.997574
0.997574
0.997574
0.997574
0.997574
0.997574
0.997574
0.997574
0.997574
0.997574
0.997574
0.997574
0.997574
0.997574
0.997574
0.997574
0.997574
0.997574
0.997574
0.997574
0.997574
0.997574
0.997574
0.997574
0.997574
0.997574
0.997574
0.997574
0.997574
0.997574
0.997574
0.997574
0.997574
0.997574
0.997574
0.997574
0.997574
0.997574
0.997574
0.997574
0.997574
0.997574
0.997574
0.997574
0.997574
0.997574
0.997574
0.997574
0.997574
0.997574
0.997574
0.997574
0.997574
0.997574
0.997574
0.997574
0.997574
0.997574
0.997574
0.997574
0.997574
0.997574
0.997574
0.997574
0.997574
0.997574
0.997574
0.997574
0.997574
0.997574
0.997574
0.997574
0.997574
0.997574
0.997574
0.997574
0.997574
0.997574
0.997574
0.997574
0.997574
0.997574
0.997574
0.997574
0.997574
0.997574
0.997574
0.997574
0.997574
0.997574
0.997574
0.997574
0.997574
0.997574
0.997574
0.997574
0.997574
0.997574
0.997574
0.997574
0.997574
0.997574
0.997574
0.997574
0.997574
0.997574
0.997574
0.997574
0.997574
0.997574
0.997574
0.997574
0.997574
0.997574
0.997574
0.997574
0.997574
0.997574
0.997574
0.997574
0.997574
0.997574
0.997574
0.997574
0.997574
0.997574
0.997574
0.997574
0.997574
0.997574
0.997574
0.997574
0.997574
0.997574
0.997574
0.997574
0.997574
0.997574
0.997574
0.997574
0.997574
0.997574
0.997574
0.997574
0.997574
0.997574
0.997574
0.997574
0.997574
0.997574
0.997574
0.997574
0.997574
0.997574
0.997574
0.997574
0.997574
0.997574
0.997574
0.997574
0.997574
0.997574
0.997574
0.997574
0.997574
0.997574
0.997574
0.997574
0.997574
0.997574
0.997574
0.997574
0.997574
0.997574
0.997574
0.997574
0.997574
0.997574
0.997574
0.997574
0.997574
0.997574
0.997574
0.997574
0.997574
0.997574
0.997574
0.997574
0.997574
0.997574
0.997574
0.997574
0.997574
0.997574
0.997574
0.997574
0.997574
0.997574
0.997574
0.997574
0.997574
0.997574
0.997574
0.997574
0.997574
0.997574
0.997574
0.997574
0.997574
0.997574
0.997574
0.997574
0.997574
0.997574
0.997574
0.997574
0.997574
0.997574
0.997574
0.997574
0.997574
0.997574
0.997574
0.997574
0.997574
0.997574
0.997574
0.997574
0.997574
0.997574
0.997574
0.997574
0.997574
0.997574
0.997574
0.997574
0.997574
0.997574
0.997574
0.997574
0.997574
0.997574
0.997574
0.997574
0.997574
0.997574
0.997574
0.997574
0.997574
0.997574
0.997574
0.997574
0.997574
0.997574
0.997574
0.997574
0.997574
0.997574
0.997574
0.997574
0.997574
0.997574
0.997574
0.997574
0.997574
0.997574
0.997574
0.997574
0.997574
0.997574
0.997574
0.997574
0.997574
0.997574
0.997574
0.997574
0.997574
0.997574
0.997574
0.997574
0.997574
0.997574
0.997574
0.997574
0.997574
0.997574
0.997574
0.997574
0.997574
0.997574
0.997574
0.997574
0.997574
0.997574
0.997574
0.997574
0.997574
0.997574
0.997574
0.997574
0.997574
0.997574
0.997574
0.997574
0.997574
0.997574
0.997574
0.997574
0.997574
0.997574
0.997574
0.997574
0.997574
0.997574
0.997574
0.997574
0.997574
0.997574
0.997574
0.997574
0.997574
0.997574
0.997574
0.997574
0.997574
0.997574
0.997574
0.997574
0.997574
0.997574
0.997574
0.997574
0.997574
0.997574
0.997574
0.997574
0.997574
0.997574
0.997574
0.997574
0.997574
0.997574
0.997574
0.997574
0.997574
0.997574
0.997574
0.997574
0.997574
0.997574
0.997574
0.997574
0.997574
0.997574
0.997574
0.997574
0.997574
0.997574
0.997574
0.997574
0.997574
0.997574
0.997574
0.997574
0.997574
0.997574
0.997574
0.997574
0.997574
0.997574
0.997574
0.997574
0.997574
0.997574
0.997574
0.997574
0.997574
0.997574
0.997574
0.997574
0.997574
0.997574
0.997574
0.997574
0.997574
0.997574
0.997574
0.997574
0.997574
0.997574
0.997574
0.997574
0.997574
0.997574
0.997574
0.997574
0.997574
0.997574
0.997574
0.997574
0.997574
0.997574
0.997574
0.997574
0.997574
0.997574
0.997574
0.997574
0.997574
0.997574
0.997574
0.997574
0.997574
0.997574
0.997574
0.997574
0.997574
0.997574
0.997574
0.997574
0.997574
0.997574
0.997574
0.997574
0.997574
0.997574
0.997574
0.997574
0.997574
0.997574
0.997574
0.997574
0.997574
0.997574
0.997574
0.997574
0.997574
0.997574
0.997574
0.997574
0.997574
0.997574
0.997574
0.997574
0.997574
0.997574
0.997574
0.997574
0.997574
0.997574
0.997574
0.997574
0.997574
0.997574
0.997574
0.997574
0.997574
0.997574
0.997574
0.997574
0.997574
0.997574
0.997574
0.997574
0.997574
0.997574
0.997574
0.997574
0.997574
0.997574
0.997574
0.997574
0.997574
0.997574
0.997574
0.997574
0.997574
0.997574
0.997574
0.997574
0.997574
0.997574
0.997574
0.997574
0.997574
0.997574
0.997574
0.997574
0.997574
0.997574
0.997574
0.997574
0.997574
0.997574
0.997574
0.997574
0.997574
0.997574
0.997574
0.997574
0.997574
0.997574
0.997574
0.997574
0.997574
0.997574
0.997574
0.997574
0.997574
0.997574
0.997574
0.997574
0.997574
0.997574
0.997574
0.997574
0.997574
0.997574
0.997574
0.997574
0.997574
0.997574
0.997574
0.997574
0.997574
0.997574
0.997574
0.997574
0.997574
0.997574
0.997574
0.997574
0.997574
0.997574
0.997574
0.997574
0.997574
0.997574
0.997574
0.997574
0.997574
0.997574
0.997574
0.997574
0.997574
0.997574
0.997574
0.997574
0.997574
0.997574
0.997574
0.997574
0.997574
0.997574
0.997574
0.997574
0.997574
0.997574
0.997574
0.997574
0.997574
0.997574
0.997574
0.997574
0.997574
0.997574
0.997574
0.997574
0.997574
0.997574
0.997574
0.997574
0.997574
0.997574
0.997574
0.997574
0.997574
0.997574
0.997574
0.997574
0.997574
0.997574
0.997574
0.997574
0.997574
0.997574
0.997574
0.997574
0.997574
0.997574
0.997574
0.997574
0.997574
0.997574
0.997574
0.997574
0.997574
0.997574
0.997574
0.997574
0.997574
0.997574
0.997574
0.997574
0.997574
0.997574
0.997574
0.997574
0.997574
0.997574
0.997574
0.997574
0.997574
0.997574
0.997574
0.997574
0.997574
0.997574
0.997574
0.997574
0.997574
0.997574
0.997574
0.997574
0.997574
0.997574
0.997574
0.997574
0.997574
0.997574
0.997574
0.997574
0.997574
0.997574
0.997574
0.997574
0.997574
0.997574
0.997574
0.997574
0.997574
0.997574
0.997574
0.997574
0.997574
0.997574
0.997574
0.997574
0.997574
0.997574
0.997574
0.997574
0.997574
0.997574
0.997574
0.997574
0.997574
0.997574
0.997574
0.997574
0.997574
0.997574
0.997574
0.997574
0.997574
0.997574
0.997574
0.997574
0.997574
0.997574
0.997574
0.997574
0.997574
0.997574
0.997574
0.997574
0.997574
0.997574
0.997574
0.997574
0.997574
0.997574
0.997574
0.997574
0.997574
0.997574
0.997574
0.997574
0.997574
0.997574
0.997574
0.997574
0.997574
0.997574
0.997574
0.997574
0.997574
0.997574
0.997574
0.997574
0.997574
0.997574
0.997574
0.997574
0.997574
0.997574
0.997574
0.997574
0.997574
0.997574
0.997574
0.997574
0.997574
0.997574
0.997574
0.997574
0.997574
0.997574
0.997574
0.997574
0.997574
0.997574
0.997574
0.997574
0.997574
0.997574
0.997574
0.997574
0.997574
0.997574
0.997574
0.997574
0.997574
0.997574
0.997574
0.997574
0.997574
0.997574
0.997574
0.997574
0.997574
0.997574
0.997574
0.997574
0.997574
0.997574
0.997574
0.997574
0.997574
0.997574
0.997574
0.997574
0.997574
0.997574
0.997574
0.997574
0.997574
0.997574
0.997574
0.997574
0.997574
0.997574
0.997574
0.997574
0.997574
0.997574
0.997574
0.997574
0.997574
0.997574
0.997574
0.997574
0.997574
0.997574
0.997574
0.997574
0.997574
0.997574
0.997574
0.997574
0.997574
0.997574
0.997574
0.997574
0.997574
0.997574
0.997574
0.997574
0.997574
0.997574
0.997574
0.997574
0.997574
0.997574
0.997574
0.997574
0.997574
0.997574
0.997574
0.997574
0.997574
0.997574
0.997574
0.997574
0.997574
0.997574
0.997574
0.997574
0.997574
0.997574
0.997574
0.997574
0.997574
0.997574
0.997574
0.997574
0.997574
0.997574
0.997574
0.997574
0.997574
0.997574
0.997574
0.997574
0.997574
0.997574
0.997574
0.997574
0.997574
0.997574
0.997574
0.997574
0.997574
0.997574
0.997574
0.997574
0.997574
0.997574
0.997574
0.997574
0.997574
0.997574
0.997574
0.997574
0.997574
0.997574
0.997574
0.997574
0.997574
0.997574
0.997574
0.997574
0.997574
0.997574
0.997574
0.997574
0.997574
0.997574
0.997574
0.997574
0.997574
0.997574
0.997574
0.997574
0.997574
0.997574
0.997574
0.997574
0.997574
0.997574
0.997574
0.997574
0.997574
0.997574
0.997574
0.997574
0.997574
0.997574
0.997574
0.997574
0.997574
0.997574
0.997574
0.997574
0.997574
0.997574
0.997574
0.997574
0.997574
0.997574
0.997574
0.997574
0.997574
0.997574
0.997574
0.997574
0.997574
0.997574
0.997574
0.997574
0.997574
0.997574
0.997574
0.997574
0.997574
0.997574
0.997574
0.997574
0.997574
0.997574
0.997574
0.997574
0.997574
0.997574
0.997574
0.997574
0.997574
0.997574
0.997574
0.997574
0.997574
0.997574
0.997574
0.997574
0.997574
0.997574
0.997574
0.997574
0.997574
0.997574
0.997574
0.997574
0.997574
0.997574
0.997574
0.997574
0.997574
0.997574
0.997574
0.997574
0.997574
0.997574
0.997574
0.997574
0.997574
0.997574
0.997574
0.997574
0.997574
0.997574
0.997574
0.997574
0.997574
0.997574
0.997574
0.997574
0.997574
0.997574
0.997574
0.997574
0.997574
0.997574
0.997574
0.997574
0.997574
0.997574
0.997574
0.997574
0.997574
0.997574
0.997574
0.997574
0.997574
0.997574
0.997574
0.997574
0.997574
0.997574
0.997574
0.997574
0.997574
0.997574
0.997574
0.997574
0.997574
0.997574
0.997574
0.997574
0.997574
0.997574
0.997574
0.997574
0.997574
0.997574
0.997574
0.997574
0.997574
0.997574
0.997574
0.997574
0.997574
0.997574
0.997574
0.997574
0.997574
0.997574
0.997574
0.997574
0.997574
0.997574
0.997574
0.997574
0.997574
0.997574
0.997574
0.997574
0.997574
0.997574
0.997574
0.997574
0.997574
0.997574
0.997574
0.997574
0.997574
0.997574
0.997574
0.997574
0.997574
0.997574
0.997574
0.997574
0.997574
0.997574
0.997574
0.997574
0.997574
0.997574
0.997574
0.997574
0.997574
0.997574
0.997574
0.997574
0.997574
0.997574
0.997574
0.997574
0.997574
0.997574
0.997574
0.997574
0.997574
0.997574
0.997574
0.997574
0.997574
0.997574
0.997574
0.997574
0.997574
0.997574
0.997574
0.997574
0.997574
0.997574
0.997574
0.997574
0.997574
0.997574
0.997574
0.997574
0.997574
0.997574
0.997574
0.997574
0.997574
0.997574
0.997574
0.997574
0.997574
0.997574
0.997574
0.997574
0.997574
0.997574
0.997574
0.997574
0.997574
0.997574
0.997574
0.997574
0.997574
0.997574
0.997574
0.997574
0.997574
0.997574
0.997574
0.997574
0.997574
0.997574
0.997574
0.997574
0.997574
0.997574
0.997574
0.997574
0.997574
0.997574
0.997574
0.997574
0.997574
0.997574
0.997574
0.997574
0.997574
0.997574
0.997574
0.997574
0.997574
0.997574
0.997574
0.997574
0.997574
0.997574
0.997574
0.997574
0.997574
0.997574
0.997574
0.997574
0.997574
0.997574
0.997574
0.997574
0.997574
0.997574
0.997574
0.997574
0.997574
0.997574
0.997574
0.997574
0.997574
0.997574
0.997574
0.997574
0.997574
0.997574
0.997574
0.997574
0.997574
0.997574
0.997574
0.997574
0.997574
0.997574
0.997574
0.997574
0.997574
0.997574
0.997574
0.997574
0.997574
0.997574
0.997574
0.997574
0.997574
0.997574
0.997574
0.997574
0.997574
0.997574
0.997574
0.997574
0.997574
0.997574
0.997574
0.997574
0.997574
0.997574
0.997574
0.997574
0.997574
0.997574
0.997574
0.997574
0.997574
0.997574
0.997574
0.997574
0.997574
0.997574
0.997574
0.997574
0.997574
0.997574
0.997574
0.997574
0.997574
0.997574
0.997574
0.997574
0.997574
0.997574
0.997574
0.997574
0.997574
0.997574
0.997574
0.997574
0.997574
0.997574
0.997574
0.997574
0.997574
0.997574
0.997574
0.997574
0.997574
0.997574
0.997574
0.997574
0.997574
0.997574
0.997574
0.997574
0.997574
0.997574
0.997574
0.997574
0.997574
0.997574
0.997574
0.997574
0.997574
0.997574
0.997574
0.997574
0.997574
0.997574
0.997574
0.997574
0.997574
0.997574
0.997574
0.997574
0.997574
0.997574
0.997574
0.997574
0.997574
0.997574
0.997574
0.997574
0.997574
0.997574
0.997574
0.997574
0.997574
0.997574
0.997574
0.997574
0.997574
0.997574
0.997574
0.997574
0.997574
0.997574
0.997574
0.997574
0.997574
0.997574
0.997574
0.997574
0.997574
0.997574
0.997574
0.997574
0.997574
0.997574
0.997574
0.997574
0.997574
0.997574
0.997574
0.997574
0.997574
0.997574
0.997574
0.997574
0.997574
0.997574
0.997574
0.997574
0.997574
0.997574
0.997574
0.997574
0.997574
0.997574
0.997574
0.997574
0.997574
0.997574
0.997574
0.997574
0.997574
0.997574
0.997574
0.997574
0.997574
0.997574
0.997574
0.997574
0.997574
0.997574
0.997574
0.997574
0.997574
0.997574
0.997574
0.997574
0.997574
0.997574
0.997574
0.997574
0.997574
0.997574
0.997574
0.997574
0.997574
0.997574
0.997574
0.997574
0.997574
0.997574
0.997574
0.997574
0.997574
0.997574
0.997574
0.997574
0.997574
0.997574
0.997574
0.997574
0.997574
0.997574
0.997574
0.997574
0.997574
0.997574
0.997574
0.997574
0.997574
0.997574
0.997574
0.997574
0.997574
0.997574
0.997574
0.997574
0.997574
0.997574
0.997574
0.997574
0.997574
0.997574
0.997574
0.997574
0.997574
0.997574
0.997574
0.997574
0.997574
0.997574
0.997574
0.997574
0.997574
0.997574
0.997574
0.997574
0.997574
0.997574
0.997574
0.997574
0.997574
0.997574
0.997574
0.997574
0.997574
0.997574
0.997574
0.997574
0.997574
0.997574
0.997574
0.997574
0.997574
0.997574
0.997574
0.997574
0.997574
0.997574
0.997574
0.997574
0.997574
0.997574
0.997574
0.997574
0.997574
0.997574
0.997574
0.997574
0.997574
0.997574
0.997574
0.997574
0.997574
0.997574
0.997574
0.997574
0.997574
0.997574
0.997574
0.997574
0.997574
0.997574
0.997574
0.997574
0.997574
0.997574
0.997574
0.997574
0.997574
0.997574
0.997574
0.997574
0.997574
0.997574
0.997574
0.997574
0.997574
0.997574
0.997574
0.997574
0.997574
0.997574
0.997574
0.997574
0.997574
0.997574
0.997574
0.997574
0.997574
0.997574
0.997574
0.997574
0.997574
0.997574
0.997574
0.997574
0.997574
0.997574
0.997574
0.997574
0.997574
0.997574
0.997574
0.997574
0.997574
0.997574
0.997574
0.997574
0.997574
0.997574
0.997574
0.997574
0.997574
0.997574
0.997574
0.997574
0.997574
0.997574
0.997574
0.997574
0.997574
0.997574
0.997574
0.997574
0.997574
0.997574
0.997574
0.997574
0.997574
0.997574
0.997574
0.997574
0.997574
0.997574
0.997574
0.997574
0.997574
0.997574
0.997574
0.997574
0.997574
0.997574
0.997574
0.997574
0.997574
0.997574
0.997574
0.997574
0.997574
0.997574
0.997574
0.997574
0.997574
0.997574
0.997574
0.997574
0.997574
0.997574
0.997574
0.997574
0.997574
0.997574
0.997574
0.997574
0.997574
0.997574
0.997574
0.997574
0.997574
0.997574
0.997574
0.997574
0.997574
0.997574
0.997574
0.997574
0.997574
0.997574
0.997574
0.997574
0.997574
0.997574
0.997574
0.997574
0.997574
0.997574
0.997574
0.997574
0.997574
0.997574
0.997574
0.997574
0.997574
0.997574
0.997574
0.997574
0.997574
0.997574
0.997574
0.997574
0.997574
0.997574
0.997574
0.997574
0.997574
0.997574
0.997574
0.997574
0.997574
0.997574
0.997574
0.997574
0.997574
0.997574
0.997574
0.997574
0.997574
0.997574
0.997574
0.997574
0.997574
0.997574
0.997574
0.997574
0.997574
0.997574
0.997574
0.997574
0.997574
0.997574
0.997574
0.997574
0.997574
0.997574
0.997574
0.997574
0.997574
0.997574
0.997574
0.997574
0.997574
0.997574
0.997574
0.997574
0.997574
0.997574
0.997574
0.997574
0.997574
0.997574
0.997574
0.997574
0.997574
0.997574
0.997574
0.997574
0.997574
0.997574
0.997574
0.997574
0.997574
0.997574
0.997574
0.997574
0.997574
0.997574
0.997574
0.997574
0.997574
0.997574
0.997574
0.997574
0.997574
0.997574
0.997574
0.997574
0.997574
0.997574
0.997574
0.997574
0.997574
0.997574
0.997574
0.997574
0.997574
0.997574
0.997574
0.997574
0.997574
0.997574
0.997574
0.997574
0.997574
0.997574
0.997574
0.997574
0.997574
0.997574
0.997574
0.997574
0.997574
0.997574
0.997574
0.997574
0.997574
0.997574
0.997574
0.997574
0.997574
0.997574
0.997574
0.997574
0.997574
0.997574
0.997574
0.997574
0.997574
0.997574
0.997574
0.997574
0.997574
0.997574
0.997574
0.997574
0.997574
0.997574
0.997574
0.997574
0.997574
0.997574
0.997574
0.997574
0.997574
0.997574
0.997574
0.997574
0.997574
0.997574
0.997574
0.997574
0.997574
0.997574
0.997574
0.997574
0.997574
0.997574
0.997574
0.997574
0.997574
0.997574
0.997574
0.997574
0.997574
0.997574
0.997574
0.997574
0.997574
0.997574
0.997574
0.997574
0.997574
0.997574
0.997574
0.997574
0.997574
0.997574
0.997574
0.997574
0.997574
0.997574
0.997574
0.997574
0.997574
0.997574
0.997574
0.997574
0.997574
0.997574
0.997574
0.997574
0.997574
0.997574
0.997574
0.997574
0.997574
0.997574
0.997574
0.997574
0.997574
0.997574
0.997574
0.997574
0.997574
0.997574
0.997574
0.997574
0.997574
0.997574
0.997574
0.997574
0.997574
0.997574
0.997574
0.997574
0.997574
0.997574
0.997574
0.997574
0.997574
0.997574
0.997574
0.997574
0.997574
0.997574
0.997574
0.997574
0.997574
0.997574
0.997574
0.997574
0.997574
0.997574
0.997574
0.997574
0.997574
0.997574
0.997574
0.997574
0.997574
0.997574
0.997574
0.997574
0.997574
0.997574
0.997574
0.997574
0.997574
0.997574
0.997574
0.997574
0.997574
0.997574
0.997574
0.997574
0.997574
0.997574
0.997574
0.997574
0.997574
0.997574
0.997574
0.997574
0.997574
0.997574
0.997574
0.997574
0.997574
0.997574
0.997574
0.997574
0.997574
0.997574
0.997574
0.997574
0.997574
0.997574
0.997574
0.997574
0.997574
0.997574
0.997574
0.997574
0.997574
0.997574
0.997574
0.997574
0.997574
0.997574
0.997574
0.997574
0.997574
0.997574
0.997574
0.997574
0.997574
0.997574
0.997574
0.997574
0.997574
0.997574
0.997574
0.997574
0.997574
0.997574
0.997574
0.997574
0.997574
0.997574
0.997574
0.997574
0.997574
0.997574
0.997574
0.997574
0.997574
0.997574
0.997574
0.997574
0.997574
0.997574
0.997574
0.997574
0.997574
0.997574
0.997574
0.997574
0.997574
0.997574
0.997574
0.997574
0.997574
0.997574
0.997574
0.997574
0.997574
0.997574
0.997574
0.997574
0.997574
0.997574
0.997574
0.997574
0.997574
0.997574
0.997574
0.997574
0.997574
0.997574
0.997574
0.997574
0.997574
0.997574
0.997574
0.997574
0.997574
0.997574
0.997574
0.997574
0.997574
0.997574
0.997574
0.997574
0.997574
0.997574
0.997574
0.997574
0.997574
0.997574
0.997574
0.997574
0.997574
0.997574
0.997574
0.997574
0.997574
0.997574
0.997574
0.997574
0.997574
0.997574
0.997574
0.997574
0.997574
0.997574
0.997574
0.997574
0.997574
0.997574
0.997574
0.997574
0.997574
0.997574
0.997574
0.997574
0.997574
0.997574
0.997574
0.997574
0.997574
0.997574
0.997574
0.997574
0.997574
0.997574
0.997574
0.997574
0.997574
0.997574
0.997574
0.997574
0.997574
0.997574
0.997574
0.997574
0.997574
0.997574
0.997574
0.997574
0.997574
0.997574
0.997574
0.997574
0.997574
0.997574
0.997574
0.997574
0.997574
0.997574
0.997574
0.997574
0.997574
0.997574
0.997574
0.997574
0.997574
0.997574
0.997574
0.997574
0.997574
0.997574
0.997574
0.997574
0.997574
0.997574
0.997574
0.997574
0.997574
0.997574
0.997574
0.997574
0.997574
0.997574
0.997574
0.997574
0.997574
0.997574
0.997574
0.997574
0.997574
0.997574
0.997574
0.997574
0.997574
0.997574
0.997574
0.997574
0.997574
0.997574
0.997574
0.997574
0.997574
0.997574
0.997574
0.997574
0.997574
0.997574
0.997574
0.997574
0.997574
0.997574
0.997574
0.997574
0.997574
0.997574
0.997574
0.997574
0.997574
0.997574
0.997574
0.997574
0.997574
0.997574
0.997574
0.997574
0.997574
0.997574
0.997574
0.997574
0.997574
0.997574
0.997574
0.997574
0.997574
0.997574
0.997574
0.997574
0.997574
0.997574
0.997574
0.997574
0.997574
0.997574
0.997574
0.997574
0.997574
0.997574
0.997574
0.997574
0.997574
0.997574
0.997574
0.997574
0.997574
0.997574
0.997574
0.997574
0.997574
0.997574
0.997574
0.997574
0.997574
0.997574
0.997574
0.997574
0.997574
0.997574
0.997574
0.997574
0.997574
0.997574
0.997574
0.997574
0.997574
0.997574
0.997574
0.997574
0.997574
0.997574
0.997574
0.997574
0.997574
0.997574
0.997574
0.997574
0.997574
0.997574
0.997574
0.997574
0.997574
0.997574
0.997574
0.997574
0.997574
0.997574
0.997574
0.997574
0.997574
0.997574
0.997574
0.997574
0.997574
0.997574
0.997574
0.997574
0.997574
0.997574
0.997574
0.997574
0.997574
0.997574
0.997574
0.997574
0.997574
0.997574
0.997574
0.997574
0.997574
0.997574
0.997574
0.997574
0.997574
0.997574
0.997574
0.997574
0.997574
0.997574
0.997574
0.997574
0.997574
0.997574
0.997574
0.997574
0.997574
0.997574
0.997574
0.997574
0.997574
0.997574
0.997574
0.997574
0.997574
0.997574
0.997574
0.997574
0.997574
0.997574
0.997574
0.997574
0.997574
0.997574
0.997574
0.997574
0.997574
0.997574
0.997574
0.997574
0.997574
0.997574
0.997574
0.997574
0.997574
0.997574
0.997574
0.997574
0.997574
0.997574
0.997574
0.997574
0.997574
0.997574
0.997574
0.997574
0.997574
0.997574
0.997574
0.997574
0.997574
0.997574
0.997574
0.997574
0.997574
0.997574
0.997574
0.997574
0.997574
0.997574
0.997574
0.997574
0.997574
0.997574
0.997574
0.997574
0.997574
0.997574
0.997574
0.997574
0.997574
0.997574
0.997574
0.997574
0.997574
0.997574
0.997574
0.997574
0.997574
0.997574
0.997574
0.997574
0.997574
0.997574
0.997574
0.997574
0.997574
0.997574
0.997574
0.997574
0.997574
0.997574
0.997574
0.997574
0.997574
0.997574
0.997574
0.997574
0.997574
0.997574
0.997574
0.997574
0.997574
0.997574
0.997574
0.997574
0.997574
0.997574
0.997574
0.997574
0.997574
0.997574
0.997574
0.997574
0.997574
0.997574
0.997574
0.997574
0.997574
0.997574
0.997574
0.997574
0.997574
0.997574
0.997574
0.997574
0.997574
0.997574
0.997574
0.997574
0.997574
0.997574
0.997574
0.997574
0.997574
0.997574
0.997574
0.997574
0.997574
0.997574
0.997574
0.997574
0.997574
0.997574
0.997574
0.997574
0.997574
0.997574
0.997574
0.997574
0.997574
0.997574
0.997574
0.997574
0.997574
0.997574
0.997574
0.997574
0.997574
0.997574
0.997574
0.997574
0.997574
0.997574
0.997574
0.997574
0.997574
0.997574
0.997574
0.997574
0.997574
0.997574
0.997574
0.997574
0.997574
0.997574
0.997574
0.997574
0.997574
0.997574
0.997574
0.997574
0.997574
0.997574
0.997574
0.997574
0.997574
0.997574
0.997574
0.997574
0.997574
0.997574
0.997574
0.997574
0.997574
0.997574
0.997574
0.997574
0.997574
0.997574
0.997574
0.997574
0.997574
0.997574
0.997574
0.997574
0.997574
0.997574
0.997574
0.997574
0.997574
0.997574
0.997574
0.997574
0.997574
0.997574
0.997574
0.997574
0.997574
0.997574
0.997574
0.997574
0.997574
0.997574
0.997574
0.997574
0.997574
0.997574
0.997574
0.997574
0.997574
0.997574
0.997574
0.997574
0.997574
0.997574
0.997574
0.997574
0.997574
0.997574
0.997574
0.997574
0.997574
0.997574
0.997574
0.997574
0.997574
0.997574
0.997574
0.997574
0.997574
0.997574
0.997574
0.997574
0.997574
0.997574
0.997574
0.997574
0.997574
0.997574
0.997574
0.997574
0.997574
0.997574
0.997574
0.997574
0.997574
0.997574
0.997574
0.997574
0.997574
0.997574
0.997574
0.997574
0.997574
0.997574
0.997574
0.997574
0.997574
0.997574
0.997574
0.997574
0.997574
0.997574
0.997574
0.997574
0.997574
0.997574
0.997574
0.997574
0.997574
0.997574
0.997574
0.997574
0.997574
0.997574
0.997574
0.997574
0.997574
0.997574
0.997574
0.997574
0.997574
0.997574
0.997574
0.997574
0.997574
0.997574
0.997574
0.997574
0.997574
0.997574
0.997574
0.997574
0.997574
0.997574
0.997574
0.997574
0.997574
0.997574
0.997574
0.997574
0.997574
0.997574
0.997574
0.997574
0.997574
0.997574
0.997574
0.997574
0.997574
0.997574
0.997574
0.997574
0.997574
0.997574
0.997574
0.997574
0.997574
0.997574
0.997574
0.997574
0.997574
0.997574
0.997574
0.997574
0.997574
0.997574
0.997574
0.997574
0.997574
0.997574
0.997574
0.997574
0.997574
0.997574
0.997574
0.997574
0.997574
0.997574
0.997574
0.997574
0.997574
0.997574
0.997574
0.997574
0.997574
0.997574
0.997574
0.997574
0.997574
0.997574
0.997574
0.997574
0.997574
0.997574
0.997574
0.997574
0.997574
0.997574
0.997574
0.997574
0.997574
0.997574
0.997574
0.997574
0.997574
0.997574
0.997574
0.997574
0.997574
0.997574
0.997574
0.997574
0.997574
0.997574
0.997574
0.997574
0.997574
0.997574
0.997574
0.997574
0.997574
0.997574
0.997574
0.997574
0.997574
0.997574
0.997574
0.997574
0.997574
0.997574
0.997574
0.997574
0.997574
0.997574
0.997574
0.997574
0.997574
0.997574
0.997574
0.997574
0.997574
0.997574
0.997574
0.997574
0.997574
0.997574
0.997574
0.997574
0.997574
0.997574
0.997574
0.997574
0.997574
0.997574
0.997574
0.997574
0.997574
0.997574
0.997574
0.997574
0.997574
0.997574
0.997574
0.997574
0.997574
0.997574
0.997574
0.997574
0.997574
0.997574
0.997574
0.997574
0.997574
0.997574
0.997574
0.997574
0.997574
0.997574
0.997574
0.997574
0.997574
0.997574
0.997574
0.997574
0.997574
0.997574
0.997574
0.997574
0.997574
0.997574
0.997574
0.997574
0.997574
0.997574
0.997574
0.997574
0.997574
0.997574
0.997574
0.997574
0.997574
0.997574
0.997574
0.997574
0.997574
0.997574
0.997574
0.997574
0.997574
0.997574
0.997574
0.997574
0.997574
0.997574
0.997574
0.997574
0.997574
0.997574
0.997574
0.997574
0.997574
0.997574
0.997574
0.997574
0.997574
0.997574
0.997574
0.997574
0.997574
0.997574
0.997574
0.997574
0.997574
0.997574
0.997574
0.997574
0.997573
0.997573
0.997573
0.997572
0.997571
0.99757
0.997569
0.997568
0.997565
0.997563
0.997559
0.997555
0.997549
0.997542
0.997532
0.997521
0.997507
0.997489
0.997467
0.99744
0.997407
0.997367
0.997319
0.997262
0.997193
0.997111
0.997015
0.996902
0.99677
0.996617
0.996441
0.996239
0.996008
0.995746
0.995451
0.99512
0.994751
0.994341
0.993888
0.993391
0.992847
0.992256
0.991616
0.990926
0.990186
0.989396
0.988554
0.987662
0.98672
0.985729
0.984689
0.983602
0.982468
0.98129
0.980069
0.978806
0.977503
0.976162
0.974784
0.973371
0.971925
0.970448
0.968941
0.967406
0.965845
0.964258
0.962648
0.961016
0.959363
0.957691
0.956001
0.954293
0.95257
0.950832
0.94908
0.947315
0.945538
0.943749
0.94195
0.940142
0.938324
0.936498
0.934664
0.932822
0.930974
0.92912
0.92726
0.925394
0.923524
0.921649
0.91977
0.917887
0.916001
0.914111
0.912219
0.910324
0.908427
0.906527
0.904626
0.902723
0.900818
0.898913
0.897006
0.895098
0.89319
0.891281
0.889372
0.887463
0.885553
0.883644
0.881735
0.879826
0.877918
0.87601
0.874103
0.872196
0.870291
0.868386
0.866483
0.86458
0.862679
0.86078
0.858881
0.856984
0.855089
0.853195
0.851303
0.849413
0.847524
0.845638
0.843753
0.84187
0.839989
0.838111
0.836234
0.834359
0.832487
0.830617
0.828749
0.826883
0.82502
0.823159
0.821301
0.819445
0.817591
0.81574
0.813891
0.812045
0.810202
0.808361
0.806523
0.804687
0.802854
0.801023
0.799196
0.797371
0.795548
0.793729
0.791912
0.790098
0.788287
0.786478
0.784673
0.78287
0.78107
0.779273
0.777478
0.775687
0.773898
0.772113
0.77033
0.76855
0.766773
0.764999
0.763228
0.76146
0.759695
0.757932
0.756173
0.754417
0.752663
0.750913
0.749166
0.747421
0.74568
0.743941
0.742206
0.740474
0.738744
0.737018
0.735295
0.733574
0.731857
0.730143
0.728431
0.726723
0.725018
0.723316
0.721617
0.71992
0.718227
0.716537
0.71485
0.713166
0.711486
0.709808
0.708133
0.706461
0.704793
0.703127
0.701464
0.699805
0.698148
0.696495
0.694845
0.693197
0.691553
0.689912
0.688274
0.686639
0.685007
0.683378
0.681752
0.680129
0.678509
0.676893
0.675279
0.673668
0.672061
0.670456
0.668855
0.667256
0.665661
0.664069
0.662479
0.660893
0.65931
0.65773
0.656152
0.654578
0.653007
0.651439
0.649874
0.648312
0.646754
0.645198
0.643645
0.642095
0.640549
0.639004
0.637466
0.635924
0.634396
0.632853
0.631343
0.629789
0.628307
0.626731
0.625291
0.623679
0.622291
0.620638
0.619297
0.617622
0.616298
0.614641
0.613284
0.611695
0.610267
0.608765
0.607272
0.605825
0.604317
0.602871
0.601392
0.599924
0.598473
0.597002
0.595552
0.594099
0.592644
0.591202
0.589755
0.588313
0.586878
0.58544
0.584008
0.58258
0.581153
0.57973
0.57831
0.576892
0.575478
0.574067
0.572659
0.571254
0.569852
0.568452
0.567056
0.565663
0.564273
0.562886
0.561502
0.560121
0.558743
0.557369
0.555996
0.554628
0.553262
0.551899
0.55054
0.549183
0.54783
0.546479
0.545132
0.543788
0.542447
0.541108
0.539773
0.538442
0.537113
0.535788
0.534465
0.533146
0.53183
0.530517
0.529207
0.527901
0.526597
0.525297
0.524001
0.522707
0.521417
0.52013
0.518846
0.517566
0.516289
0.515015
0.513745
0.512478
0.511215
0.509955
0.508698
0.507446
0.506196
0.50495
0.503708
0.50247
0.501235
0.500004
0.498777
0.497553
0.496334
0.495118
0.493906
0.492698
0.491495
0.490295
0.4891
0.487908
0.486722
0.485539
0.484361
0.483188
0.482019
0.480855
0.479696
0.478542
0.477392
0.476248
0.475109
0.473976
0.472848
0.471726
0.470609
0.469499
0.468394
0.467296
0.466205
0.46512
0.464042
0.462971
0.461908
0.460852
0.459804
0.458764
0.457732
0.456709
0.455696
0.454691
0.453696
0.452712
0.451738
0.450774
0.449822
0.448881
0.447953
0.447038
0.446135
0.445247
0.444372
0.443513
0.442668
0.44184
0.441028
0.440233
0.439457
0.438698
0.437959
0.437239
0.43654
0.435861
0.435204
0.434569
0.433957
0.433368
0.432802
0.43226
0.431743
0.43125
0.430782
0.430339
0.42992
0.429527
0.429158
0.428813
0.428493
0.428196
0.427922
0.42767
0.427439
0.427229
0.427039
0.426867
0.426713
0.426576
0.426453
0.426345
0.42625
0.426167
0.426095
0.426032
0.425978
0.425932
0.425892
0.425859
0.42583
0.425807
0.425787
0.42577
0.425756
0.425745
0.425735
0.425727
0.42572
0.425715
0.42571
0.425706
0.425703
0.4257
0.425697
0.425695
0.425693
0.425691
0.425689
0.425687
0.425686
0.425684
0.425683
0.425682
0.42568
0.425679
0.425678
0.425676
0.425675
0.425674
0.425672
0.425671
0.42567
0.425668
0.425667
0.425665
0.425664
0.425662
0.425661
0.425659
0.425658
0.425656
0.425655
0.425653
0.425652
0.42565
0.425649
0.425647
0.425646
0.425644
0.425643
0.425641
0.42564
0.425638
0.425636
0.425635
0.425633
0.425632
0.42563
0.425628
0.425627
0.425625
0.425624
0.425622
0.42562
0.425619
0.425617
0.425615
0.425614
0.425612
0.42561
0.425609
0.425607
0.425605
0.425604
0.425602
0.425601
0.425599
0.425597
0.425596
0.425594
0.425593
0.425591
0.425589
0.425588
0.425586
0.425585
0.425583
0.425581
0.42558
0.425578
0.425576
0.425574
0.425573
0.425571
0.425569
0.425567
0.425565
0.425563
0.425561
0.425559
0.425557
0.425555
0.425553
0.425551
0.425548
0.425546
0.425544
0.425542
0.425539
0.425537
0.425534
0.425532
0.42553
0.425527
0.425525
0.425522
0.425519
0.425517
0.425514
0.425512
0.425509
0.425506
0.425503
0.425501
0.425498
0.425495
0.425492
0.425489
0.425486
0.425483
0.42548
0.425477
0.425474
0.42547
0.425467
0.425464
0.425461
0.425457
0.425454
0.42545
0.425447
0.425443
0.42544
0.425436
0.425432
0.425429
0.425425
0.425421
0.425417
0.425413
0.425409
0.425405
0.425401
0.425396
0.425392
0.425388
0.425383
0.425379
0.425374
0.425369
0.425365
0.42536
0.425355
0.42535
0.425345
0.42534
0.425334
0.425329
0.425323
0.425318
0.425312
0.425306
0.425301
0.425295
0.425288
0.425282
0.425276
0.425269
0.425263
0.425256
0.425249
0.425242
0.425235
0.425228
0.42522
0.425213
0.425205
0.425197
0.425189
0.42518
0.425172
0.425163
0.425154
0.425145
0.425136
0.425126
0.425116
0.425106
0.425096
0.425085
0.425074
0.425063
0.425052
0.42504
0.425028
0.425015
0.425002
0.424989
0.424976
0.424962
0.424947
0.424932
0.424917
0.424901
0.424885
0.424868
0.42485
0.424832
0.424814
0.424794
0.424774
0.424753
0.424732
0.424709
0.424686
0.424661
0.424636
0.424609
0.424581
0.424552
0.424522
0.42449
0.424457
0.424422
0.424385
0.424346
0.424305
0.424262
0.424215
0.424165
0.424111
0.424053
0.423992
0.423926
0.423858
0.423789
0.423718
0.423647
0.423575
0.423498
0.423412
0.423305
0.423164
0.422969
0.422693
0.422304
0.421764
0.42103
0.420053
0.418785
0.417176
0.415178
0.41275
0.409857
0.406473
0.402586
0.398197
0.39332
0.387986
0.382238
0.376131
0.369733
0.363119
0.356368
0.349563
0.342783
0.336107
0.329605
0.323339
0.317363
0.31172
0.306442
0.301551
0.297057
0.292965
0.289269
0.285958
0.283015
0.280419
0.278145
0.276169
0.274464
0.273002
0.271758
0.270706
0.269823
0.269086
0.268475
0.267971
0.267559
0.267224
0.266953
0.266735
0.26656
0.266422
0.266312
0.266226
0.266158
0.266105
0.266064
0.266032
0.266007
0.265988
0.265973
0.265962
0.265953
0.265946
0.26594
0.265935
0.265932
0.265929
0.265926
0.265924
0.265923
0.265921
0.26592
0.265919
0.265918
0.265917
0.265917
0.265916
0.265915
0.265915
0.265915
0.265914
0.265914
0.265913
0.265913
0.265913
0.265913
0.265912
0.265912
0.265912
0.265912
0.265912
0.265912
0.265912
0.265912
0.265911
0.265911
0.265911
0.265911
0.265911
0.265911
0.265911
0.265911
0.265911
0.265911
0.265911
0.26591
0.26591
0.26591
0.26591
0.26591
0.26591
0.26591
0.26591
0.265909
0.265909
0.265909
0.265909
0.265909
0.265909
0.265909
0.265909
0.265909
0.265909
0.265908
0.265908
0.265908
0.265908
0.265908
0.265908
0.265907
0.265907
0.265907
0.265907
0.265907
0.265907
0.265907
0.265907
0.265907
0.265907
0.265907
0.265907
0.265907
0.265907
0.265906
0.265906
0.265906
0.265906
0.265906
0.265906
0.265905
0.265905
0.265905
0.265905
0.265905
0.265905
0.265905
0.265905
0.265905
0.265905
0.265905
0.265905
0.265905
0.265905
0.265905
0.265905
0.265905
0.265904
0.265904
0.265904
0.265904
0.265904
0.265904
0.265904
0.265903
0.265903
0.265903
0.265903
0.265903
0.265903
0.265903
0.265903
0.265903
0.265903
0.265903
0.265903
0.265903
0.265903
0.265903
0.265903
0.265902
0.265902
0.265902
0.265902
0.265902
0.265902
0.265902
0.265902
0.265902
0.265902
0.265902
0.265902
0.265902
0.265902
0.265902
0.265902
0.265902
0.265902
0.265901
0.265901
0.265901
0.265901
0.2659
0.2659
0.2659
0.2659
0.2659
0.2659
0.2659
0.2659
0.2659
0.2659
0.2659
0.2659
0.2659
0.2659
0.2659
0.2659
0.2659
0.265899
0.265899
0.265899
0.265898
0.265898
0.265898
0.265898
0.265897
0.265897
0.265897
0.265897
0.265897
0.265897
0.265897
0.265897
0.265897
0.265897
0.265897
0.265898
0.265897
0.265897
0.265897
0.265897
0.265896
0.265896
0.265896
0.265895
0.265895
0.265894
0.265894
0.265893
0.265893
0.265893
0.265893
0.265894
0.265894
0.265894
0.265894
0.265894
0.265893
0.265892
0.265888
0.265881
0.26587
0.265846
0.2658
0.265707
0.265522
0.265115
0.264314
0.262371
0.257901
0.247489
0.225662
0.193718
0.161674
0.139795
0.129511
0.126002
0.125028
0.124779
0.124717
0.124702
0.124698
0.124697
0.124697
0.124697
0.124697
0.124697
0.124697
0.124697
0.124697
0.124697
0.124697
0.124697
0.124697
0.124697
0.124697
0.124697
0.124697
0.124697
0.124697
0.124697
0.124697
0.124697
0.124697
0.124697
0.124697
0.124697
0.124697
0.124697
0.124697
0.124697
0.124697
0.124697
0.124697
0.124697
0.124697
0.124697
0.124697
0.124697
0.124697
0.124697
0.124697
0.124697
0.124697
0.124697
0.124697
0.124697
0.124697
0.124697
0.124697
0.124697
0.124697
0.124697
0.124697
0.124697
0.124697
0.124697
0.124697
0.124697
0.124697
0.124697
0.124697
0.124697
0.124697
0.124697
0.124697
0.124697
0.124697
0.124697
0.124697
0.124697
0.124697
0.124697
0.124697
0.124697
0.124697
0.124697
0.124697
0.124697
0.124697
0.124697
0.124697
0.124697
0.124697
0.124697
0.124697
0.124697
0.124697
0.124697
0.124697
0.124697
0.124697
0.124697
0.124697
0.124697
0.124697
0.124697
0.124697
0.124697
0.124697
0.124697
0.124697
0.124697
0.124697
0.124697
0.124697
0.124697
0.124697
0.124697
0.124697
0.124697
0.124697
0.124697
0.124697
0.124697
0.124697
0.124697
0.124697
0.124697
0.124697
0.124697
0.124697
0.124697
0.124697
0.124697
0.124697
0.124697
0.124697
0.124697
0.124697
0.124697
0.124697
0.124697
0.124697
0.124697
0.124697
0.124697
0.124697
0.124697
0.124697
0.124697
0.124697
0.124697
0.124697
0.124697
0.124697
0.124697
0.124697
0.124697
0.124697
0.124697
0.124697
0.124697
0.124697
0.124697
0.124697
0.124697
0.124697
0.124697
0.124697
0.124697
0.124697
0.124697
0.124697
0.124697
0.124697
0.124697
0.124697
0.124697
0.124697
0.124697
0.124697
0.124697
0.124697
0.124697
0.124697
0.124697
0.124697
0.124697
0.124697
0.124697
0.124697
0.124697
0.124697
0.124697
0.124697
0.124697
0.124697
0.124697
0.124697
0.124697
0.124697
0.124697
0.124697
0.124697
0.124697
0.124697
0.124697
0.124697
0.124697
0.124697
0.124697
0.124697
0.124697
0.124697
0.124697
0.124697
0.124697
0.124697
0.124697
0.124697
0.124697
0.124697
0.124697
0.124697
0.124697
0.124697
0.124697
0.124697
0.124697
0.124697
0.124697
0.124697
0.124697
0.124697
0.124697
0.124697
0.124697
0.124697
0.124697
0.124697
0.124697
0.124697
0.124697
0.124697
0.124697
0.124697
0.124697
0.124697
0.124697
0.124697
0.124697
0.124697
0.124697
0.124697
0.124697
0.124697
0.124697
0.124697
0.124697
0.124697
0.124697
0.124697
0.124697
0.124697
0.124697
0.124697
0.124697
0.124697
0.124697
0.124697
0.124697
0.124697
0.124697
0.124697
0.124697
0.124697
0.124697
0.124697
0.124697
0.124697
0.124697
0.124697
0.124697
0.124697
0.124697
0.124697
0.124697
0.124697
0.124697
0.124697
0.124697
0.124697
0.124697
0.124697
0.124697
0.124697
0.124697
0.124697
0.124697
0.124697
0.124697
0.124697
0.124697
0.124697
0.124697
0.124697
0.124697
0.124697
0.124697
0.124697
0.124697
0.124697
0.124697
0.124697
0.124697
0.124697
0.124697
0.124697
0.124697
0.124697
0.124697
0.124697
0.124697
0.124697
0.124697
0.124697
0.124697
0.124697
0.124697
0.124697
0.124697
0.124697
0.124697
0.124697
0.124697
0.124697
0.124697
0.124697
0.124697
0.124697
0.124697
0.124697
0.124697
0.124697
0.124697
0.124697
0.124697
0.124697
0.124697
0.124697
0.124697
0.124697
0.124697
0.124697
0.124697
0.124697
0.124697
0.124697
0.124697
0.124697
0.124697
0.124697
0.124697
0.124697
0.124697
0.124697
0.124697
0.124697
0.124697
0.124697
0.124697
0.124697
0.124697
0.124697
0.124697
0.124697
0.124697
0.124697
0.124697
0.124697
0.124697
0.124697
0.124697
0.124697
0.124697
0.124697
0.124697
0.124697
0.124697
0.124697
0.124697
0.124697
0.124697
0.124697
0.124697
0.124697
0.124697
0.124697
0.124697
0.124697
0.124697
0.124697
0.124697
0.124697
0.124697
0.124697
0.124697
0.124697
0.124697
0.124697
0.124697
0.124697
0.124697
0.124697
0.124697
0.124697
0.124697
0.124697
0.124697
0.124697
0.124697
0.124697
0.124697
0.124697
0.124697
0.124697
0.124697
0.124697
0.124697
0.124697
0.124697
0.124697
0.124697
0.124697
0.124697
0.124697
0.124697
0.124697
0.124697
0.124697
0.124697
0.124697
0.124697
0.124697
0.124697
0.124697
0.124697
0.124697
0.124697
0.124697
0.124697
0.124697
0.124697
0.124697
0.124697
0.124697
0.124697
0.124697
0.124697
0.124697
0.124697
0.124697
0.124697
0.124697
0.124697
0.124697
0.124697
0.124697
0.124697
0.124697
0.124697
0.124697
0.124697
0.124697
0.124697
0.124697
0.124697
0.124697
0.124697
0.124697
0.124697
0.124697
0.124697
0.124697
0.124697
0.124697
0.124697
0.124697
0.124697
0.124697
0.124697
0.124697
0.124697
0.124697
0.124697
0.124697
0.124697
0.124697
0.124697
0.124697
0.124697
0.124697
0.124697
0.124697
0.124697
0.124697
0.124697
0.124697
0.124697
0.124697
0.124697
0.124697
0.124697
0.124697
0.124697
0.124697
0.124697
0.124697
0.124697
0.124697
0.124697
0.124697
0.124697
0.124697
0.124697
0.124697
0.124697
0.124697
0.124697
0.124697
0.124697
0.124697
0.124697
0.124697
0.124697
0.124697
0.124697
0.124697
0.124697
0.124697
0.124697
0.124697
0.124697
0.124697
0.124697
0.124697
0.124697
0.124697
0.124697
0.124697
0.124697
0.124697
0.124697
0.124697
0.124697
0.124697
0.124697
0.124697
0.124697
0.124697
0.124697
0.124697
0.124697
0.124697
0.124697
0.124697
0.124697
0.124697
0.124697
0.124697
0.124697
0.124697
0.124697
0.124697
0.124697
0.124697
0.124697
0.124697
0.124697
0.124697
0.124697
0.124697
0.124697
0.124697
0.124697
0.124697
0.124697
0.124697
0.124697
0.124697
0.124697
0.124697
0.124697
0.124697
0.124697
0.124697
0.124697
0.124697
0.124697
0.124697
0.124697
0.124697
0.124697
0.124697
0.124697
0.124697
0.124697
0.124697
0.124697
0.124697
0.124697
0.124697
0.124697
0.124697
0.124697
0.124697
0.124697
0.124697
0.124697
0.124697
0.124697
0.124697
0.124697
0.124697
0.124697
0.124697
0.124697
0.124697
0.124697
0.124697
0.124697
0.124697
0.124697
0.124697
0.124697
0.124697
0.124697
0.124697
0.124697
0.124697
0.124697
0.124697
0.124697
0.124697
0.124697
0.124697
0.124697
0.124697
0.124697
0.124697
0.124697
0.124697
0.124697
0.124697
0.124697
0.124697
0.124697
0.124697
0.124697
0.124697
0.124697
0.124697
0.124697
0.124697
0.124697
0.124697
0.124697
0.124697
0.124697
0.124697
0.124697
0.124697
0.124697
0.124697
0.124697
0.124697
0.124697
0.124697
0.124697
0.124697
0.124697
0.124697
0.124697
0.124697
0.124697
0.124697
0.124697
0.124697
0.124697
0.124697
0.124697
0.124697
0.124697
0.124697
0.124697
0.124697
0.124697
0.124697
0.124697
0.124697
0.124697
0.124697
0.124697
0.124697
0.124697
0.124697
0.124697
0.124697
0.124697
0.124697
0.124697
0.124697
0.124697
0.124697
0.124697
0.124697
0.124697
0.124697
0.124697
0.124697
0.124697
0.124697
0.124697
0.124697
0.124697
0.124697
0.124697
0.124697
0.124697
0.124697
0.124697
0.124697
0.124697
0.124697
0.124697
0.124697
0.124697
0.124697
0.124697
0.124697
0.124697
0.124697
0.124697
0.124697
0.124697
0.124697
0.124697
0.124697
0.124697
0.124697
0.124697
0.124697
0.124697
0.124697
0.124697
0.124697
0.124697
0.124697
0.124697
0.124697
0.124697
0.124697
0.124697
0.124697
0.124697
0.124697
0.124697
0.124697
0.124697
0.124697
0.124697
0.124697
0.124697
0.124697
0.124697
0.124697
0.124697
0.124697
0.124697
0.124697
0.124697
0.124697
0.124697
0.124697
0.124697
0.124697
0.124697
0.124697
0.124697
0.124697
0.124697
0.124697
0.124697
0.124697
0.124697
0.124697
0.124697
0.124697
0.124697
0.124697
0.124697
0.124697
0.124697
0.124697
0.124697
0.124697
0.124697
0.124697
0.124697
0.124697
0.124697
0.124697
0.124697
0.124697
0.124697
0.124697
0.124697
0.124697
0.124697
0.124697
0.124697
0.124697
0.124697
0.124697
0.124697
0.124697
0.124697
0.124697
0.124697
0.124697
0.124697
0.124697
0.124697
0.124697
0.124697
0.124697
0.124697
0.124697
0.124697
0.124697
0.124697
0.124697
0.124697
0.124697
0.124697
0.124697
0.124697
0.124697
0.124697
0.124697
0.124697
0.124697
0.124697
0.124697
0.124697
0.124697
0.124697
0.124697
0.124697
0.124697
0.124697
0.124697
0.124697
0.124697
0.124697
0.124697
0.124697
0.124697
0.124697
0.124697
0.124697
0.124697
0.124697
0.124697
0.124697
0.124697
0.124697
0.124697
0.124697
0.124697
0.124697
0.124697
0.124697
0.124697
0.124697
0.124697
0.124697
0.124697
0.124697
0.124697
0.124697
0.124697
0.124697
0.124697
0.124697
0.124697
0.124697
0.124697
0.124697
0.124697
0.124697
0.124697
0.124697
0.124697
0.124697
0.124697
0.124697
0.124697
0.124697
0.124697
0.124697
0.124697
0.124697
0.124697
0.124697
0.124697
0.124697
0.124697
0.124697
0.124697
0.124697
0.124697
0.124697
0.124697
0.124697
0.124697
0.124697
0.124697
0.124697
0.124697
0.124697
0.124697
0.124697
0.124697
0.124697
0.124697
0.124697
0.124697
0.124697
0.124697
0.124697
0.124697
0.124697
0.124697
0.124697
0.124697
0.124697
0.124697
0.124697
0.124697
0.124697
0.124697
0.124697
0.124697
0.124697
0.124697
0.124697
0.124697
0.124697
0.124697
0.124697
0.124697
0.124697
0.124697
0.124697
0.124697
0.124697
0.124697
0.124697
0.124697
0.124697
0.124697
0.124697
0.124697
0.124697
0.124697
0.124697
0.124697
0.124697
0.124697
0.124697
0.124697
0.124697
0.124697
0.124697
0.124697
0.124697
0.124697
0.124697
0.124697
0.124697
0.124697
0.124697
0.124697
0.124697
0.124697
0.124697
0.124697
0.124697
0.124697
0.124697
0.124697
0.124697
0.124697
0.124697
0.124697
0.124697
0.124697
0.124697
0.124697
0.124697
0.124697
0.124697
0.124697
0.124697
0.124697
0.124697
0.124697
0.124697
0.124697
0.124697
0.124697
0.124697
0.124697
0.124697
0.124697
0.124697
0.124697
0.124697
0.124697
0.124697
0.124697
0.124697
0.124697
0.124697
0.124697
0.124697
0.124697
0.124697
0.124697
0.124697
0.124697
0.124697
0.124697
0.124697
0.124697
0.124697
0.124697
0.124697
0.124697
0.124697
0.124697
0.124697
0.124697
0.124697
0.124697
0.124697
0.124697
0.124697
0.124697
0.124697
0.124697
0.124697
0.124697
0.124697
0.124697
0.124697
0.124697
0.124697
0.124697
0.124697
0.124697
0.124697
0.124697
0.124697
0.124697
0.124697
0.124697
0.124697
0.124697
0.124697
0.124697
0.124697
0.124697
0.124697
0.124697
0.124697
0.124697
0.124697
0.124697
0.124697
0.124697
0.124697
0.124697
0.124697
0.124697
0.124697
0.124697
0.124697
0.124697
0.124697
0.124697
0.124697
0.124697
0.124697
0.124697
0.124697
0.124697
0.124697
0.124697
0.124697
0.124697
0.124697
0.124697
0.124697
0.124697
0.124697
0.124697
0.124697
0.124697
0.124697
0.124697
0.124697
0.124697
0.124697
0.124697
0.124697
0.124697
0.124697
0.124697
0.124697
0.124697
0.124697
0.124697
0.124697
0.124697
0.124697
0.124697
0.124697
0.124697
0.124697
0.124697
0.124697
0.124697
0.124697
0.124697
0.124697
0.124697
0.124697
0.124697
0.124697
0.124697
0.124697
0.124697
0.124697
0.124697
0.124697
0.124697
0.124697
0.124697
0.124697
0.124697
0.124697
0.124697
0.124697
0.124697
0.124697
0.124697
0.124697
0.124697
0.124697
0.124697
0.124697
0.124697
0.124697
0.124697
0.124697
0.124697
0.124697
0.124697
0.124697
0.124697
0.124697
0.124697
0.124697
0.124697
0.124697
0.124697
0.124697
0.124697
0.124697
0.124697
0.124697
0.124697
0.124697
0.124697
0.124697
0.124697
0.124697
0.124697
0.124697
0.124697
0.124697
0.124697
0.124697
0.124697
0.124697
0.124697
0.124697
0.124697
0.124697
0.124697
0.124697
0.124697
0.124697
0.124697
0.124697
0.124697
0.124697
0.124697
0.124697
0.124697
0.124697
0.124697
0.124697
0.124697
0.124697
0.124697
0.124697
0.124697
0.124697
0.124697
0.124697
0.124697
0.124697
0.124697
0.124697
0.124697
0.124697
0.124697
0.124697
0.124697
0.124697
0.124697
0.124697
0.124697
0.124697
0.124697
0.124697
0.124697
0.124697
0.124697
0.124697
0.124697
0.124697
0.124697
0.124697
0.124697
0.124697
0.124697
0.124697
0.124697
0.124697
0.124697
0.124697
0.124697
0.124697
0.124697
0.124697
0.124697
0.124697
0.124697
0.124697
0.124697
0.124697
0.124697
0.124697
0.124697
0.124697
0.124697
0.124697
0.124697
0.124697
0.124697
0.124697
0.124697
0.124697
0.124697
0.124697
0.124697
0.124697
0.124697
0.124697
0.124697
0.124697
0.124697
0.124697
0.124697
0.124697
0.124697
0.124697
0.124697
0.124697
0.124697
0.124697
0.124697
0.124697
0.124697
0.124697
0.124697
0.124697
0.124697
0.124697
0.124697
0.124697
0.124697
0.124697
0.124697
0.124697
0.124697
0.124697
0.124697
0.124697
0.124697
0.124697
0.124697
0.124697
0.124697
0.124697
0.124697
0.124697
0.124697
0.124697
0.124697
0.124697
0.124697
0.124697
0.124697
0.124697
0.124697
0.124697
0.124697
0.124697
0.124697
0.124697
0.124697
0.124697
0.124697
0.124697
0.124697
0.124697
0.124697
0.124697
0.124697
0.124697
0.124697
0.124697
0.124697
0.124697
0.124697
0.124697
0.124697
0.124697
0.124697
0.124697
0.124697
0.124697
0.124697
0.124697
0.124697
0.124697
0.124697
0.124697
0.124697
0.124697
0.124697
0.124697
0.124697
0.124697
0.124697
0.124697
0.124697
0.124697
0.124697
0.124697
0.124697
0.124697
0.124697
0.124697
0.124697
0.124697
0.124697
0.124697
0.124697
0.124697
0.124697
0.124697
0.124697
0.124697
0.124697
0.124697
0.124697
0.124697
0.124697
0.124697
0.124697
0.124697
0.124697
0.124697
0.124697
0.124697
0.124697
0.124697
0.124697
0.124697
0.124697
0.124697
0.124697
0.124697
0.124697
0.124697
0.124697
0.124697
0.124697
0.124697
0.124697
0.124697
0.124697
0.124697
0.124697
0.124697
0.124697
0.124697
0.124697
0.124697
0.124697
0.124697
0.124697
0.124697
0.124697
0.124697
0.124697
0.124697
0.124697
0.124697
0.124697
0.124697
0.124697
0.124697
0.124697
0.124697
0.124697
0.124697
0.124697
0.124697
0.124697
0.124697
0.124697
0.124697
0.124697
0.124697
0.124697
0.124697
0.124697
0.124697
0.124697
0.124697
0.124697
0.124697
0.124697
0.124697
0.124697
0.124697
0.124697
0.124697
0.124697
0.124697
0.124697
0.124697
0.124697
0.124697
0.124697
0.124697
0.124697
0.124697
0.124697
0.124697
0.124697
0.124697
0.124697
0.124697
0.124697
0.124697
0.124697
0.124697
0.124697
0.124697
0.124697
0.124697
0.124697
0.124697
0.124697
0.124697
0.124697
0.124697
0.124697
0.124697
0.124697
0.124697
0.124697
0.124697
0.124697
0.124697
0.124697
0.124697
0.124697
0.124697
0.124697
0.124697
0.124697
0.124697
0.124697
0.124697
0.124697
0.124697
0.124697
0.124697
0.124697
0.124697
0.124697
0.124697
0.124697
0.124697
0.124697
0.124697
0.124697
0.124697
0.124697
0.124697
0.124697
0.124697
0.124697
0.124697
0.124697
0.124697
0.124697
0.124697
0.124697
0.124697
0.124697
0.124697
0.124697
0.124697
0.124697
0.124697
0.124697
0.124697
0.124697
0.124697
0.124697
0.124697
0.124697
0.124697
0.124697
0.124697
0.124697
0.124697
0.124697
0.124697
0.124697
0.124697
0.124697
0.124697
0.124697
0.124697
0.124697
0.124697
0.124697
0.124697
0.124697
0.124697
0.124697
0.124697
0.124697
0.124697
0.124697
0.124697
0.124697
0.124697
0.124697
0.124697
0.124697
0.124697
0.124697
0.124697
0.124697
0.124697
0.124697
0.124697
0.124697
0.124697
0.124697
0.124697
0.124697
0.124697
0.124697
0.124697
0.124697
0.124697
0.124697
0.124697
0.124697
0.124697
0.124697
0.124697
0.124697
0.124697
0.124697
0.124697
0.124697
0.124697
0.124697
0.124697
0.124697
0.124697
0.124697
0.124697
0.124697
0.124697
0.124697
0.124697
0.124697
0.124697
0.124697
0.124697
0.124697
0.124697
0.124697
0.124697
0.124697
0.124697
0.124697
0.124697
0.124697
0.124697
0.124697
0.124697
0.124697
0.124697
0.124697
0.124697
0.124697
0.124697
0.124697
0.124697
0.124697
0.124697
0.124697
0.124697
0.124697
0.124697
0.124697
0.124697
0.124697
0.124697
0.124697
0.124697
0.124697
0.124697
0.124697
0.124697
0.124697
0.124697
0.124697
0.124697
0.124697
0.124697
0.124697
0.124697
0.124697
0.124697
0.124697
0.124697
0.124697
0.124697
0.124697
0.124697
0.124697
0.124697
0.124697
0.124697
0.124697
0.124697
0.124697
0.124697
0.124697
0.124697
0.124697
0.124697
0.124697
0.124697
0.124697
0.124697
0.124697
0.124697
0.124697
0.124697
0.124697
0.124697
0.124697
0.124697
0.124697
0.124697
0.124697
0.124697
0.124697
0.124697
0.124697
0.124697
0.124697
0.124697
0.124697
0.124697
0.124697
0.124697
0.124697
0.124697
0.124697
0.124697
0.124697
0.124697
0.124697
0.124697
0.124697
0.124697
0.124697
0.124697
0.124697
0.124697
0.124697
0.124697
0.124697
0.124697
0.124697
0.124697
0.124697
0.124697
0.124697
0.124697
0.124697
0.124697
0.124697
0.124697
0.124697
0.124697
0.124697
0.124697
0.124697
0.124697
0.124697
0.124697
0.124697
0.124697
0.124697
0.124697
0.124697
0.124697
0.124697
0.124697
0.124697
0.124697
0.124697
0.124697
0.124697
0.124697
0.124697
0.124697
0.124697
0.124697
0.124697
0.124697
0.124697
0.124697
0.124697
0.124697
0.124697
0.124697
0.124697
0.124697
0.124697
0.124697
0.124697
0.124697
0.124697
0.124697
0.124697
0.124697
0.124697
0.124697
0.124697
0.124697
0.124697
0.124697
0.124697
0.124697
0.124697
0.124697
0.124697
0.124697
0.124697
0.124697
0.124697
0.124697
0.124697
0.124697
0.124697
0.124697
0.124697
0.124697
0.124697
0.124697
0.124697
0.124697
0.124697
0.124697
0.124697
0.124697
0.124697
0.124697
0.124697
0.124697
0.124697
0.124697
0.124697
0.124697
0.124697
0.124697
0.124697
0.124697
0.124697
0.124697
0.124697
0.124697
0.124697
0.124697
0.124697
0.124697
0.124697
0.124697
0.124697
0.124697
0.124697
0.124697
0.124697
0.124697
0.124697
0.124697
0.124697
0.124697
0.124697
0.124697
0.124697
0.124697
0.124697
0.124697
0.124697
0.124697
0.124697
0.124697
0.124697
0.124697
0.124697
0.124697
0.124697
0.124697
0.124697
0.124697
0.124697
0.124697
0.124697
0.124697
0.124697
0.124697
0.124697
0.124697
0.124697
0.124697
0.124697
0.124697
0.124697
0.124697
0.124697
0.124697
0.124697
0.124697
0.124697
0.124697
0.124697
0.124697
0.124697
0.124697
0.124697
0.124697
0.124697
0.124697
0.124697
0.124697
0.124697
0.124697
0.124697
0.124697
0.124697
0.124697
0.124697
0.124697
0.124697
0.124697
0.124697
0.124697
0.124697
0.124697
0.124697
0.124697
0.124697
0.124697
0.124697
0.124697
0.124697
0.124697
0.124697
0.124697
0.124697
0.124697
0.124697
0.124697
0.124697
0.124697
0.124697
0.124697
0.124697
0.124697
0.124697
0.124697
0.124697
0.124697
0.124697
0.124697
0.124697
0.124697
0.124697
0.124697
0.124697
0.124697
0.124697
0.124697
0.124697
0.124697
0.124697
0.124697
0.124697
0.124697
0.124697
0.124697
0.124697
0.124697
0.124697
0.124697
0.124697
0.124697
0.124697
0.124697
0.124697
0.124697
0.124697
0.124697
0.124697
0.124697
0.124697
0.124697
0.124697
0.124697
0.124697
0.124697
0.124697
0.124697
0.124697
0.124697
0.124697
0.124697
0.124697
0.124697
0.124697
0.124697
0.124697
0.124697
0.124697
0.124697
0.124697
0.124697
0.124697
0.124697
0.124697
0.124697
0.124697
0.124697
0.124697
0.124697
0.124697
0.124697
0.124697
0.124697
0.124697
0.124697
0.124697
0.124697
0.124697
0.124697
0.124697
0.124697
0.124697
0.124697
0.124697
0.124697
0.124697
0.124697
0.124697
0.124697
0.124697
0.124697
0.124697
0.124697
0.124697
0.124697
0.124697
0.124697
0.124697
0.124697
0.124697
0.124697
0.124697
0.124697
0.124697
0.124697
0.124697
0.124697
0.124697
0.124697
0.124697
0.124697
0.124697
0.124697
0.124697
0.124697
0.124697
0.124697
0.124697
0.124697
0.124697
0.124697
0.124697
0.124697
0.124697
0.124697
0.124697
0.124697
0.124697
0.124697
0.124697
0.124697
0.124697
0.124697
0.124697
0.124697
0.124697
0.124697
0.124697
0.124697
0.124697
0.124697
0.124697
0.124697
0.124697
0.124697
0.124697
0.124697
0.124697
0.124697
0.124697
0.124697
0.124697
0.124697
0.124697
0.124697
0.124697
0.124697
0.124697
0.124697
0.124697
0.124697
0.124697
0.124697
0.124697
0.124697
0.124697
0.124697
0.124697
0.124697
0.124697
0.124697
0.124697
0.124697
0.124697
0.124697
0.124697
0.124697
0.124697
0.124697
0.124697
0.124697
0.124697
0.124697
0.124697
0.124697
0.124697
0.124697
0.124697
0.124697
0.124697
0.124697
0.124697
0.124697
0.124697
0.124697
0.124697
0.124697
0.124697
0.124697
0.124697
0.124697
0.124697
0.124697
0.124697
0.124697
0.124697
0.124697
0.124697
0.124697
0.124697
0.124697
0.124697
0.124697
0.124697
0.124697
0.124697
0.124697
0.124697
0.124697
0.124697
0.124697
0.124697
0.124697
0.124697
0.124697
0.124697
0.124697
0.124697
0.124697
0.124697
0.124697
0.124697
0.124697
0.124697
0.124697
0.124697
0.124697
0.124697
0.124697
0.124697
0.124697
0.124697
0.124697
0.124697
0.124697
0.124697
0.124697
0.124697
0.124697
0.124697
0.124697
0.124697
0.124697
0.124697
0.124697
0.124697
0.124697
0.124697
0.124697
0.124697
0.124697
0.124697
0.124697
0.124697
0.124697
0.124697
0.124697
0.124697
0.124697
0.124697
0.124697
0.124697
0.124697
0.124697
0.124697
0.124697
0.124697
0.124697
0.124697
0.124697
0.124697
0.124697
0.124697
0.124697
0.124697
0.124697
0.124697
0.124697
0.124697
0.124697
0.124697
0.124697
0.124697
0.124697
0.124697
0.124697
0.124697
0.124697
0.124697
0.124697
0.124697
0.124697
0.124697
0.124697
0.124697
0.124697
0.124697
0.124697
0.124697
0.124697
0.124697
0.124697
0.124697
0.124697
0.124697
0.124697
0.124697
0.124697
0.124697
0.124697
0.124697
0.124697
0.124697
0.124697
0.124697
0.124697
0.124697
0.124697
0.124697
0.124697
0.124697
0.124697
0.124697
0.124697
0.124697
0.124697
0.124697
0.124697
0.124697
0.124697
0.124697
0.124697
0.124697
0.124697
0.124697
0.124697
0.124697
0.124697
0.124697
0.124697
0.124697
0.124697
0.124697
0.124697
0.124697
0.124697
0.124697
0.124697
0.124697
0.124697
0.124697
0.124697
0.124697
0.124697
0.124697
0.124697
0.124697
0.124697
0.124697
0.124697
0.124697
0.124697
0.124697
0.124697
0.124697
0.124697
0.124697
0.124697
0.124697
0.124697
0.124697
0.124697
0.124697
0.124697
0.124697
0.124697
0.124697
0.124697
0.124697
0.124697
0.124697
0.124697
0.124697
0.124697
0.124697
0.124697
0.124697
0.124697
0.124697
0.124697
0.124697
0.124697
0.124697
0.124697
0.124697
0.124697
0.124697
0.124697
0.124697
0.124697
0.124697
0.124697
0.124697
0.124697
0.124697
0.124697
0.124697
0.124697
0.124697
0.124697
0.124697
0.124697
0.124697
0.124697
0.124697
0.124697
0.124697
0.124697
0.124697
0.124697
0.124697
0.124697
0.124697
0.124697
0.124697
0.124697
0.124697
0.124697
0.124697
0.124697
0.124697
0.124697
0.124697
0.124697
0.124697
0.124697
0.124697
0.124697
0.124697
0.124697
0.124697
0.124697
0.124697
0.124697
0.124697
0.124697
0.124697
0.124697
0.124697
0.124697
0.124697
0.124697
0.124697
0.124697
0.124697
0.124697
0.124697
0.124697
0.124697
0.124697
0.124697
0.124697
0.124697
0.124697
0.124697
0.124697
0.124697
0.124697
0.124697
0.124697
0.124697
0.124697
0.124697
0.124697
0.124697
0.124697
0.124697
0.124697
0.124697
0.124697
0.124697
0.124697
0.124697
0.124697
0.124697
0.124697
0.124697
0.124697
0.124697
0.124697
0.124697
0.124697
0.124697
0.124697
0.124697
0.124697
0.124697
0.124697
0.124697
0.124697
0.124697
0.124697
0.124697
0.124697
0.124697
0.124697
0.124697
0.124697
0.124697
0.124697
0.124697
0.124697
0.124697
0.124697
0.124697
0.124697
0.124697
0.124697
0.124697
0.124697
0.124697
0.124697
0.124697
0.124697
0.124697
0.124697
0.124697
0.124697
0.124697
0.124697
0.124697
0.124697
0.124697
0.124697
0.124697
0.124697
0.124697
0.124697
0.124697
0.124697
0.124697
0.124697
0.124697
0.124697
0.124697
0.124697
0.124697
0.124697
0.124697
0.124697
0.124697
0.124697
0.124697
0.124697
0.124697
0.124697
0.124697
0.124697
0.124697
0.124697
0.124697
0.124697
0.124697
0.124697
0.124697
0.124697
0.124697
0.124697
0.124697
0.124697
0.124697
0.124697
0.124697
0.124697
0.124697
0.124697
0.124697
0.124697
0.124697
0.124697
0.124697
0.124697
0.124697
0.124697
0.124697
0.124697
0.124697
0.124697
0.124697
0.124697
0.124697
0.124697
0.124697
0.124697
0.124697
0.124697
0.124697
0.124697
0.124697
0.124697
0.124697
0.124697
0.124697
0.124697
0.124697
0.124697
0.124697
0.124697
0.124697
0.124697
0.124697
0.124697
0.124697
0.124697
0.124697
0.124697
0.124697
0.124697
0.124697
0.124697
0.124697
0.124697
0.124697
0.124697
0.124697
0.124697
0.124697
0.124697
0.124697
0.124697
0.124697
0.124697
0.124697
0.124697
0.124697
0.124697
0.124697
0.124697
0.124697
0.124697
0.124697
0.124697
0.124697
0.124697
0.124697
0.124697
0.124697
0.124697
0.124697
0.124697
0.124697
0.124697
0.124697
0.124697
0.124697
0.124697
0.124697
0.124697
0.124697
0.124697
0.124697
0.124697
0.124697
0.124697
0.124697
0.124697
0.124697
0.124697
0.124697
0.124697
0.124697
0.124697
0.124697
0.124697
0.124697
0.124697
0.124697
0.124697
0.124697
0.124697
0.124697
0.124697
0.124697
0.124697
0.124697
0.124697
0.124697
0.124697
0.124697
0.124697
0.124697
0.124697
0.124697
0.124697
0.124697
0.124697
0.124697
0.124697
0.124697
0.124697
0.124697
0.124697
0.124697
0.124697
0.124697
0.124697
0.124697
0.124697
0.124697
0.124697
0.124697
0.124697
0.124697
0.124697
0.124697
0.124697
0.124697
0.124697
0.124697
0.124697
0.124697
0.124697
0.124697
0.124697
0.124697
0.124697
0.124697
0.124697
0.124697
0.124697
0.124697
0.124697
0.124697
0.124697
0.124697
0.124697
0.124697
0.124697
0.124697
0.124697
0.124697
0.124697
0.124697
0.124697
0.124697
0.124697
0.124697
0.124697
0.124697
0.124697
0.124697
0.124697
0.124697
0.124697
0.124697
0.124697
0.124697
0.124697
0.124697
0.124697
0.124697
0.124697
0.124697
0.124697
0.124697
0.124697
0.124697
0.124697
0.124697
0.124697
0.124697
0.124697
0.124697
0.124697
0.124697
0.124697
0.124697
0.124697
0.124697
0.124697
0.124697
0.124697
0.124697
0.124697
0.124697
0.124697
0.124697
0.124697
0.124697
0.124697
0.124697
0.124697
0.124697
0.124697
0.124697
0.124697
0.124697
0.124697
0.124697
0.124697
0.124697
0.124697
0.124697
0.124697
0.124697
0.124697
0.124697
0.124697
0.124697
0.124697
0.124697
0.124697
0.124697
0.124697
0.124697
0.124697
0.124697
0.124697
0.124697
0.124697
0.124697
0.124697
0.124697
0.124697
0.124697
0.124697
0.124697
0.124697
0.124697
0.124697
0.124697
0.124697
0.124697
0.124697
0.124697
0.124697
0.124697
0.124697
0.124697
0.124697
0.124697
0.124697
0.124697
0.124697
0.124697
0.124697
0.124697
0.124697
0.124697
0.124697
0.124697
0.124697
0.124697
0.124697
0.124697
0.124697
0.124697
0.124697
0.124697
0.124697
0.124697
0.124697
0.124697
0.124697
0.124697
0.124697
0.124697
0.124697
0.124697
0.124697
0.124697
0.124697
0.124697
0.124697
0.124697
0.124697
0.124697
0.124697
0.124697
0.124697
0.124697
0.124697
0.124697
0.124697
0.124697
0.124697
0.124697
0.124697
0.124697
0.124697
0.124697
0.124697
0.124697
0.124697
0.124697
0.124697
0.124697
0.124697
0.124697
0.124697
0.124697
0.124697
0.124697
0.124697
0.124697
0.124697
0.124697
0.124697
0.124697
0.124697
0.124697
0.124697
0.124697
0.124697
0.124697
0.124697
0.124697
0.124697
0.124697
0.124697
0.124697
0.124697
0.124697
0.124697
0.124697
0.124697
0.124697
0.124697
0.124697
0.124697
0.124697
0.124697
0.124697
0.124697
0.124697
0.124697
0.124697
0.124697
0.124697
0.124697
0.124697
0.124697
0.124697
0.124697
0.124697
0.124697
0.124697
0.124697
0.124697
0.124697
0.124697
0.124697
0.124697
0.124697
0.124697
0.124697
0.124697
0.124697
0.124697
0.124697
0.124697
0.124697
0.124697
0.124697
0.124697
0.124697
0.124697
0.124697
0.124697
0.124697
0.124697
0.124697
0.124697
0.124697
0.124697
0.124697
0.124697
0.124697
0.124697
0.124697
0.124697
0.124697
0.124697
0.124697
0.124697
0.124697
0.124697
0.124697
0.124697
0.124697
0.124697
0.124697
0.124697
0.124697
0.124697
0.124697
0.124697
0.124697
0.124697
0.124697
0.124697
0.124697
0.124697
0.124697
0.124697
0.124697
0.124697
0.124697
0.124697
0.124697
0.124697
0.124697
0.124697
0.124697
0.124697
0.124697
0.124697
0.124697
0.124697
0.124697
0.124697
0.124697
0.124697
0.124697
0.124697
0.124697
0.124697
0.124697
0.124697
0.124697
0.124697
0.124697
0.124697
0.124697
0.124697
0.124697
0.124697
0.124697
0.124697
0.124697
0.124697
0.124697
0.124697
0.124697
0.124697
0.124697
0.124697
0.124697
0.124697
0.124697
0.124697
0.124697
0.124697
0.124697
0.124697
0.124697
0.124697
0.124697
0.124697
0.124697
0.124697
0.124697
0.124697
0.124697
0.124697
0.124697
0.124697
0.124697
0.124697
0.124697
0.124697
0.124697
0.124697
0.124697
0.124697
0.124697
0.124697
0.124697
0.124697
0.124697
0.124697
0.124697
0.124697
0.124697
0.124697
0.124697
0.124697
0.124697
0.124697
0.124697
0.124697
0.124697
0.124697
0.124697
0.124697
0.124697
0.124697
0.124697
0.124697
0.124697
0.124697
0.124697
0.124697
0.124697
0.124697
0.124697
0.124697
0.124697
0.124697
0.124697
0.124697
0.124697
0.124697
0.124697
0.124697
0.124697
0.124697
0.124697
0.124697
0.124697
0.124697
0.124697
0.124697
0.124697
0.124697
0.124697
0.124697
0.124697
0.124697
0.124697
0.124697
0.124697
0.124697
0.124697
0.124697
0.124697
0.124697
0.124697
0.124697
0.124697
0.124697
0.124697
0.124697
0.124697
0.124697
0.124697
0.124697
0.124697
0.124697
0.124697
0.124697
0.124697
0.124697
0.124697
0.124697
0.124697
0.124697
0.124697
0.124697
0.124697
0.124697
0.124697
0.124697
0.124697
0.124697
0.124697
0.124697
0.124697
0.124697
0.124697
0.124697
0.124697
0.124697
0.124697
0.124697
0.124697
0.124697
0.124697
0.124697
0.124697
0.124697
0.124697
0.124697
0.124697
0.124697
0.124697
0.124697
0.124697
0.124697
0.124697
0.124697
0.124697
0.124697
0.124697
0.124697
0.124697
0.124697
0.124697
0.124697
0.124697
0.124697
0.124697
0.124697
0.124697
0.124697
0.124697
0.124697
0.124697
0.124697
0.124697
0.124697
0.124697
0.124697
0.124697
0.124697
0.124697
0.124697
0.124697
0.124697
0.124697
0.124697
0.124697
0.124697
0.124697
0.124697
0.124697
0.124697
0.124697
0.124697
0.124697
0.124697
0.124697
0.124697
0.124697
0.124697
0.124697
0.124697
0.124697
0.124697
0.124697
0.124697
0.124697
0.124697
0.124697
0.124697
0.124697
0.124697
0.124697
0.124697
0.124697
0.124697
0.124697
0.124697
0.124697
0.124697
0.124697
0.124697
0.124697
0.124697
0.124697
0.124697
0.124697
0.124697
0.124697
0.124697
0.124697
0.124697
0.124697
0.124697
0.124697
0.124697
0.124697
0.124697
0.124697
0.124697
0.124697
0.124697
0.124697
0.124697
0.124697
0.124697
0.124697
0.124697
0.124697
0.124697
0.124697
0.124697
0.124697
0.124697
0.124697
0.124697
0.124697
0.124697
0.124697
0.124697
0.124697
0.124697
0.124697
0.124697
0.124697
0.124697
0.124697
0.124697
0.124697
0.124697
0.124697
0.124697
0.124697
0.124697
0.124697
0.124697
0.124697
0.124697
0.124697
0.124697
0.124697
0.124697
0.124697
0.124697
0.124697
0.124697
0.124697
0.124697
0.124697
0.124697
0.124697
0.124697
0.124697
0.124697
0.124697
0.124697
0.124697
0.124697
0.124697
0.124697
0.124697
0.124697
0.124697
0.124697
0.124697
0.124697
0.124697
0.124697
0.124697
0.124697
0.124697
0.124697
0.124697
0.124697
0.124697
0.124697
0.124697
0.124697
0.124697
0.124697
0.124697
0.124697
0.124697
0.124697
0.124697
0.124697
0.124697
0.124697
0.124697
0.124697
0.124697
0.124697
0.124697
0.124697
0.124697
0.124697
0.124697
0.124697
0.124697
0.124697
0.124697
0.124697
0.124697
0.124697
0.124697
0.124697
0.124697
0.124697
0.124697
0.124697
0.124697
0.124697
0.124697
0.124697
0.124697
0.124697
0.124697
0.124697
0.124697
0.124697
0.124697
0.124697
0.124697
0.124697
0.124697
0.124697
0.124697
0.124697
0.124697
0.124697
0.124697
0.124697
0.124697
0.124697
0.124697
0.124697
0.124697
0.124697
0.124697
0.124697
0.124697
0.124697
0.124697
0.124697
0.124697
0.124697
0.124697
0.124697
0.124697
0.124697
0.124697
0.124697
0.124697
0.124697
0.124697
0.124697
0.124697
0.124697
0.124697
0.124697
0.124697
0.124697
0.124697
0.124697
0.124697
0.124697
0.124697
0.124697
0.124697
0.124697
0.124697
0.124697
0.124697
0.124697
0.124697
0.124697
0.124697
0.124697
0.124697
0.124697
0.124697
0.124697
0.124697
0.124697
0.124697
0.124697
0.124697
0.124697
0.124697
0.124697
0.124697
0.124697
0.124697
0.124697
0.124697
0.124697
0.124697
0.124697
0.124697
0.124697
0.124697
0.124697
0.124697
0.124697
0.124697
0.124697
0.124697
0.124697
0.124697
0.124697
0.124697
0.124697
0.124697
0.124697
0.124697
0.124697
0.124697
0.124697
0.124697
0.124697
0.124697
0.124697
0.124697
0.124697
0.124697
0.124697
0.124697
0.124697
0.124697
0.124697
0.124697
0.124697
0.124697
0.124697
0.124697
0.124697
0.124697
0.124697
0.124697
0.124697
0.124697
0.124697
0.124697
0.124697
0.124697
0.124697
0.124697
0.124697
0.124697
0.124697
0.124697
0.124697
0.124697
0.124697
0.124697
0.124697
0.124697
0.124697
0.124697
0.124697
0.124697
0.124697
0.124697
0.124697
0.124697
0.124697
0.124697
0.124697
0.124697
0.124697
0.124697
0.124697
0.124697
0.124697
0.124697
0.124697
0.124697
0.124697
0.124697
0.124697
0.124697
0.124697
0.124697
0.124697
0.124697
0.124697
0.124697
0.124697
0.124697
0.124697
0.124697
0.124697
0.124697
0.124697
0.124697
0.124697
0.124697
0.124697
0.124697
0.124697
0.124697
0.124697
0.124697
0.124697
0.124697
0.124697
0.124697
0.124697
0.124697
0.124697
0.124697
0.124697
0.124697
0.124697
0.124697
0.124697
0.124697
0.124697
0.124697
0.124697
0.124697
0.124697
0.124697
0.124697
0.124697
0.124697
0.124697
0.124697
0.124697
0.124697
0.124697
0.124697
0.124697
0.124697
0.124697
0.124697
0.124697
0.124697
0.124697
0.124697
0.124697
0.124697
0.124697
0.124697
0.124697
0.124697
0.124697
0.124697
0.124697
0.124697
0.124697
0.124697
0.124697
0.124697
0.124697
0.124697
0.124697
0.124697
0.124697
0.124697
0.124697
0.124697
0.124697
0.124697
0.124697
0.124697
0.124697
0.124697
0.124697
0.124697
0.124697
0.124697
0.124697
0.124697
0.124697
0.124697
0.124697
0.124697
0.124697
0.124697
0.124697
0.124697
0.124697
0.124697
0.124697
0.124697
0.124697
0.124697
0.124697
0.124697
0.124697
0.124697
0.124697
0.124697
0.124697
0.124697
0.124697
0.124697
0.124697
0.124697
0.124697
0.124697
0.124697
0.124697
0.124697
0.124697
0.124697
0.124697
0.124697
0.124697
0.124697
0.124697
0.124697
0.124697
0.124697
0.124697
0.124697
0.124697
0.124697
0.124697
0.124697
0.124697
0.124697
0.124697
0.124697
0.124697
0.124697
0.124697
0.124697
0.124697
0.124697
0.124697
0.124697
0.124697
0.124697
0.124697
0.124697
0.124697
0.124697
0.124697
0.124697
0.124697
0.124697
0.124697
0.124697
0.124697
0.124697
0.124697
0.124697
0.124697
0.124697
0.124697
0.124697
0.124697
0.124697
0.124697
0.124697
0.124697
0.124697
0.124697
0.124697
0.124697
0.124697
0.124697
0.124697
0.124697
0.124697
0.124697
0.124697
0.124697
0.124697
0.124697
0.124697
0.124697
0.124697
0.124697
0.124697
0.124697
0.124697
0.124697
0.124697
0.124697
0.124697
0.124697
0.124697
0.124697
0.124697
0.124697
0.124697
0.124697
0.124697
0.124697
0.124697
0.124697
0.124697
0.124697
0.124697
0.124697
0.124697
0.124697
0.124697
0.124697
0.124697
0.124697
0.124697
0.124697
0.124697
0.124697
0.124697
0.124697
0.124697
0.124697
0.124697
0.124697
0.124697
0.124697
0.124697
0.124697
0.124697
0.124697
0.124697
0.124697
0.124697
0.124697
0.124697
0.124697
0.124697
0.124697
0.124697
0.124697
0.124697
0.124697
0.124697
0.124697
0.124697
0.124697
0.124697
0.124697
0.124697
0.124697
0.124697
0.124697
0.124697
0.124697
0.124697
0.124697
0.124697
0.124697
0.124697
0.124697
0.124697
0.124697
0.124697
0.124697
0.124697
0.124697
0.124697
0.124697
0.124697
0.124697
0.124697
0.124697
0.124697
0.124697
0.124697
0.124697
0.124697
0.124697
0.124697
0.124697
0.124697
0.124697
0.124697
0.124697
0.124697
0.124697
0.124697
0.124697
0.124697
0.124697
0.124697
0.124697
0.124697
0.124697
0.124697
0.124697
0.124697
0.124697
0.124697
0.124697
0.124697
0.124697
0.124697
0.124697
0.124697
0.124697
0.124697
0.124697
0.124697
0.124697
0.124697
0.124697
0.124697
0.124697
0.124697
0.124697
0.124697
0.124697
0.124697
0.124697
0.124697
0.124697
0.124697
0.124697
0.124697
0.124697
0.124697
0.124697
0.124697
0.124697
0.124697
0.124697
0.124697
0.124697
0.124697
0.124697
0.124697
0.124697
0.124697
0.124697
0.124697
0.124697
0.124697
0.124697
0.124697
0.124697
0.124697
0.124697
0.124697
0.124697
0.124697
0.124697
0.124697
0.124697
0.124697
0.124697
0.124697
0.124697
0.124697
0.124697
0.124697
0.124697
0.124697
0.124697
0.124697
0.124697
0.124697
0.124697
0.124697
0.124697
0.124697
0.124697
0.124697
0.124697
0.124697
0.124697
0.124697
0.124697
0.124697
0.124697
0.124697
0.124697
0.124697
0.124697
0.124697
0.124697
0.124697
0.124697
0.124697
0.124697
0.124697
0.124697
0.124697
0.124697
0.124697
0.124697
0.124697
0.124697
0.124697
0.124697
0.124697
0.124697
0.124697
0.124697
0.124697
0.124697
0.124697
0.124697
0.124697
0.124697
0.124697
0.124697
0.124697
0.124697
0.124697
0.124697
0.124697
0.124697
0.124697
0.124697
0.124697
0.124697
0.124697
0.124697
0.124697
0.124697
0.124697
0.124697
0.124697
0.124697
0.124697
0.124697
0.124697
0.124697
0.124697
0.124697
0.124697
0.124697
0.124697
0.124697
0.124697
0.124697
0.124697
0.124697
0.124697
0.124697
0.124697
0.124697
0.124697
0.124697
0.124697
0.124697
0.124697
0.124697
0.124697
0.124697
0.124697
0.124697
0.124697
0.124697
0.124697
0.124697
0.124697
0.124697
0.124697
0.124697
0.124697
0.124697
0.124697
0.124697
0.124697
0.124697
0.124697
0.124697
0.124697
0.124697
0.124697
0.124697
0.124697
0.124697
0.124697
0.124697
0.124697
0.124697
0.124697
0.124697
0.124697
0.124697
0.124697
0.124697
0.124697
0.124697
0.124697
0.124697
0.124697
0.124697
0.124697
0.124697
0.124697
0.124697
0.124697
0.124697
0.124697
0.124697
0.124697
0.124697
0.124697
0.124697
0.124697
0.124697
0.124697
0.124697
0.124697
0.124697
0.124697
0.124697
0.124697
0.124697
0.124697
0.124697
0.124697
0.124697
0.124697
0.124697
0.124697
0.124697
0.124697
0.124697
0.124697
0.124697
0.124697
0.124697
0.124697
0.124697
0.124697
0.124697
0.124697
0.124697
0.124697
0.124697
0.124697
0.124697
0.124697
0.124697
0.124697
0.124697
0.124697
0.124697
0.124697
0.124697
0.124697
0.124697
0.124697
0.124697
0.124697
0.124697
0.124697
0.124697
0.124697
0.124697
0.124697
0.124697
0.124697
0.124697
0.124697
0.124697
0.124697
0.124697
0.124697
0.124697
0.124697
0.124697
0.124697
0.124697
0.124697
0.124697
0.124697
0.124697
0.124697
0.124697
0.124697
0.124697
0.124697
0.124697
0.124697
0.124697
0.124697
0.124697
0.124697
0.124697
0.124697
0.124697
0.124697
0.124697
0.124697
0.124697
0.124697
0.124697
0.124697
0.124697
0.124697
0.124697
0.124697
0.124697
0.124697
0.124697
0.124697
0.124697
0.124697
0.124697
0.124697
0.124697
0.124697
0.124697
0.124697
0.124697
0.124697
0.124697
0.124697
0.124697
0.124697
0.124697
0.124697
0.124697
0.124697
0.124697
0.124697
0.124697
0.124697
0.124697
0.124697
0.124697
0.124697
0.124697
0.124697
0.124697
0.124697
0.124697
0.124697
0.124697
0.124697
0.124697
0.124697
0.124697
0.124697
0.124697
0.124697
0.124697
0.124697
0.124697
0.124697
0.124697
0.124697
0.124697
0.124697
0.124697
0.124697
0.124697
0.124697
0.124697
0.124697
0.124697
0.124697
0.124697
0.124697
0.124697
0.124697
0.124697
0.124697
0.124697
0.124697
0.124697
0.124697
0.124697
0.124697
0.124697
0.124697
0.124697
0.124697
0.124697
0.124697
0.124697
0.124697
0.124697
0.124697
0.124697
0.124697
0.124697
0.124697
0.124697
0.124697
0.124697
0.124697
0.124697
0.124697
0.124697
0.124697
0.124697
0.124697
0.124697
0.124697
0.124697
0.124697
0.124697
0.124697
0.124697
0.124697
0.124697
0.124697
0.124697
0.124697
0.124697
0.124697
0.124697
0.124697
0.124697
0.124697
0.124697
0.124697
0.124697
0.124697
0.124697
0.124697
0.124697
0.124697
0.124697
0.124697
0.124697
0.124697
0.124697
0.124697
0.124697
0.124697
0.124697
0.124697
0.124697
0.124697
0.124697
0.124697
0.124697
0.124697
0.124697
0.124697
0.124697
0.124697
0.124697
0.124697
0.124697
0.124697
0.124697
0.124697
0.124697
0.124697
0.124697
0.124697
0.124697
0.124697
0.124697
0.124697
0.124697
0.124697
0.124697
0.124697
0.124697
0.124697
0.124697
0.124697
0.124697
0.124697
0.124697
0.124697
0.124697
0.124697
0.124697
0.124697
0.124697
0.124697
0.124697
0.124697
0.124697
0.124697
0.124697
0.124697
0.124697
0.124697
0.124697
0.124697
0.124697
0.124697
0.124697
0.124697
0.124697
0.124697
0.124697
0.124697
0.124697
0.124697
0.124697
0.124697
0.124697
0.124697
0.124697
0.124697
0.124697
0.124697
0.124697
0.124697
0.124697
0.124697
0.124697
0.124697
0.124697
0.124697
0.124697
0.124697
0.124697
0.124697
0.124697
0.124697
0.124697
0.124697
0.124697
0.124697
0.124697
0.124697
0.124697
0.124697
0.124697
0.124697
0.124697
0.124697
0.124697
0.124697
0.124697
0.124697
0.124697
0.124697
0.124697
0.124697
0.124697
0.124697
0.124697
0.124697
0.124697
0.124697
0.124697
0.124697
0.124697
0.124697
0.124697
0.124697
0.124697
0.124697
0.124697
0.124697
0.124697
0.124697
0.124697
0.124697
0.124697
0.124697
0.124697
0.124697
0.124697
0.124697
0.124697
0.124697
0.124697
0.124697
0.124697
0.124697
0.124697
0.124697
0.124697
0.124697
0.124697
0.124697
0.124697
0.124697
0.124697
0.124697
0.124697
0.124697
0.124697
0.124697
0.124697
0.124697
0.124697
0.124697
0.124697
0.124697
0.124697
0.124697
0.124697
0.124697
0.124697
0.124697
0.124697
0.124697
0.124697
0.124697
0.124697
0.124697
0.124697
0.124697
0.124697
0.124697
0.124697
0.124697
0.124697
0.124697
0.124697
0.124697
0.124697
0.124697
0.124697
0.124697
0.124697
0.124697
0.124697
0.124697
0.124697
0.124697
0.124697
0.124697
0.124697
0.124697
0.124697
0.124697
0.124697
0.124697
0.124697
0.124697
0.124697
0.124697
0.124697
)
;

boundaryField
{
    sides
    {
        type            calculated;
        value           nonuniform List<scalar> 2(0.124697 0.997574);
    }
    empty
    {
        type            empty;
    }
}


// ************************************************************************* //
