/*--------------------------------*- C++ -*----------------------------------*\
  =========                 |
  \\      /  F ield         | OpenFOAM: The Open Source CFD Toolbox
   \\    /   O peration     | Website:  https://openfoam.org
    \\  /    A nd           | Version:  9
     \\/     M anipulation  |
\*---------------------------------------------------------------------------*/
FoamFile
{
    format      ascii;
    class       surfaceScalarField;
    location    "0.95";
    object      phi;
}
// * * * * * * * * * * * * * * * * * * * * * * * * * * * * * * * * * * * * * //

dimensions      [0 3 -1 0 0 0 0];

internalField   nonuniform List<scalar> 
8032
(
-5.586e-05
5.58597e-05
-0.000109831
5.3987e-05
-0.000159794
4.99635e-05
-0.000203775
4.39803e-05
-0.000240053
3.62783e-05
-0.000267206
2.71524e-05
-0.000284149
1.69433e-05
-0.000290181
6.03132e-06
-0.000285064
-5.11658e-06
-0.000268936
-1.61288e-05
-0.000242364
-2.65716e-05
-0.00020635
-3.60144e-05
-0.000162273
-4.40763e-05
-0.000111843
-5.04303e-05
-5.70262e-05
-5.48166e-05
2.90614e-08
-5.70553e-05
5.70841e-05
-5.7055e-05
0.0001119
-5.48157e-05
0.000162329
-5.04288e-05
0.000206403
-4.40743e-05
0.000242415
-3.60119e-05
0.000268984
-2.65686e-05
0.000285109
-1.61253e-05
0.000290222
-5.11277e-06
0.000284187
6.03547e-06
0.000267239
1.69478e-05
0.000240082
2.7157e-05
0.000203799
3.62829e-05
0.000159815
4.39846e-05
0.000109848
4.99667e-05
5.58622e-05
5.3986e-05
5.58622e-05
-5.81991e-05
0.000114059
-0.000114452
0.00011024
-0.000166529
0.00010204
-0.00021238
8.9831e-05
-0.000250216
7.4114e-05
-0.000278552
5.54884e-05
-0.000296259
3.46505e-05
-0.000302606
1.23782e-05
-0.000297289
-1.04336e-05
-0.000280491
-3.29269e-05
-0.000252805
-5.42576e-05
-0.000215261
-7.35579e-05
-0.000169296
-9.00415e-05
-0.000116691
-0.000103035
-5.9501e-05
-0.000112007
2.92672e-08
-0.000116585
5.95592e-05
-0.000116585
0.000116748
-0.000112005
0.000169352
-0.000103032
0.000215315
-9.00374e-05
0.000252856
-7.35528e-05
0.000280539
-5.42515e-05
0.000297334
-3.29199e-05
0.000302647
-1.04259e-05
0.000296296
1.23866e-05
0.000278584
3.46594e-05
0.000250244
5.54977e-05
0.000212403
7.41235e-05
0.000166548
8.98404e-05
0.000114466
0.000102048
5.82043e-05
0.000110248
0.000114067
-6.25651e-05
0.000176624
-0.000123047
0.000170722
-0.000179052
0.000158044
-0.000228386
0.000139165
-0.000269125
0.000114853
-0.00029967
8.60333e-05
-0.000318799
5.37791e-05
-0.000325717
1.92958e-05
-0.000320079
-1.60716e-05
-0.000302055
-5.09509e-05
-0.000272292
-8.40201e-05
-0.000231896
-0.000113954
-0.000182406
-0.000139531
-0.000125742
-0.0001597
-6.41213e-05
-0.000173627
2.9775e-08
-0.000180737
6.41806e-05
-0.000180736
0.0001258
-0.000173624
0.000182463
-0.000159695
0.00023195
-0.000139525
0.000272344
-0.000113946
0.000302104
-8.40109e-05
0.000320124
-5.09403e-05
0.000325758
-1.60599e-05
0.000318836
1.93085e-05
0.000299703
5.37926e-05
0.000269153
8.60475e-05
0.000228409
0.000114868
0.00017907
0.00013918
0.000123059
0.000158059
6.2571e-05
0.000170736
0.000176638
-6.91781e-05
0.000245802
-0.000136066
0.00023761
-0.00019803
0.000220009
-0.000252654
0.000193789
-0.000297812
0.000160011
-0.000331726
0.000119948
-0.000353032
7.50849e-05
-0.000360831
2.7095e-05
-0.000354726
-2.2177e-05
-0.00033487
-7.08068e-05
-0.000301967
-0.000116923
-0.000257237
-0.000158684
-0.000202384
-0.000194384
-0.000139537
-0.000222546
-7.11642e-05
-0.000242
3.05876e-08
-0.000251931
7.12251e-05
-0.00025193
0.000139597
-0.000241996
0.000202442
-0.00022254
0.000257293
-0.000194376
0.00030202
-0.000158674
0.00033492
-0.000116911
0.000354773
-7.07925e-05
0.000360874
-2.21611e-05
0.00035307
2.71122e-05
0.00033176
7.51033e-05
0.00029784
0.000119967
0.000252677
0.000160031
0.000198048
0.00019381
0.000136078
0.000220029
6.91841e-05
0.00023763
0.000245822
-7.82988e-05
0.000324101
-0.000154026
0.000313337
-0.000224223
0.000290205
-0.000286165
0.000255732
-0.000337447
0.000211293
-0.000376047
0.000158548
-0.000400397
9.94351e-05
-0.000409451
3.61484e-05
-0.000402728
-2.88996e-05
-0.000380367
-9.31681e-05
-0.000343137
-0.000154152
-0.000292413
-0.000209409
-0.000230125
-0.000256672
-0.000158697
-0.000293974
-8.0948e-05
-0.000319749
3.17235e-08
-0.000332911
8.10111e-05
-0.000332909
0.00015876
-0.000319744
0.000230185
-0.000293966
0.000292471
-0.000256661
0.000343193
-0.000209396
0.000380418
-0.000154136
0.000402776
-9.31499e-05
0.000409494
-2.88794e-05
0.000400436
3.61703e-05
0.000376081
9.94585e-05
0.000337476
0.000158573
0.000286188
0.000211319
0.00022424
0.000255757
0.000154038
0.000290231
7.83049e-05
0.000313363
0.000324127
-9.02559e-05
0.000414357
-0.000177579
0.000400661
-0.000258586
0.000371213
-0.000330158
0.000327303
-0.000389521
0.000270657
-0.000434328
0.000203355
-0.000462739
0.000127845
-0.000473502
4.69118e-05
-0.00046602
-3.63816e-05
-0.000440403
-0.000118785
-0.000397505
-0.00019705
-0.000338893
-0.000268021
-0.000266798
-0.000328767
-0.000184036
-0.000376736
-9.38885e-05
-0.000409896
3.32089e-08
-0.000426832
9.39545e-05
-0.00042683
0.000184101
-0.00040989
0.000266861
-0.000376727
0.000338954
-0.000328753
0.000397563
-0.000268005
0.000440457
-0.00019703
0.00046607
-0.000118763
0.000473547
-3.63568e-05
0.000462779
4.69387e-05
0.000434363
0.000127874
0.000389551
0.000203385
0.000330182
0.000270688
0.000258604
0.000327335
0.000177591
0.000371245
9.02621e-05
0.000400692
0.000414389
-0.00010546
0.000519817
-0.000207538
0.000502738
-0.000302324
0.000465999
-0.000386197
0.000411176
-0.00045592
0.00034038
-0.000508724
0.00025616
-0.000542411
0.000161532
-0.000555456
5.99572e-05
-0.000547092
-4.4745e-05
-0.000517382
-0.000148495
-0.000467277
-0.000247154
-0.000398586
-0.000336712
-0.000313923
-0.00041343
-0.000216607
-0.000474052
-0.000110527
-0.000515976
3.50721e-08
-0.000537394
0.000110597
-0.000537392
0.000216676
-0.000515969
0.000313989
-0.00047404
0.00039865
-0.000413414
0.000467338
-0.000336692
0.000517438
-0.000247131
0.000547144
-0.000148468
0.000555503
-4.47152e-05
0.000542452
5.99894e-05
0.000508761
0.000161566
0.000455951
0.000256195
0.000386222
0.000340417
0.000302342
0.000411214
0.00020755
0.000466037
0.000105466
0.000502777
0.000519855
-0.000124416
0.000644233
-0.000244907
0.000623229
-0.000356921
0.000578013
-0.000456223
0.000510479
-0.000538997
0.000423154
-0.000601938
0.000319101
-0.000642381
0.000201975
-0.000658444
7.60201e-05
-0.000649115
-5.40733e-05
-0.000614374
-0.000183237
-0.000555281
-0.000306247
-0.000473942
-0.000418051
-0.000373451
-0.000513921
-0.000257771
-0.000589732
-0.00013156
-0.000642187
3.73459e-08
-0.000668992
0.000131635
-0.000668989
0.000257844
-0.000642178
0.000373522
-0.000589718
0.00047401
-0.000513902
0.000555345
-0.000418027
0.000614433
-0.000306219
0.00064917
-0.000183205
0.000658493
-5.40383e-05
0.000642425
7.60579e-05
0.000601975
0.000202015
0.000539028
0.000319143
0.000456249
0.000423197
0.00035694
0.000510523
0.000244919
0.000578057
0.000124422
0.000623274
0.000644278
-0.000147731
0.000791965
-0.000290896
0.000766395
-0.000424179
0.000711296
-0.000542604
0.000628904
-0.000641639
0.00052219
-0.000717309
0.00039477
-0.000766347
0.000251014
-0.000786387
9.60603e-05
-0.00077608
-6.43802e-05
-0.000735261
-0.000224056
-0.000665105
-0.000376402
-0.000568078
-0.000515078
-0.000447871
-0.000634127
-0.000309259
-0.000728344
-0.000157876
-0.000793569
4.00706e-08
-0.000826908
0.000157956
-0.000826905
0.000309337
-0.000793559
0.000447947
-0.000728328
0.00056815
-0.000634105
0.000665174
-0.00051505
0.000735324
-0.00037637
0.000776138
-0.000224019
0.000786439
-6.43393e-05
0.000766393
9.61042e-05
0.000717348
0.00025106
0.000641672
0.000394819
0.00054263
0.000522239
0.000424199
0.000628954
0.000290909
0.000711347
0.000147738
0.000766446
0.000792016
-0.000176125
0.00096809
-0.000346944
0.000937215
-0.00050625
0.000870601
-0.000648184
0.000770838
-0.000767348
0.000641354
-0.000858923
0.000486345
-0.000918868
0.000310959
-0.000944159
0.000121352
-0.00093298
-7.5559e-05
-0.000884925
-0.000272111
-0.000801278
-0.000460049
-0.000684933
-0.000631423
-0.00054033
-0.00077873
-0.000373262
-0.000895412
-0.0001906
-0.000976231
4.32977e-08
-0.00101755
0.000190686
-0.00101755
0.000373346
-0.000976219
0.000540411
-0.000895393
0.000685011
-0.000778704
0.000801351
-0.00063139
0.000884993
-0.000460011
0.000933042
-0.000272068
0.000944214
-7.55116e-05
0.000918916
0.000121403
0.000858964
0.000311012
0.000767382
0.000486401
0.000648211
0.00064141
0.00050627
0.000770896
0.000346958
0.000870659
0.000176131
0.000937272
0.000968147
-0.00021043
0.00117852
-0.000414725
0.00114151
-0.000605653
0.00106153
-0.000776331
0.000941516
-0.00092031
0.000785333
-0.00103172
0.000597757
-0.00110551
0.000384752
-0.00113778
0.000153616
-0.00112603
-8.73036e-05
-0.00106948
-0.000328664
-0.000969491
-0.000560038
-0.000829471
-0.000771442
-0.000654795
-0.000953407
-0.000452544
-0.00109766
-0.000231147
-0.00119763
4.70929e-08
-0.00124874
0.000231241
-0.00124874
0.000452635
-0.00119761
0.000654883
-0.00109764
0.000829555
-0.000953376
0.000969569
-0.000771404
0.00106955
-0.000559994
0.0011261
-0.000328614
0.00113784
-8.7249e-05
0.00110556
0.000153674
0.00103176
0.000384813
0.000920346
0.00059782
0.000776359
0.000785397
0.000605674
0.000941581
0.000414739
0.00106159
0.000210437
0.00114157
0.00117858
-0.000251588
0.00143011
-0.000496142
0.00138606
-0.000725288
0.00129068
-0.000930964
0.00114719
-0.00110547
0.000959843
-0.00124163
0.000733914
-0.00133306
0.000476183
-0.00137465
0.000195203
-0.00136297
-9.89848e-05
-0.00129658
-0.000395053
-0.0011769
-0.00067972
-0.00100794
-0.000940397
-0.000796262
-0.00116509
-0.000550581
-0.00134334
-0.0002813
-0.00146691
5.15382e-08
-0.0015301
0.000281402
-0.00153009
0.000550681
-0.00146689
0.000796358
-0.00134332
0.00100803
-0.00116505
0.00117698
-0.000940353
0.00129666
-0.000679669
0.00136304
-0.000394995
0.00137471
-9.89218e-05
0.00133312
0.00019527
0.00124168
0.000476252
0.00110551
0.000733985
0.000930993
0.000959915
0.00072531
0.00114726
0.000496156
0.00129075
0.000251595
0.00138614
0.00143018
-0.000300632
0.00173074
-0.000593303
0.00167873
-0.000868409
0.00156578
-0.00111657
0.00139535
-0.00132861
0.00117188
-0.0014957
0.000900999
-0.00160971
0.000590201
-0.00166388
0.00024937
-0.00165341
-0.000109456
-0.00157583
-0.000472635
-0.00143251
-0.000823039
-0.00122822
-0.00114468
-0.000971021
-0.00142228
-0.000671744
-0.00164262
-0.000343297
-0.00179535
5.6732e-08
-0.00187345
0.00034341
-0.00187344
0.000671854
-0.00179534
0.000971126
-0.00164259
0.00122832
-0.00142224
0.0014326
-0.00114463
0.00157591
-0.00082298
0.00165348
-0.000472568
0.00166395
-0.000109383
0.00160977
0.000249446
0.00149574
0.000590279
0.00132865
0.000901079
0.0011166
0.00117196
0.000868431
0.00139543
0.000593317
0.00156586
0.000300639
0.00167881
0.00173082
-0.000358648
0.00208939
-0.000708456
0.00202854
-0.00103856
0.00189589
-0.00133815
0.00169495
-0.00159633
0.00143006
-0.0018022
0.00110687
-0.00194535
0.000733348
-0.00201666
0.000320678
-0.00200936
-0.000116747
-0.00191932
-0.000562683
-0.0017477
-0.000994653
-0.00150026
-0.00139213
-0.00118703
-0.00173551
-0.000821586
-0.00200807
-0.000419989
-0.00219695
6.281e-08
-0.0022935
0.000420114
-0.00229349
0.000821707
-0.00219693
0.00118715
-0.00200803
0.00150037
-0.00173546
0.0017478
-0.00139207
0.00191941
-0.000994584
0.00200944
-0.000562605
0.00201673
-0.000116664
0.00194541
0.000320765
0.00180225
0.000733436
0.00159637
0.00110696
0.00133818
0.00143015
0.00103858
0.00169503
0.00070847
0.00189598
0.000358655
0.00202863
0.00208947
-0.000426708
0.0025161
-0.000843868
0.0024457
-0.00123943
0.00229145
-0.00160112
0.00205663
-0.00191605
0.001745
-0.00217078
0.0013616
-0.00235181
0.000914381
-0.00244674
0.0004156
-0.00244589
-0.000117593
-0.00234235
-0.000666218
-0.00213695
-0.00120005
-0.00183684
-0.00169224
-0.00145465
-0.0021177
-0.00100736
-0.00245536
-0.000515097
-0.00268921
6.99794e-08
-0.00280867
0.000515236
-0.00280866
0.00100749
-0.00268918
0.00145478
-0.00245532
0.00183696
-0.00211764
0.00213706
-0.00169217
0.00234245
-0.00119997
0.00244598
-0.000666128
0.00244681
-0.000117496
0.00235187
0.000415698
0.00217083
0.000914481
0.00191609
0.0013617
0.00160114
0.00174509
0.00123945
0.00205673
0.000843882
0.00229155
0.000426715
0.0024458
0.00251619
-0.000505759
0.00302186
-0.00100162
0.00294156
-0.00147459
0.00276442
-0.001911
0.00249305
-0.00229583
0.00212982
-0.00261245
0.00167822
-0.00284323
0.00114517
-0.00297103
0.000543397
-0.00298191
-0.000106714
-0.00286451
-0.000783612
-0.00261913
-0.00144544
-0.00225481
-0.00205656
-0.00178718
-0.00258533
-0.00123799
-0.00300455
-0.000633027
-0.00329417
7.84937e-08
-0.00344177
0.000633182
-0.00344176
0.00123814
-0.00329414
0.00178732
-0.0030045
0.00225494
-0.00258527
0.00261925
-0.00205648
0.00286462
-0.00144534
0.002982
-0.000783507
0.00297111
-0.000106601
0.00284329
0.00054351
0.00261249
0.00114528
0.00229587
0.00167833
0.00191103
0.00212993
0.00147461
0.00249315
0.00100163
0.00276452
0.000505765
0.00294166
0.00302195
-0.000596439
0.00361829
-0.00118326
0.00352838
-0.00174703
0.0033282
-0.00227304
0.00301906
-0.00274401
0.00260078
-0.00313946
0.00207367
-0.00343621
0.00144192
-0.00361015
0.00071733
-0.00364093
-7.59276e-05
-0.00351033
-0.00091421
-0.00321605
-0.00173972
-0.00276955
-0.00250306
-0.00219261
-0.00316228
-0.00151623
-0.00368093
-0.000774174
-0.00403623
8.80457e-08
-0.00421604
0.000774348
-0.00421602
0.0015164
-0.00403619
0.00219277
-0.00368087
0.0027697
-0.0031622
0.00321618
-0.00250296
0.00351045
-0.00173961
0.00364103
-0.000914086
0.00361023
-7.57943e-05
0.00343628
0.00071746
0.00313951
0.00144205
0.00274404
0.00207379
0.00227307
0.0026009
0.00174705
0.00301917
0.00118327
0.00332831
0.000596444
0.00352848
0.0036184
-0.000698822
0.00431712
-0.0013893
0.00421886
-0.00205849
0.00399739
-0.00269134
0.0036519
-0.00326846
0.00317791
-0.00376476
0.00256997
-0.00414924
0.00182641
-0.00438625
0.000954342
-0.00444629
-1.58891e-05
-0.00429359
-0.00106691
-0.00391843
-0.00211488
-0.00334643
-0.00307506
-0.00262155
-0.00388715
-0.00179417
-0.00450831
-0.000909018
-0.00492137
9.50007e-08
-0.00512515
0.000909207
-0.00512514
0.00179435
-0.00492134
0.00262173
-0.00450825
0.00334659
-0.00388707
0.00391859
-0.00307495
0.00429372
-0.00211474
0.0044464
-0.00106677
0.00438633
-1.57225e-05
0.0041493
0.000954489
0.0037648
0.00182655
0.00326849
0.0025701
0.00269136
0.00317804
0.00205851
0.00365202
0.00138931
0.0039975
0.000698826
0.00421897
0.00431722
-0.000812047
0.00512916
-0.0016185
0.00502531
-0.00240835
0.00478725
-0.00316756
0.00441111
-0.0038753
0.00388566
-0.00450033
0.00319499
-0.00499779
0.00232387
-0.00531008
0.00126663
-0.00536911
4.31365e-05
-0.00511546
-0.00132056
-0.00453891
-0.00269143
-0.00374423
-0.00386975
-0.00282511
-0.00480627
-0.00187077
-0.00546265
-0.000926888
-0.00586526
8.90853e-08
-0.00605213
0.000927068
-0.00605211
0.00187095
-0.00586522
0.0028253
-0.00546259
0.00374441
-0.00480618
0.00453908
-0.00386962
0.00511561
-0.00269128
0.00536922
-0.00132037
0.00531017
4.33268e-05
0.00499785
0.00126681
0.00450036
0.00232404
0.00387533
0.00319514
0.00316757
0.00388579
0.00240836
0.00441123
0.0016185
0.00478736
0.000812049
0.00502542
0.00512927
-0.000933839
0.006063
-0.00186685
0.00595832
-0.00279217
0.00571257
-0.00369904
0.00531798
-0.0045657
0.00475232
-0.00534717
0.00397646
-0.00596237
0.00293908
-0.00629099
0.00159525
-0.00619606
-5.17992e-05
-0.00558368
-0.00193293
-0.00457564
-0.00369947
-0.00345367
-0.00499172
-0.00240954
-0.0058504
-0.00151179
-0.0063604
-0.000726853
-0.00665019
6.57727e-08
-0.00677904
0.000726988
-0.00677904
0.00151194
-0.00665017
0.00240971
-0.00636036
0.00345386
-0.00585033
0.00457584
-0.0049916
0.00558386
-0.0036993
0.0061962
-0.00193271
0.00629108
-5.15479e-05
0.00596242
0.00159546
0.00534719
0.00293927
0.00456571
0.00397662
0.00369904
0.00475246
0.00279217
0.00531811
0.00186684
0.00571268
0.000933838
0.00595843
0.00606311
-0.00105995
0.00712295
-0.00212637
0.00702474
-0.00319978
0.00678597
-0.00427606
0.00639427
-0.00532911
0.00580536
-0.00627467
0.00492201
-0.00693783
0.00360224
-0.00705306
0.00171048
-0.00631648
-0.000788375
-0.00497892
-0.0032705
-0.00364847
-0.00502992
-0.00260785
-0.00603234
-0.00181767
-0.00664059
-0.00116179
-0.00701628
-0.000566362
-0.00724562
4.95755e-08
-0.00734546
0.000566464
-0.00734545
0.0011619
-0.0072456
0.00181779
-0.00701625
0.00260799
-0.00664054
0.00364865
-0.00603225
0.00497912
-0.00502978
0.00631667
-0.00327026
0.00705319
-0.000788059
0.00693789
0.00171075
0.00627468
0.00360247
0.00532911
0.0049222
0.00427605
0.00580552
0.00319976
0.00639439
0.00212636
0.00678609
0.00105994
0.00702485
0.00712305
-0.00118359
0.00830654
-0.00238396
0.00822511
-0.00361346
0.00801547
-0.0048769
0.00765771
-0.00612235
0.00705082
-0.00715789
0.00595755
-0.00758082
0.00402517
-0.0068271
0.00095676
-0.00525529
-0.00236018
-0.00384816
-0.00467764
-0.00291622
-0.00596186
-0.00221103
-0.00673752
-0.00161765
-0.00723397
-0.00107205
-0.00756188
-0.000534231
-0.00778343
4.25267e-08
-0.00787973
0.000534319
-0.00787973
0.00107214
-0.00778342
0.00161774
-0.00756186
0.00221114
-0.00723394
0.00291635
-0.00673746
0.00384832
-0.00596175
0.00525551
-0.00467746
0.00682731
-0.00235986
0.00758091
0.000957151
0.00715791
0.00402548
0.00612233
0.00595777
0.00487687
0.00705098
0.00361344
0.00765783
0.00238394
0.00801558
0.00118358
0.0082252
0.00830664
-0.00129508
0.00960162
-0.00262034
0.00955037
-0.00400435
0.00939949
-0.00545099
0.00910434
-0.00681239
0.00841223
-0.00767567
0.00682083
-0.0072047
0.00355419
-0.00557536
-0.000672582
-0.00417769
-0.00375785
-0.00341414
-0.00544119
-0.00286308
-0.00651291
-0.00231894
-0.00728167
-0.00175706
-0.00779584
-0.00118491
-0.00813403
-0.000595994
-0.00837235
4.31304e-08
-0.00847577
0.000596083
-0.00847577
0.001185
-0.00837234
0.00175716
-0.00813401
0.00231904
-0.00779582
0.00286319
-0.00728161
0.00341425
-0.00651281
0.00417783
-0.00544104
0.00557557
-0.0037576
0.0072049
-0.000672177
0.00767571
0.00355467
0.00681236
0.00682112
0.00545093
0.0084124
0.00400431
0.00910446
0.00262031
0.00939958
0.00129507
0.00955045
0.0096017
-0.00138216
0.0109838
-0.00281056
0.0109788
-0.00432737
0.0109163
-0.00588899
0.010666
-0.00715419
0.00967743
-0.00737889
0.00704553
-0.00595077
0.00212607
-0.00454184
-0.00208151
-0.00398631
-0.00431339
-0.00372815
-0.00569935
-0.00328851
-0.00695255
-0.00268707
-0.00788311
-0.00202671
-0.0084562
-0.00135778
-0.00880296
-0.000680331
-0.0090498
4.42314e-08
-0.00915614
0.000680423
-0.00915615
0.00135788
-0.0090498
0.00202682
-0.00880295
0.00268719
-0.00845619
0.00328863
-0.00788305
0.00372825
-0.00695242
0.00398639
-0.00569917
0.00454197
-0.00431318
0.00595095
-0.00208116
0.00737901
0.00212662
0.00715416
0.00704596
0.00588893
0.00967764
0.00432731
0.0106661
0.00281052
0.0109164
0.00138214
0.0109788
0.0109838
-0.00143028
0.0124141
-0.00292186
0.0124703
-0.00451237
0.0125068
-0.00604174
0.0121953
-0.00705072
0.0106864
-0.00627728
0.00627209
-0.00479403
0.000642823
-0.00425544
-0.00262009
-0.00436346
-0.00420537
-0.00433092
-0.00573189
-0.00383653
-0.00744694
-0.00309414
-0.00862549
-0.00229752
-0.00925282
-0.00151981
-0.00958068
-0.00075624
-0.00981337
4.24679e-08
-0.00991243
0.000756328
-0.00991243
0.00151991
-0.00981338
0.00229763
-0.00958068
0.00309428
-0.00925283
0.00383666
-0.00862544
0.00433101
-0.00744677
0.00436348
-0.00573164
0.00425547
-0.00420517
0.00479414
-0.00261983
0.00627744
0.000643318
0.00705071
0.00627269
0.00604167
0.0106867
0.00451229
0.0121954
0.00292181
0.0125069
0.00143025
0.0124704
0.0124141
-0.0014246
0.0138387
-0.00291454
0.0139603
-0.00445612
0.0140484
-0.00576627
0.0135055
-0.00626175
0.0111819
-0.00495253
0.00496287
-0.00415639
-0.000153319
-0.00425003
-0.00252646
-0.00466568
-0.00378972
-0.00472303
-0.00567453
-0.00424273
-0.00792724
-0.00341715
-0.00945108
-0.00250865
-0.0101613
-0.00163928
-0.01045
-0.000809801
-0.0106429
3.64895e-08
-0.0107223
0.000809876
-0.0107223
0.00163937
-0.0106429
0.00250876
-0.0104501
0.00341728
-0.0101614
0.00424286
-0.00945102
0.00472309
-0.00792701
0.00466564
-0.00567419
0.00424997
-0.0037895
0.00415641
-0.00252627
0.00495265
-0.000152917
0.00626179
0.00496354
0.0057662
0.0111823
0.00445604
0.0135056
0.00291448
0.0140484
0.00142458
0.0139603
0.0138387
-0.00135779
0.0151965
-0.00276634
0.0153688
-0.00413833
0.0154204
-0.00516662
0.0145338
-0.00503477
0.01105
-0.00396806
0.00389617
-0.00363354
-0.000487843
-0.00400252
-0.00215748
-0.0045163
-0.00327594
-0.00472081
-0.00547002
-0.00435944
-0.00828862
-0.00354607
-0.0102645
-0.00260013
-0.0111073
-0.00168517
-0.011365
-0.000827363
-0.0115007
2.44437e-08
-0.0115497
0.000827413
-0.0115497
0.00168523
-0.0115007
0.00260021
-0.011365
0.00354616
-0.0111073
0.00435951
-0.0102644
0.00472081
-0.00828831
0.0045162
-0.00546957
0.0040024
-0.0032757
0.00363347
-0.00215734
0.0039681
-0.000487541
0.00503487
0.00389677
0.00516654
0.0110506
0.00413825
0.0145339
0.00276629
0.0154204
0.00135776
0.0153688
0.0151964
-0.00123213
0.0164286
-0.00247894
0.0166157
-0.00360309
0.0165445
-0.00432393
0.0152546
-0.00373205
0.0104582
-0.00308076
0.00324488
-0.00292781
-0.000640793
-0.00323309
-0.0018522
-0.00379237
-0.00271666
-0.00427242
-0.00498997
-0.00407257
-0.00848847
-0.00336279
-0.0109742
-0.00249022
-0.0119798
-0.00161834
-0.0122369
-0.000793389
-0.0123256
6.36536e-09
-0.012343
0.000793401
-0.0123431
0.00161836
-0.0123256
0.00249024
-0.0122369
0.00336281
-0.0119799
0.00407256
-0.0109741
0.00427232
-0.00848807
0.00379217
-0.00498942
0.00323291
-0.00271644
0.0029277
-0.00185213
0.00308075
-0.000640596
0.00373213
0.00324539
0.00432389
0.0104588
0.00360303
0.0152548
0.0024789
0.0165445
0.0012321
0.0166156
0.0164285
-0.00106214
0.0174907
-0.00209049
0.017644
-0.00293162
0.0173856
-0.00329494
0.0156179
-0.00260016
0.00976337
-0.00212679
0.00277151
-0.00189989
-0.000867687
-0.00194889
-0.00180321
-0.00237556
-0.00228998
-0.00301213
-0.00435341
-0.00319457
-0.00830603
-0.00279993
-0.0113689
-0.00214255
-0.0126372
-0.00142532
-0.0129541
-0.000704183
-0.0130467
-1.53068e-08
-0.0130472
0.000704151
-0.0130472
0.00142529
-0.0130468
0.0021425
-0.0129541
0.00279984
-0.0126372
0.0031944
-0.0113687
0.00301182
-0.00830548
0.00237527
-0.00435288
0.0019487
-0.00228988
0.00189979
-0.00180321
0.00212677
-0.000867575
0.00260019
0.00277196
0.00329495
0.00976409
0.00293159
0.0156181
0.00209046
0.0173856
0.00106213
0.0176439
0.0174907
-0.000873352
0.0183641
-0.00166505
0.0184357
-0.00222237
0.017943
-0.00226421
0.0156598
-0.00164097
0.00914013
-0.00116977
0.00230031
-0.000781882
-0.00125558
-0.000655654
-0.00192944
-0.000806647
-0.00213899
-0.00123936
-0.0039207
-0.00188282
-0.00766257
-0.00200976
-0.0112419
-0.00164942
-0.0129975
-0.0011472
-0.0134563
-0.000577483
-0.0136165
-3.62801e-08
-0.0136247
0.000577408
-0.0136247
0.00114712
-0.0136165
0.00164931
-0.0134563
0.00200959
-0.0129975
0.00188256
-0.0112417
0.00123908
-0.00766201
0.000806479
-0.00392027
0.000655555
-0.00213895
0.000781819
-0.00192948
0.00116975
-0.00125551
0.00164098
0.00230073
0.00226427
0.0091408
0.00222239
0.01566
0.00166506
0.017943
0.000873358
0.0184357
0.018364
-0.00070189
0.019066
-0.00128294
0.0190168
-0.00158709
0.0182471
-0.00138869
0.0154614
-0.00086877
0.00862021
-0.000324786
0.00175633
8.04878e-05
-0.00166085
6.88868e-05
-0.00191784
-3.28447e-05
-0.00203725
-0.000327414
-0.00362613
-0.000876161
-0.00711382
-0.00127692
-0.0108412
-0.00114775
-0.0131267
-0.000843389
-0.0137607
-0.000436472
-0.0140234
-5.42972e-08
-0.0140611
0.00043636
-0.0140611
0.000843274
-0.0140234
0.00114762
-0.0137607
0.00127675
-0.0131266
0.000875909
-0.0108408
0.00032727
-0.00711337
3.27917e-05
-0.00362579
-6.89264e-05
-0.00203723
-8.05232e-05
-0.00191788
0.000324787
-0.00166082
0.000868798
0.00175672
0.0013888
0.00862081
0.00158717
0.0154616
0.00128299
0.0182471
0.000701916
0.0190167
0.0190659
-0.00058584
0.0196518
-0.00102223
0.0194531
-0.00115796
0.0183828
-0.000820319
0.0151237
-0.000340305
0.00814019
0.000311266
0.00110476
0.00050227
-0.00185185
0.000275093
-0.00169066
7.80669e-05
-0.00184023
-9.36415e-06
-0.0035387
-0.000272098
-0.00685109
-0.000667667
-0.0104456
-0.00068259
-0.0131118
-0.000548689
-0.0138946
-0.000296006
-0.0142761
-7.05154e-08
-0.014357
0.00029586
-0.014357
0.000548552
-0.0142761
0.000682452
-0.0138946
0.000667518
-0.0131117
0.000271948
-0.0104452
9.31385e-06
-0.00685073
-7.80412e-05
-0.00353844
-0.000275092
-0.00184018
-0.000502287
-0.00169068
-0.000311249
-0.00185186
0.000340369
0.0011051
0.000820488
0.00814069
0.0011581
0.015124
0.00102233
0.0183829
0.000585887
0.0194532
0.0196518
-0.000549307
0.0202011
-0.000934211
0.019838
-0.000956927
0.0184056
-0.000453027
0.0146198
0.000188544
0.00749862
0.000804447
0.000488856
0.000620175
-0.00166758
0.000156253
-0.00122674
-5.38918e-05
-0.00163008
9.90155e-05
-0.0036916
8.07591e-05
-0.00683283
-0.0001792
-0.0101856
-0.000279803
-0.0130112
-0.000284347
-0.0138901
-0.000168571
-0.0143918
-8.46075e-08
-0.0145255
0.000168391
-0.0145255
0.000284192
-0.0143919
0.000279655
-0.0138901
0.00017907
-0.0130111
-8.08407e-05
-0.0101853
-9.89925e-05
-0.00683258
5.39902e-05
-0.00369142
-0.00015618
-0.00163001
-0.000620134
-0.00122673
-0.000804371
-0.00166762
-0.000188392
0.000489125
0.000453273
0.00749902
0.000957135
0.0146201
0.000934349
0.0184057
0.000549371
0.0198381
0.0202012
-0.000593517
0.0207946
-0.00100677
0.0202513
-0.000987172
0.018386
-0.00029127
0.0139239
0.000691065
0.00651629
0.00114459
3.53293e-05
0.000428866
-0.000951856
-0.000241888
-0.000555986
-0.000327026
-0.00154495
2.37206e-05
-0.00404235
0.000267154
-0.00707627
0.000164103
-0.0100826
2.51669e-05
-0.0128722
-7.4134e-05
-0.0137908
-6.72794e-05
-0.0143987
-9.03718e-08
-0.0145927
6.70766e-05
-0.0145927
7.39754e-05
-0.0143988
-2.52989e-05
-0.0137908
-0.0001642
-0.0128722
-0.000267166
-0.0100824
-2.36281e-05
-0.00707612
0.000327175
-0.00404222
0.000242028
-0.00154487
-0.000428764
-0.000555938
-0.00114449
-0.000951898
-0.000690864
3.55038e-05
0.000291568
0.00651659
0.000987424
0.0139243
0.00100693
0.0183862
0.000593591
0.0202515
0.0207948
-0.000733722
0.0215283
-0.00129189
0.0208095
-0.0014135
0.0185076
-0.000526832
0.0130373
0.000663404
0.00532605
0.000882999
-0.000184265
-0.000131162
6.23052e-05
-0.000854955
0.000167806
-0.000745492
-0.00165441
-0.000216278
-0.00457156
0.000244833
-0.00753738
0.000331475
-0.0101692
0.000164436
-0.0127052
5.54224e-05
-0.0136817
1.81938e-06
-0.0143451
-6.08895e-08
-0.0145908
-1.94335e-06
-0.0145908
-5.55431e-05
-0.0143452
-0.000164557
-0.0136818
-0.000331546
-0.0127052
-0.000244773
-0.0101691
0.000216423
-0.00753731
0.000745689
-0.00457149
0.000855163
-0.00165434
0.000131389
0.000167836
-0.000882813
6.23032e-05
-0.000663138
-0.000184171
0.00052717
0.00532628
0.00141377
0.0130377
0.00129206
0.0185079
0.000733796
0.0208097
0.0215286
-0.000967921
0.0224963
-0.00179625
0.0216378
-0.00219561
0.0189069
-0.00107505
0.0119167
5.72979e-05
0.0041937
-0.000259445
0.000132478
-0.00125042
0.00105328
-0.00161654
0.000533926
-0.00125688
-0.00201407
-0.000593641
-0.0052348
1.87745e-05
-0.00814979
0.000316226
-0.0104667
0.000160429
-0.0125494
0.000103044
-0.0136244
3.44811e-05
-0.0142765
-1.16695e-08
-0.0145563
-3.44976e-05
-0.0145563
-0.00010308
-0.0142766
-0.000160483
-0.0136244
-0.000316249
-0.0125494
-1.86911e-05
-0.0104667
0.000593804
-0.00814981
0.00125709
-0.00523478
0.00161679
-0.00201404
0.00125073
0.000533902
0.000259913
0.00105312
-5.66387e-05
0.000132381
0.00107561
0.00419404
0.00219597
0.0119173
0.00179642
0.0189075
0.000967986
0.0216382
0.0224966
-0.00121987
0.0237161
-0.0023251
0.022743
-0.00281074
0.0193926
-0.00148719
0.0105932
-0.000640152
0.00334666
-0.00131942
0.000811743
-0.0021488
0.00188266
-0.00225321
0.000638339
-0.0017127
-0.00255459
-0.00101603
-0.00593146
-0.000387841
-0.00877799
5.24232e-05
-0.010907
8.41259e-05
-0.0125811
0.000102321
-0.0136425
5.11633e-05
-0.0142254
4.37575e-08
-0.0145052
-5.10435e-05
-0.0145052
-0.000102273
-0.0142254
-8.40922e-05
-0.0136425
-5.23534e-05
-0.0125812
0.000387965
-0.010907
0.00101619
-0.00877804
0.0017129
-0.00593148
0.00225345
-0.0025546
0.00214908
0.000638278
0.00131977
0.00188243
0.000640545
0.000811602
0.00148759
0.00334699
0.00281105
0.0105939
0.00232521
0.0193933
0.0012199
0.0227435
0.0237165
-0.00137588
0.025092
-0.00265213
0.0240193
-0.00317853
0.019919
-0.00244013
0.00985477
-0.00230764
0.00321418
-0.00282373
0.00132783
-0.00305145
0.00211039
-0.00271181
0.000298693
-0.00200997
-0.00325642
-0.00130756
-0.00663387
-0.000715099
-0.00937045
-0.000222509
-0.0113995
1.42575e-05
-0.0128179
9.72322e-05
-0.0137255
6.42685e-05
-0.0141924
5.76043e-08
-0.014441
-6.41415e-05
-0.014441
-9.71255e-05
-0.0141924
-1.41464e-05
-0.0137255
0.000222631
-0.012818
0.000715224
-0.0113996
0.00130769
-0.0093705
0.00201012
-0.00663391
0.00271199
-0.00325646
0.00305167
0.000298593
0.00282408
0.00211002
0.00230804
0.00132764
0.00244046
0.00321457
0.00317869
0.00985563
0.00265208
0.0199199
0.00137583
0.0240197
0.0250923
-0.00134411
0.0264361
-0.00265082
0.025326
-0.00325206
0.0205202
-0.0034855
0.0100882
-0.00408746
0.00381614
-0.00419528
0.00143565
-0.00364277
0.00155788
-0.00286702
-0.000477057
-0.0020197
-0.00410374
-0.00130659
-0.00734698
-0.0007503
-0.00992674
-0.000284885
-0.011865
5.05913e-05
-0.0131534
0.000140401
-0.0138153
8.61697e-05
-0.0141382
6.79003e-08
-0.0143549
-8.60567e-05
-0.0143549
-0.000140249
-0.0141382
-5.04049e-05
-0.0138154
0.00028504
-0.0131534
0.000750423
-0.011865
0.00130669
-0.00992677
0.00201979
-0.00734701
0.00286711
-0.00410378
0.00364287
-0.000477165
0.00419565
0.00155724
0.00408772
0.00143558
0.00348559
0.0038167
0.00325197
0.0100893
0.00265048
0.0205214
0.00134391
0.0253263
0.0264362
-0.000880919
0.027317
-0.00189497
0.02634
-0.00260893
0.0212342
-0.00347124
0.0109505
-0.00440827
0.00475317
-0.00453402
0.00156139
-0.00364987
0.00067373
-0.00258869
-0.00153823
-0.00165284
-0.0050396
-0.00095867
-0.00804115
-0.000468984
-0.0104164
-8.46416e-05
-0.0122493
0.000229456
-0.0134675
0.000239205
-0.0138251
0.000123984
-0.014023
1.07166e-07
-0.014231
-0.000123815
-0.014231
-0.000238989
-0.014023
-0.000229224
-0.0138251
8.48315e-05
-0.0134675
0.000469102
-0.0122493
0.000958728
-0.0104164
0.00165285
-0.00804113
0.00258867
-0.00503961
0.00364979
-0.00153829
0.00453397
0.000673054
0.00440805
0.0015615
0.0034709
0.00475384
0.00260841
0.0109517
0.00189436
0.0212354
0.000880565
0.0263401
0.0273168
-5.35251e-05
0.0273706
-0.000156799
0.0264433
-0.000756913
0.0218343
-0.0020393
0.0122329
-0.00304264
0.00575651
-0.00352786
0.00204661
-0.00287388
1.97449e-05
-0.00171123
-0.00270088
-0.000817223
-0.0059336
-0.000242068
-0.0086163
8.75283e-05
-0.010746
0.000293429
-0.0124552
0.000462105
-0.0136361
0.000352058
-0.013715
0.000169864
-0.0138408
1.9533e-07
-0.0140613
-0.000169494
-0.0140613
-0.000351701
-0.0138408
-0.000461799
-0.013715
-0.000293215
-0.013636
-8.74184e-05
-0.0124551
0.00024208
-0.0107459
0.000817146
-0.0086162
0.00171108
-0.00593354
0.00287368
-0.00270089
0.00352729
1.94436e-05
0.00304191
0.00204689
0.00203844
0.00575731
0.000755943
0.0122342
0.000156087
0.0218353
5.32088e-05
0.026443
0.02737
0.000873625
0.0264969
0.00173213
0.0255848
0.00181577
0.0217506
0.000462966
0.0135857
-0.000640864
0.00686034
-0.00134032
0.00274607
-0.00095032
-0.000370258
-9.53169e-05
-0.00355589
0.000471486
-0.00650041
0.00074093
-0.00888575
0.000783097
-0.0107882
0.000719983
-0.0123921
0.000676474
-0.0135926
0.00044871
-0.0134873
0.000211918
-0.013604
2.5746e-07
-0.0138497
-0.000211393
-0.0138496
-0.0004483
-0.0136039
-0.00067619
-0.0134871
-0.000719834
-0.0135924
-0.000783064
-0.0123918
-0.000741004
-0.010788
-0.000471667
-0.00888553
9.50238e-05
-0.00650023
0.000949838
-0.0035557
0.00133943
-0.000370152
0.000639835
0.00274649
-0.00046405
0.00686119
-0.00181672
0.0135869
-0.00173255
0.0217511
-0.00087384
0.0255843
0.0264961
0.00158082
0.0249161
0.00311772
0.0240479
0.00390214
0.0209662
0.00298835
0.0144995
0.00187282
0.00797587
0.00143119
0.0031877
0.00158938
-0.000528443
0.00185472
-0.00382123
0.00192012
-0.00656581
0.00176497
-0.00873059
0.00145224
-0.0104755
0.00109107
-0.0120309
0.000814633
-0.0133162
0.000507735
-0.0131804
0.000243875
-0.0133401
1.68485e-07
-0.013606
-0.000243392
-0.0136061
-0.00050751
-0.0133398
-0.000814459
-0.0131802
-0.001091
-0.0133159
-0.00145227
-0.0120306
-0.0017651
-0.0104751
-0.00192038
-0.00873026
-0.00185514
-0.00656547
-0.00158998
-0.00382086
-0.00143211
-0.000528027
-0.00187388
0.00318826
-0.00298947
0.00797679
-0.00390289
0.0145003
-0.00311798
0.0209662
-0.00158092
0.0240472
0.0249152
0.0020785
0.0228376
0.00411892
0.0220075
0.00562245
0.0194627
0.00572522
0.0143967
0.00505622
0.00864487
0.00448207
0.00376185
0.00410133
-0.000147701
0.00376304
-0.00348294
0.00330618
-0.00610895
0.00272619
-0.0081506
0.00207522
-0.00982449
0.00143535
-0.011391
0.000920133
-0.012801
0.000542284
-0.0128025
0.000265502
-0.0130633
-1.20621e-08
-0.0133405
-0.000265576
-0.0133405
-0.000542223
-0.0130632
-0.000920047
-0.0128024
-0.00143533
-0.0128006
-0.00207529
-0.0113906
-0.00272635
-0.00982406
-0.00330645
-0.00815016
-0.00376344
-0.00610848
-0.00410186
-0.00348244
-0.00448284
-0.000147045
-0.00505708
0.0037625
-0.00572591
0.00864562
-0.00562277
0.0143972
-0.00411899
0.0194624
-0.00207852
0.0220067
0.0228367
0.00236515
0.0204725
0.00467975
0.0196929
0.00655458
0.0175878
0.00730324
0.0136481
0.00712598
0.00882212
0.00658671
0.00430112
0.00597281
0.000466196
0.00522271
-0.00273285
0.0043739
-0.00526014
0.00346315
-0.00723985
0.00255089
-0.00891223
0.00170152
-0.0105417
0.00100686
-0.0121063
0.00057151
-0.0123672
0.00028045
-0.0127723
2.00952e-08
-0.01306
-0.000280431
-0.01306
-0.000571456
-0.0127721
-0.00100684
-0.012367
-0.00170155
-0.0121059
-0.00255097
-0.0105412
-0.0034633
-0.00891173
-0.00437413
-0.00723933
-0.00522302
-0.00525959
-0.00597322
-0.00273224
-0.00658711
0.000466843
-0.0071264
0.00430179
-0.0073035
0.00882272
-0.0065546
0.0136483
-0.00467965
0.0175875
-0.00236508
0.0196922
0.0204716
0.00242776
0.0180447
0.00478651
0.0173341
0.00678553
0.0155888
0.00788657
0.012547
0.0080545
0.0086542
0.00767175
0.00468387
0.00697495
0.001163
0.00604397
-0.00180187
0.00498277
-0.00419895
0.0038805
-0.00613757
0.00281544
-0.00784717
0.0018493
-0.00957554
0.00105428
-0.0113113
0.000594625
-0.0119075
0.000291926
-0.0124696
-1.9256e-08
-0.0127681
-0.000291955
-0.0127681
-0.000594682
-0.0124694
-0.00105433
-0.0119073
-0.00184937
-0.0113108
-0.00281553
-0.00957503
-0.00388062
-0.00784665
-0.00498292
-0.00613703
-0.00604414
-0.00419836
-0.00697513
-0.00180125
-0.00767191
0.00116362
-0.00805458
0.00468446
-0.00788649
0.00865463
-0.00678531
0.0125471
-0.00478629
0.0155885
-0.00242764
0.0173335
0.018044
0.00230088
0.0157438
0.00451612
0.0151189
0.0064361
0.0136688
0.00769093
0.0112922
0.00811644
0.00822868
0.00788275
0.00491757
0.00721563
0.00183011
0.00625549
-0.000841724
0.00513601
-0.00307946
0.00397803
-0.0049796
0.00287289
-0.00674203
0.00187851
-0.00858116
0.0010518
-0.0104846
0.00060341
-0.0114591
0.000298462
-0.0121646
-6.8236e-08
-0.0124696
-0.000298606
-0.0124696
-0.000603531
-0.0121645
-0.00105191
-0.011459
-0.0018786
-0.0104841
-0.00287298
-0.00858065
-0.00397811
-0.00674151
-0.00513608
-0.00497906
-0.00625555
-0.0030789
-0.00721565
-0.000841141
-0.00788271
0.00183068
-0.00811631
0.00491806
-0.00769065
0.00822897
-0.00643576
0.0112922
-0.00451584
0.0136685
-0.00230072
0.0151184
0.0157433
0.00205758
0.0136863
0.00402324
0.0131532
0.00573415
0.0119579
0.00694961
0.0100767
0.00750843
0.00766987
0.00742063
0.00500536
0.00685288
0.00239786
0.00597063
4.05299e-05
0.00491535
-0.00202418
0.00381424
-0.00387849
0.00276223
-0.00569001
0.00181176
-0.00763069
0.00100733
-0.00968015
0.000595933
-0.0110477
0.000297753
-0.0118664
-9.42477e-08
-0.0121717
-0.000297955
-0.0121717
-0.000596101
-0.0118663
-0.00100747
-0.0110476
-0.00181187
-0.00967973
-0.00276231
-0.00763022
-0.00381429
-0.00568953
-0.00491537
-0.00387799
-0.0059706
-0.00202367
-0.00685279
4.10524e-05
-0.00742045
0.00239834
-0.00750814
0.00500575
-0.00694925
0.00767008
-0.00573378
0.0100767
-0.00402295
0.0119577
-0.00205743
0.0131529
0.0136858
0.00176486
0.0119214
0.00343954
0.0114786
0.00488921
0.0105083
0.00595401
0.00901195
0.00651228
0.00711159
0.00653305
0.00498459
0.00610483
0.00282608
0.00536458
0.000780777
0.00445037
-0.00110997
0.00347818
-0.0029063
0.00253981
-0.00475165
0.00168277
-0.00677365
0.00094035
-0.00893773
0.000576626
-0.010684
0.000291167
-0.011581
-9.71714e-08
-0.0118804
-0.000291373
-0.0118804
-0.000576801
-0.0115809
-0.000940506
-0.0106839
-0.00168288
-0.00893736
-0.00253988
-0.00677322
-0.00347821
-0.0047512
-0.00445035
-0.00290585
-0.0053645
-0.00110951
-0.00610468
0.000781224
-0.00653282
0.00282649
-0.00651197
0.0049849
-0.00595366
0.00711177
-0.00488888
0.00901197
-0.00343929
0.0105081
-0.00176472
0.0114783
0.0119211
0.00146915
0.0104523
0.00285662
0.0100911
0.00405258
0.0093123
0.00493683
0.00812769
0.00542887
0.00661956
0.00550214
0.00491132
0.00519946
0.00312876
0.00461678
0.00136346
0.00386914
-0.000362324
0.00305541
-0.00209257
0.00225998
-0.00395622
0.00152337
-0.00603704
0.000867859
-0.00828221
0.00055135
-0.0103675
0.000281028
-0.0113107
-8.95853e-08
-0.0115993
-0.00028121
-0.0115993
-0.000551516
-0.0113106
-0.00086801
-0.0103674
-0.00152348
-0.00828188
-0.00226004
-0.00603666
-0.00305543
-0.00395582
-0.00386911
-0.00209217
-0.00461669
-0.000361928
-0.0051993
0.00136384
-0.00550192
0.0031291
-0.0054286
0.00491158
-0.00493654
0.00661971
-0.00405231
0.00812773
-0.00285642
0.00931223
-0.00146904
0.0100909
0.0104521
0.00119695
0.0092553
0.00232396
0.00896408
0.00329343
0.00834283
0.00401618
0.00740494
0.00443096
0.00620478
0.0045194
0.00482287
0.0043088
0.00333936
0.0038638
0.00180846
0.00326783
0.000233647
0.0026122
-0.00143694
0.00196383
-0.00330785
0.00135638
-0.00542959
0.000799076
-0.00772491
0.000525142
-0.0100936
0.000269778
-0.0110553
-8.2133e-08
-0.0113295
-0.00026994
-0.0113295
-0.000525295
-0.0110552
-0.000799217
-0.0100935
-0.00135648
-0.00772462
-0.00196389
-0.00542924
-0.00261222
-0.0033075
-0.0032678
-0.00143658
-0.00386372
0.000233993
-0.00430867
0.00180878
-0.00451922
0.00333965
-0.00443073
0.0048231
-0.00401595
0.00620493
-0.00329322
0.00740501
-0.0023238
0.00834281
-0.00119687
0.008964
0.0092552
0.000960023
0.00829528
0.0018623
0.0080618
0.00263794
0.0075672
0.00322059
0.00682229
0.00356398
0.00586139
0.00365317
0.00473368
0.00350618
0.00348635
0.00316916
0.00214548
0.00270632
0.000696481
0.00219147
-0.000922084
0.00167789
-0.00279427
0.00119456
-0.00494626
0.000738422
-0.00726877
0.000501852
-0.009857
0.000259393
-0.0108128
-7.52688e-08
-0.01107
-0.000259541
-0.01107
-0.000501994
-0.0108128
-0.000738554
-0.0098569
-0.00119466
-0.00726852
-0.00167796
-0.00494594
-0.00219149
-0.00279396
-0.0027063
-0.000921773
-0.00316909
0.000696781
-0.00350607
0.00214576
-0.00365302
0.0034866
-0.00356381
0.00473388
-0.00322041
0.00586153
-0.00263778
0.00682237
-0.00186218
0.00756722
-0.000959959
0.00806178
0.00829524
0.000761308
0.00753397
0.00147607
0.00734704
0.00209057
0.0069527
0.00255518
0.00635767
0.0028351
0.00558147
0.00291795
0.00465084
0.00281599
0.00358831
0.00256398
0.00239749
0.00221243
0.00104803
0.00181708
-0.000526731
0.00141844
-0.00239564
0.00104322
-0.00457104
0.000690382
-0.00691594
0.000483756
-0.00965037
0.000250906
-0.01058
-6.94399e-08
-0.010819
-0.000251043
-0.010819
-0.000483887
-0.0105799
-0.000690505
-0.00965029
-0.00104333
-0.0069157
-0.00141851
-0.00457076
-0.00181711
-0.00239536
-0.00221242
-0.000526458
-0.00256394
0.0010483
-0.00281591
0.00239773
-0.00291784
0.00358853
-0.00283497
0.00465102
-0.00255505
0.00558161
-0.00209045
0.00635777
-0.00147598
0.00695275
-0.00076126
0.00734706
0.00753398
0.000599004
0.00693497
0.00116107
0.00678497
0.00164459
0.00646918
0.00201225
0.00599001
0.00223789
0.00535583
0.00231182
0.00457691
0.0022432
0.00365693
0.00205906
0.00258163
0.0017984
0.00130869
0.00150197
-0.000230307
0.00119715
-0.00209081
0.000907971
-0.00428186
0.000656588
-0.00666455
0.000471172
-0.00946496
0.000244567
-0.0103534
-6.47077e-08
-0.0105744
-0.000244695
-0.0105744
-0.000471295
-0.0103533
-0.000656705
-0.00946488
-0.000908075
-0.00666433
-0.00119721
-0.00428162
-0.00150201
-0.00209057
-0.0017984
-0.000230067
-0.00205903
0.00130893
-0.00224315
0.00258185
-0.00231174
0.00365712
-0.0022378
0.00457708
-0.00201216
0.00535597
-0.0016445
0.00599011
-0.001161
0.00646925
-0.00059897
0.00678503
0.00693501
0.000469069
0.0064659
0.000909134
0.00634491
0.00128814
0.00609017
0.00157798
0.00570016
0.00175919
0.00517463
0.00182478
0.00451131
0.00178234
0.00369937
0.00165307
0.0027109
0.00146581
0.00149596
0.00124959
-1.40876e-05
0.00102014
-0.00186136
0.000801014
-0.00406274
0.000635249
-0.00649879
0.000462656
-0.00929237
0.000240165
-0.0101309
-6.06506e-08
-0.0103342
-0.000240285
-0.0103342
-0.000462773
-0.0101309
-0.000635358
-0.00929229
-0.000801105
-0.00649858
-0.0010202
-0.00406252
-0.00124962
-0.00186115
-0.00146582
-1.38704e-05
-0.00165306
0.00149617
-0.0017823
0.0027111
-0.00182473
0.00369955
-0.00175912
0.00451147
-0.00157792
0.00517476
-0.00128808
0.00570027
-0.000909089
0.00609026
-0.000469046
0.00634498
0.00646597
0.000366737
0.00609916
0.000710896
0.00600075
0.00100794
0.00579313
0.00123681
0.00547129
0.00138329
0.00502815
0.00144287
0.00445174
0.00142222
0.00372001
0.00133785
0.00279527
0.00121055
0.00162326
0.00105404
0.000142418
0.000885295
-0.00169262
0.000723686
-0.00390113
0.000623675
-0.00639878
0.000457357
-0.00912605
0.000237342
-0.00991087
-5.69831e-08
-0.0100968
-0.000237455
-0.0100968
-0.000457467
-0.00991085
-0.000623777
-0.00912598
-0.00072377
-0.00639859
-0.000885358
-0.00390094
-0.00105408
-0.00169243
-0.00121056
0.000142611
-0.00133785
0.00162345
-0.00142221
0.00279545
-0.00144284
0.00372018
-0.00138325
0.00445189
-0.00123677
0.00502828
-0.0010079
0.0054714
-0.000710866
0.00579323
-0.000366721
0.00600084
0.00609924
0.000287333
0.00581183
0.000557267
0.00573082
0.000791195
0.00555921
0.000973532
0.00528895
0.00109418
0.0049075
0.0011506
0.00439531
0.00114863
0.00372199
0.0011004
0.0028435
0.0010189
0.00170477
0.000911854
0.000249466
0.000787995
-0.00156876
0.000669598
-0.00378273
0.000617503
-0.00634668
0.000454569
-0.00896311
0.000235835
-0.00969214
-5.37365e-08
-0.00986088
-0.000235941
-0.00986087
-0.000454672
-0.00969212
-0.000617599
-0.00896305
-0.000669677
-0.00634651
-0.000788056
-0.00378256
-0.000911897
-0.00156858
-0.00101893
0.00024964
-0.00110041
0.00170494
-0.00114862
0.00284366
-0.00115059
0.00372214
-0.00109415
0.00439545
-0.000973505
0.00490763
-0.00079117
0.00528907
-0.000557247
0.00555931
-0.000287323
0.00573091
0.00581192
0.000226633
0.0055852
0.000440047
0.0055174
0.000626345
0.00537291
0.000774201
0.0051411
0.000876697
0.00480501
0.000932735
0.00433927
0.000947102
0.00370762
0.000928042
0.00286256
0.000882429
0.00175038
0.00081242
0.000319475
0.000722368
-0.00147871
0.000635058
-0.00369542
0.000616407
-0.00632803
0.000454489
-0.0088012
0.000235732
-0.00947338
-5.0883e-08
-0.00962509
-0.000235833
-0.00962509
-0.000454587
-0.00947336
-0.000616498
-0.00880114
-0.000635133
-0.00632787
-0.000722428
-0.00369526
-0.000812464
-0.00147855
-0.000882458
0.000319634
-0.000928058
0.00175054
-0.000947106
0.00286271
-0.00093273
0.00370777
-0.000876686
0.00433941
-0.000774186
0.00480513
-0.00062633
0.00514121
-0.000440035
0.00537302
-0.000226627
0.0055175
0.00558529
0.000180964
0.00540423
0.000352092
0.00534627
0.000503237
0.00522176
0.000626402
0.00501793
0.000717069
0.00471434
0.000775016
0.00428132
0.000803807
0.00367883
0.000808231
0.00285814
0.000790439
0.00176817
0.000748435
0.000361479
0.000683451
-0.00141372
0.000617215
-0.00362918
0.000621284
-0.0063321
0.000457724
-0.00863764
0.000237205
-0.00925286
-4.83358e-08
-0.00938784
-0.000237301
-0.00938784
-0.000457818
-0.00925284
-0.000621373
-0.00863759
-0.000617287
-0.00633196
-0.000683509
-0.00362904
-0.000748481
-0.00141358
-0.000790472
0.000361625
-0.000808252
0.00176832
-0.000803818
0.00285828
-0.000775019
0.00367897
-0.000717066
0.00428145
-0.000626396
0.00471446
-0.00050323
0.00501805
-0.000352086
0.00522187
-0.000180961
0.00534638
0.00540433
0.000147206
0.00525703
0.000287306
0.00520617
0.000413126
0.00509594
0.000519254
0.0049118
0.000602949
0.00463065
0.000664448
0.00421982
0.000706028
0.00363725
0.000729514
0.00283465
0.00073348
0.00176421
0.000713211
0.000381747
0.00066748
-0.00136799
0.00061622
-0.00357792
0.000633612
-0.00634949
0.000464366
-0.00846839
0.000240223
-0.00902872
-4.60076e-08
-0.00914757
-0.000240315
-0.00914757
-0.000464456
-0.0090287
-0.000633697
-0.00846835
-0.000616288
-0.00634937
-0.000667536
-0.00357779
-0.000713257
-0.00136786
-0.000733515
0.000381883
-0.000729539
0.00176434
-0.000706045
0.00283478
-0.000664457
0.00363738
-0.000602953
0.00421995
-0.000519255
0.00463076
-0.000413124
0.00491191
-0.000287304
0.00509605
-0.000147205
0.00520628
0.00525713
0.000122768
0.00513426
0.000240609
0.00508833
0.000348674
0.00498788
0.000443514
0.00481696
0.000523654
0.00455051
0.000589527
0.00415395
0.000642306
0.00358447
0.000681581
0.00279537
0.000703199
0.00174259
0.000700474
0.000384472
0.000670115
-0.00133763
0.000628764
-0.00353657
0.000649866
-0.0063706
0.000473433
-0.00829196
0.000244519
-0.00879981
-4.38477e-08
-0.00890301
-0.000244606
-0.008903
-0.000473519
-0.00879979
-0.000649947
-0.00829192
-0.000628829
-0.00637048
-0.00067017
-0.00353645
-0.000700519
-0.00133751
-0.000703235
0.000384599
-0.000681609
0.00174272
-0.000642326
0.0027955
-0.000589541
0.00358459
-0.000523662
0.00415407
-0.000443519
0.00455062
-0.000348676
0.00481707
-0.00024061
0.00498799
-0.000122768
0.00508844
0.00513436
0.000105563
0.0050287
0.000207915
0.00498598
0.000303994
0.0048918
0.000391811
0.00472914
0.000470751
0.00447157
0.000541272
0.00408343
0.000603631
0.00352211
0.000655816
0.00274319
0.000692205
0.0017062
0.000704544
0.000372133
0.000687203
-0.00132029
0.000652025
-0.0035014
0.000668294
-0.00638687
0.000484317
-0.00810798
0.000249845
-0.00856533
-4.18317e-08
-0.00865312
-0.000249928
-0.00865312
-0.000484398
-0.00856532
-0.000668371
-0.00810795
-0.000652088
-0.00638677
-0.000687257
-0.00350128
-0.000704589
-0.00132018
-0.000692242
0.000372252
-0.000655846
0.00170632
-0.000603654
0.00274331
-0.000541289
0.00352223
-0.000470763
0.00408354
-0.000391819
0.00447168
-0.000303999
0.00472925
-0.000207918
0.0048919
-0.000105564
0.00498608
0.0050288
9.39559e-05
0.00493474
0.000186042
0.0048939
0.000274562
0.00480328
0.000358605
0.0046451
0.000438154
0.00439202
0.000513566
0.00400802
0.000584263
0.00345141
0.000647083
0.00268037
0.000695569
0.00165771
0.000720946
0.000346756
0.000715534
-0.00131488
0.000684607
-0.00347047
0.000689479
-0.00639174
0.000497133
-0.00791563
0.000256183
-0.00832439
-3.99412e-08
-0.0083969
-0.000256263
-0.00839689
-0.000497211
-0.00832437
-0.000689553
-0.0079156
-0.000684668
-0.00639165
-0.000715586
-0.00347037
-0.000720991
-0.00131477
-0.000695607
0.000346868
-0.000647114
0.00165783
-0.000584288
0.00268048
-0.000513586
0.00345153
-0.000438169
0.00400813
-0.000358615
0.00439212
-0.000274569
0.0046452
-0.000186046
0.00480338
-9.39579e-05
0.004894
0.00493484
8.66922e-05
0.00484805
0.000172562
0.00480803
0.000256954
0.00471889
0.000339756
0.0045623
0.000421257
0.00431052
0.000501486
0.00392779
0.000579071
0.00337383
0.000650271
0.00260917
0.000708667
0.00159932
0.000745898
0.000309525
0.00075279
-0.00132177
0.000726689
-0.00344437
0.000714254
-0.0063793
0.000512171
-0.00771355
0.000263589
-0.0080758
-3.81601e-08
-0.00813327
-0.000263665
-0.00813327
-0.000512246
-0.00807579
-0.000714326
-0.00771352
-0.000726748
-0.00637923
-0.000752842
-0.00344427
-0.000745944
-0.00132167
-0.000708705
0.00030963
-0.000650303
0.00159943
-0.000579098
0.00260928
-0.000501507
0.00337394
-0.000421273
0.00392789
-0.000339768
0.00431062
-0.000256962
0.0045624
-0.000172567
0.00471899
-8.66947e-05
0.00480812
0.00484814
8.28227e-05
0.00476522
0.000165639
0.00472521
0.00024857
0.00463596
0.000331965
0.0044789
0.000416115
0.00422637
0.000500621
0.00384328
0.000583599
0.00329085
0.000661078
0.00253169
0.000727342
0.00153305
0.000775515
0.000261351
0.000796108
-0.00134236
0.000777575
-0.00342583
0.000741809
-0.00634354
0.00052934
-0.00750108
0.00027206
-0.00781852
-3.64624e-08
-0.00786117
-0.000272133
-0.00786117
-0.000529412
-0.00781851
-0.000741878
-0.00750106
-0.000777632
-0.00634348
-0.000796159
-0.00342574
-0.00077556
-0.00134227
-0.000727381
0.00026145
-0.000661111
0.00153316
-0.000583627
0.00253179
-0.000500643
0.00329095
-0.000416132
0.00384338
-0.000331978
0.00422647
-0.000248579
0.004479
-0.000165645
0.00463605
-8.28257e-05
0.0047253
0.00476532
8.16385e-05
0.00468359
0.000163865
0.00464298
0.000247307
0.00455251
0.000332505
0.0043937
0.000419625
0.00413925
0.000507861
0.00375505
0.000594794
0.00320392
0.000676402
0.00245008
0.000748205
0.00146125
0.000806178
0.000203378
0.000842489
-0.00137868
0.000836077
-0.00341942
0.000772322
-0.00627978
0.000548686
-0.00727745
0.000281582
-0.00755142
-3.48382e-08
-0.00757956
-0.000281652
-0.00757955
-0.000548755
-0.00755141
-0.000772388
-0.00727743
-0.000836133
-0.00627973
-0.000842539
-0.00341934
-0.000806223
-0.00137858
-0.000748245
0.000203472
-0.000676435
0.00146135
-0.000594822
0.00245018
-0.000507884
0.00320401
-0.000419643
0.00375514
-0.000332518
0.00413934
-0.000247317
0.0043938
-0.000163871
0.00455261
-8.16417e-05
0.00464307
0.00468368
8.25512e-05
0.00460103
0.000166081
0.00455945
0.000251502
0.00446709
0.000339449
0.00430576
0.00042985
0.00404885
0.000521338
0.00366356
0.000610857
0.0031144
0.000694242
0.0023667
0.000768406
0.00138709
0.000833708
0.000138077
0.000888073
-0.00143304
0.000901861
-0.00343321
0.000806726
-0.00618465
0.000570687
-0.00704141
0.000292289
-0.00727302
-3.32862e-08
-0.00728723
-0.000292356
-0.00728723
-0.000570753
-0.00727301
-0.000806788
-0.00704139
-0.000901915
-0.0061846
-0.000888124
-0.00343313
-0.000833753
-0.00143295
-0.000768446
0.000138164
-0.000694276
0.00138718
-0.000610886
0.00236679
-0.000521362
0.00311449
-0.000429868
0.00366365
-0.000339463
0.00404894
-0.000251513
0.00430585
-0.000166088
0.00446718
-8.25545e-05
0.00455954
0.00460112
8.51064e-05
0.00451593
0.000171446
0.00447311
0.000260107
0.00437843
0.00035168
0.00421418
0.000445729
0.0039548
0.000540203
0.00356908
0.000631193
0.00302341
0.000713894
0.002284
0.000785837
0.00131514
0.000852127
7.17858e-05
0.000925543
-0.00150646
0.000970642
-0.00347831
0.000844973
-0.00605898
0.000596035
-0.00679247
0.000304549
-0.00698153
-3.1803e-08
-0.00698265
-0.000304612
-0.00698265
-0.000596098
-0.00698153
-0.000845034
-0.00679245
-0.000970696
-0.00605894
-0.000925595
-0.00347823
-0.000852174
-0.00150637
-0.000785877
7.18672e-05
-0.000713928
0.00131523
-0.000631221
0.00228408
-0.000540226
0.00302349
-0.000445748
0.00356917
-0.000351694
0.00395488
-0.000260117
0.00421427
-0.000171453
0.00437852
-8.51099e-05
0.0044732
0.00451601
8.90473e-05
0.00442688
0.000179493
0.00438267
0.000272514
0.00428541
0.000368571
0.00411813
0.00046681
0.00385656
0.000564442
0.00347145
0.000656526
0.00293132
0.000736992
0.00220353
0.000802281
0.00124985
0.000858866
1.52006e-05
0.000933198
-0.00158079
0.00103996
-0.00358507
0.00089063
-0.00590965
0.000625905
-0.00652775
0.000318522
-0.00667415
-3.04129e-08
-0.0066641
-0.000318583
-0.0066641
-0.000625965
-0.00667415
-0.000890687
-0.00652773
-0.00104001
-0.00590962
-0.000933253
-0.00358499
-0.000858913
-0.00158071
-0.00080232
1.52747e-05
-0.000737026
0.00124993
-0.000656554
0.00220361
-0.000564465
0.00293141
-0.000466829
0.00347153
-0.000368585
0.00385664
-0.000272524
0.00411821
-0.0001795
0.00428549
-8.90508e-05
0.00438275
0.00442696
9.41991e-05
0.00433268
0.000189895
0.00428697
0.000288292
0.00418701
0.000389711
0.00401671
0.000492946
0.00375332
0.000594673
0.00336973
0.000689272
0.00283673
0.000769712
0.00212309
0.000830417
0.00118915
0.000875728
-3.01105e-05
0.00093648
-0.00164154
0.00111605
-0.00376464
0.000941822
-0.00573542
0.000658495
-0.00624442
0.000333545
-0.0063492
-2.91503e-08
-0.00633053
-0.000333603
-0.00633053
-0.000658553
-0.0063492
-0.000941877
-0.00624441
-0.00111611
-0.00573539
-0.00093653
-0.00376457
-0.000875772
-0.00164147
-0.000830455
-3.00415e-05
-0.000769745
0.00118922
-0.000689299
0.00212317
-0.000594696
0.0028368
-0.000492965
0.0033698
-0.000389726
0.0037534
-0.000288303
0.00401679
-0.000189902
0.00418709
-9.42025e-05
0.00428705
0.00433276
0.000100403
0.00423228
0.00020234
0.00418503
0.000307005
0.00408235
0.000414603
0.00390911
0.000523747
0.00364418
0.000631022
0.00326245
0.000731094
0.00273665
0.000817728
0.00203646
0.000885797
0.00112108
0.000935673
-7.99858e-05
0.000996945
-0.00170281
0.00120357
-0.00397127
0.000997089
-0.00552893
0.000692157
-0.00593949
0.000348813
-0.00600586
-2.79887e-08
-0.00598169
-0.000348869
-0.00598168
-0.000692212
-0.00600585
-0.000997142
-0.00593948
-0.00120362
-0.00552891
-0.000996986
-0.0039712
-0.000935711
-0.00170275
-0.000885832
-7.99199e-05
-0.000817758
0.00112115
-0.00073112
0.00203653
-0.000631045
0.00273673
-0.000523765
0.00326252
-0.000414617
0.00364425
-0.000307016
0.00390918
-0.000202347
0.00408242
-0.000100406
0.00418511
0.00423235
0.000107498
0.00412478
0.000216495
0.00407604
0.000328123
0.00397072
0.00044248
0.00379475
0.000558137
0.00352852
0.000672
0.00314859
0.000779952
0.0026287
0.000878624
0.00193779
0.000967642
0.00103206
0.00104957
-0.000161911
0.00113447
-0.00178772
0.00129243
-0.00412923
0.001052
-0.0052885
0.000724629
-0.00561212
0.000363356
-0.00564458
-2.68989e-08
-0.0056183
-0.00036341
-0.0056183
-0.000724682
-0.00564458
-0.00105205
-0.00561211
-0.00129248
-0.00528848
-0.00113451
-0.00412918
-0.0010496
-0.00178765
-0.000967675
-0.000161847
-0.000878653
0.00103213
-0.000779978
0.00193785
-0.000672022
0.00262877
-0.000558155
0.00314866
-0.000442494
0.00352859
-0.000328133
0.00379482
-0.000216502
0.00397079
-0.000107501
0.00407611
0.00412485
0.000115339
0.00400944
0.000232049
0.00395933
0.000351124
0.00385165
0.000472508
0.00367337
0.00059474
0.00340629
0.000715143
0.00302818
0.000831063
0.00251278
0.000942639
0.00182621
0.00105711
0.000917589
0.00118853
-0.000293328
0.00132443
-0.00192362
0.00137371
-0.00417851
0.00110479
-0.00501958
0.000754397
-0.00526173
0.000376531
-0.00526672
-2.58511e-08
-0.00524175
-0.000376583
-0.00524174
-0.000754449
-0.00526672
-0.00110484
-0.00526172
-0.00137376
-0.00501956
-0.00132446
-0.00417847
-0.00118856
-0.00192355
-0.00105714
-0.000293265
-0.000942668
0.000917651
-0.000831088
0.00182627
-0.000715165
0.00251285
-0.000594758
0.00302825
-0.000472521
0.00340635
-0.000351134
0.00367344
-0.000232056
0.00385171
-0.000115342
0.00395939
0.00400951
0.000123836
0.00388561
0.000248824
0.00383434
0.000375735
0.00372473
0.000504297
0.00354481
0.000632952
0.00327763
0.000759279
0.00290186
0.000881604
0.00239046
0.00100229
0.00170552
0.00113324
0.00078664
0.00130387
-0.000463964
0.00151487
-0.00213461
0.00144958
-0.00411322
0.00115381
-0.00472381
0.00078048
-0.0048884
0.000387996
-0.00487423
-2.48399e-08
-0.00485372
-0.000388046
-0.00485372
-0.000780529
-0.00487423
-0.00115386
-0.00488839
-0.00144962
-0.00472379
-0.00151491
-0.00411319
-0.00130391
-0.00213455
-0.00113327
-0.000463906
-0.00100232
0.000786698
-0.000881629
0.00170558
-0.0007593
0.00239052
-0.00063297
0.00290192
-0.000504311
0.00327769
-0.000375745
0.00354487
-0.000248831
0.0037248
-0.000123839
0.0038344
0.00388567
0.000132993
0.00375261
0.000266862
0.00370047
0.000402127
0.00358947
0.000538334
0.0034086
0.000673937
0.00314203
0.000806926
0.00276887
0.000936627
0.00226076
0.0010667
0.00157545
0.00120745
0.0006459
0.00138151
-0.000638032
0.00168946
-0.00244256
0.00152929
-0.00395305
0.00119951
-0.00439403
0.000801347
-0.00449023
0.000396879
-0.00446977
-2.38792e-08
-0.00445682
-0.000396927
-0.00445682
-0.000801395
-0.00446976
-0.00119956
-0.00449023
-0.00152933
-0.00439402
-0.0016895
-0.00395302
-0.00138155
-0.0024425
-0.00120747
-0.000637977
-0.00106673
0.000645955
-0.000936651
0.0015755
-0.000806946
0.00226081
-0.000673954
0.00276893
-0.000538348
0.00314209
-0.000402137
0.00340866
-0.000266869
0.00358953
-0.000132996
0.00370053
0.00375267
0.000142905
0.00360971
0.000286416
0.00355696
0.000430867
0.00344502
0.000575814
0.00326365
0.000720153
0.00299769
0.000863182
0.00262584
0.00100724
0.0021167
0.00116224
0.00142044
0.00135074
0.000457407
0.00158657
-0.000873866
0.00184942
-0.00270541
0.00160023
-0.00370386
0.00122959
-0.00402339
0.000812012
-0.00407265
0.000401418
-0.00405917
-2.29644e-08
-0.00405538
-0.000401464
-0.00405538
-0.000812058
-0.00405917
-0.00122964
-0.00407265
-0.00160027
-0.00402338
-0.00184946
-0.00370384
-0.00158659
-0.00270536
-0.00135076
-0.000873809
-0.00116227
0.000457461
-0.00100726
0.00142049
-0.000863202
0.00211676
-0.000720169
0.00262589
-0.000575827
0.00299775
-0.000430877
0.00326371
-0.000286422
0.00344508
-0.000142909
0.00355702
0.00360977
0.000153751
0.00345596
0.000307904
0.00340281
0.000462751
0.00329017
0.000618133
0.00310827
0.000773788
0.00284204
0.000930825
0.0024688
0.0010956
0.00195193
0.00128518
0.00123086
0.001535
0.000207592
0.00187345
-0.00121231
0.00193858
-0.00277054
0.00163746
-0.00340274
0.00123351
-0.00361944
0.000809298
-0.00364844
0.000400239
-0.00365011
-2.20781e-08
-0.00365512
-0.000400283
-0.00365512
-0.000809342
-0.00365011
-0.00123355
-0.00364844
-0.0016375
-0.00361943
-0.00193861
-0.00340273
-0.00187347
-0.00277051
-0.00153503
-0.00121225
-0.00128521
0.000207643
-0.00109562
0.00123091
-0.000930844
0.00195198
-0.000773804
0.00246885
-0.000618146
0.00284209
-0.00046276
0.00310833
-0.000307911
0.00329023
-0.000153754
0.00340286
0.00345601
0.000165851
0.00329011
0.000332063
0.00323659
0.000499149
0.00312309
0.000667714
0.00293971
0.000839029
0.00267072
0.00101633
0.0022915
0.00120981
0.00175845
0.0014449
0.000995761
0.00175018
-9.76817e-05
0.00211227
-0.00157441
0.00197796
-0.00263623
0.00163407
-0.00305885
0.00121205
-0.00319742
0.000793373
-0.00322976
0.000392738
-0.00324948
-2.11976e-08
-0.00326236
-0.00039278
-0.00326236
-0.000793415
-0.00324948
-0.0012121
-0.00322976
-0.00163411
-0.00319742
-0.001978
-0.00305884
-0.0021123
-0.00263621
-0.00175019
-0.00157436
-0.00144492
-9.76304e-05
-0.00120983
0.000995813
-0.00101635
0.0017585
-0.000839044
0.00229155
-0.000667727
0.00267077
-0.000499159
0.00293976
-0.00033207
0.00312314
-0.000165854
0.00323664
0.00329016
0.000179815
0.00311029
0.000360244
0.00305616
0.000542457
0.00294087
0.000728593
0.00275357
0.000922737
0.00247658
0.00113128
0.00208296
0.00137145
0.00151828
0.00166916
0.000698053
0.00208468
-0.000513208
0.00223454
-0.00172427
0.00197669
-0.00237838
0.00158766
-0.00266982
0.00116603
-0.0027758
0.000763855
-0.00282758
0.000378625
-0.00286425
-2.03059e-08
-0.00288371
-0.000378666
-0.00288371
-0.000763896
-0.00286425
-0.00116607
-0.00282758
-0.0015877
-0.00277579
-0.00197673
-0.00266981
-0.00223457
-0.00237836
-0.0020847
-0.00172424
-0.00166917
-0.000513155
-0.00137146
0.000698103
-0.00113129
0.00151833
-0.000922751
0.00208301
-0.000728605
0.00247662
-0.000542466
0.00275362
-0.00036025
0.00294092
-0.000179818
0.00305621
0.00311034
0.000196833
0.00291346
0.000394998
0.002858
0.000596975
0.0027389
0.000807642
0.0025429
0.00103645
0.00224776
0.00129492
0.00182449
0.00160207
0.00121113
0.00200343
0.000296692
0.0023125
-0.000822274
0.00221299
-0.00162476
0.00189408
-0.00205947
0.00149509
-0.00227083
0.00109776
-0.00237847
0.000721659
-0.00245148
0.000358292
-0.00250088
-1.9387e-08
-0.0025254
-0.00035833
-0.0025254
-0.000721698
-0.00250088
-0.0010978
-0.00245148
-0.00149513
-0.00237846
-0.00189412
-0.00227082
-0.00221303
-0.00205945
-0.00231252
-0.00162474
-0.00200344
-0.000822235
-0.00160209
0.000296746
-0.00129494
0.00121117
-0.00103647
0.00182454
-0.000807653
0.00224781
-0.000596983
0.00254295
-0.000395004
0.00273894
-0.000196835
0.00285804
0.0029135
0.000219122
0.00269434
0.000441005
0.00263611
0.000670084
0.00250982
0.000914666
0.00229832
0.00119415
0.00196828
0.00151442
0.00150422
0.00191118
0.000814367
0.00226541
-5.75371e-05
0.00231597
-0.000872834
0.00209452
-0.00140331
0.00174843
-0.00171338
0.0013733
-0.0018957
0.00101357
-0.00201874
0.000669186
-0.0021071
0.000332839
-0.00216453
-1.8436e-08
-0.00219255
-0.000332876
-0.00219254
-0.000669223
-0.00216453
-0.00101361
-0.00210709
-0.00137334
-0.00201873
-0.00174847
-0.00189569
-0.00209455
-0.00171337
-0.002316
-0.00140329
-0.00226543
-0.000872807
-0.00191119
-5.74934e-05
-0.00151443
0.000814417
-0.00119416
0.00150427
-0.000914674
0.00196833
-0.000670091
0.00229837
-0.00044101
0.00250986
-0.000219125
0.00263616
0.00269438
0.000249745
0.00244459
0.000506043
0.00237982
0.000774835
0.00224103
0.00105767
0.00201548
0.00139091
0.00163504
0.00178873
0.0011064
0.00212715
0.00047595
0.00227571
-0.000206095
0.00215971
-0.000756837
0.00188985
-0.00113345
0.00156395
-0.00138749
0.00123637
-0.00156812
0.000919405
-0.00170177
0.000609633
-0.00179732
0.000303842
-0.00185874
-1.74523e-08
-0.00188869
-0.000303877
-0.00188868
-0.000609668
-0.00185874
-0.00091944
-0.00179732
-0.00123641
-0.00170176
-0.00156399
-0.00156811
-0.00188988
-0.00138747
-0.00215975
-0.00113343
-0.00227574
-0.000756815
-0.00212717
-0.000206064
-0.00178874
0.000475989
-0.00139092
0.00110645
-0.00105768
0.00163509
-0.000774841
0.00201553
-0.000506046
0.00224107
-0.000249747
0.00237986
0.00244463
0.000291498
0.00215309
0.000592045
0.00207927
0.000917208
0.00191586
0.00127746
0.00165524
0.00162678
0.00128571
0.00191203
0.000821154
0.00209076
0.000297219
0.00207309
-0.000188428
0.00189609
-0.000579833
0.00164493
-0.000882285
0.00137157
-0.00111413
0.00109578
-0.00129232
0.000820734
-0.00142673
0.000546495
-0.00152309
0.000273004
-0.00158525
-1.64421e-08
-0.00161567
-0.000273037
-0.00161566
-0.000546528
-0.00158525
-0.000820767
-0.00152308
-0.00109581
-0.00142672
-0.00137161
-0.00129231
-0.00164496
-0.00111412
-0.00189612
-0.00088227
-0.00207312
-0.000579814
-0.00209078
-0.000188404
-0.00191205
0.00029725
-0.00162679
0.000821192
-0.00127746
0.00128576
-0.000917207
0.00165528
-0.000592046
0.00191591
-0.000291499
0.00207931
0.00215313
0.000339445
0.00181365
0.000680415
0.0017383
0.00101799
0.00157829
0.00133841
0.00133481
0.00161103
0.0010131
0.00179262
0.000639567
0.00184034
0.000249494
0.00176225
-0.000110339
0.00160505
-0.000422627
0.00140651
-0.000683751
0.00118774
-0.000895356
0.000958151
-0.00106273
0.000722335
-0.00119091
0.000483019
-0.00128377
0.000241882
-0.00134412
-1.54165e-08
-0.00137377
-0.000241913
-0.00137377
-0.00048305
-0.00134411
-0.000722366
-0.00128377
-0.000958182
-0.0011909
-0.00118777
-0.00106272
-0.00140655
-0.000895344
-0.00160508
-0.000683737
-0.00176228
-0.000422609
-0.00184037
-0.000110318
-0.00179264
0.00024952
-0.00161105
0.000639598
-0.00133842
0.00101313
-0.00101799
0.00133485
-0.000680418
0.00157833
-0.000339446
0.00173834
0.00181369
0.000332169
0.00148148
0.000655228
0.00141524
0.000954181
0.00127934
0.0012106
0.00107839
0.00140101
0.000822695
0.00150571
0.000534863
0.00151751
0.000237699
0.00145719
-5.00203e-05
0.0013432
-0.000308639
0.00119275
-0.000533305
0.00101833
-0.000720935
0.000828303
-0.000872706
0.000628209
-0.000990818
0.000421803
-0.00107737
0.000211731
-0.00113404
-1.43892e-08
-0.00116202
-0.000211759
-0.00116202
-0.000421832
-0.00113404
-0.000628237
-0.00107736
-0.000828332
-0.00099081
-0.00101836
-0.000872697
-0.00119278
-0.000720923
-0.00134323
-0.000533291
-0.00145721
-0.000308622
-0.00151753
-5.00002e-05
-0.00150573
0.000237722
-0.00140103
0.00053489
-0.00121062
0.000822726
-0.000954191
0.00107842
-0.000655235
0.00127937
-0.000332172
0.00141528
0.00148152
0.000281801
0.00119968
0.000551054
0.00114599
0.000793303
0.00103709
0.000993474
0.000878216
0.00113684
0.00067933
0.00121679
0.00045491
0.00123572
0.000218772
0.00120015
-1.44514e-05
0.00111969
-0.000228177
0.00100515
-0.000418765
0.000865982
-0.000581769
0.000709477
-0.000716202
0.000541018
-0.000822358
0.000364633
-0.00090098
0.000183439
-0.00095285
-1.33742e-08
-0.00097857
-0.000183466
-0.000978569
-0.00036466
-0.000952847
-0.000541045
-0.000900975
-0.000709504
-0.000822351
-0.000866008
-0.000716193
-0.00100517
-0.000581758
-0.00111971
-0.000418751
-0.00120017
-0.000228161
-0.00123574
-1.44326e-05
-0.00121681
0.000218794
-0.00113686
0.000454935
-0.000993489
0.000679357
-0.000793315
0.000878245
-0.000551062
0.00103712
-0.000281804
0.00114602
0.00119971
0.000227075
0.000972604
0.000443203
0.000929858
0.000636577
0.000843717
0.000796184
0.000718608
0.000913502
0.000562012
0.000984669
0.000383742
0.00100867
0.000194772
0.000988434
5.78358e-06
0.000930807
-0.00017055
0.000842907
-0.000330865
0.000731739
-0.0004706
0.000603228
-0.000587691
0.000462197
-0.000681328
0.000312561
-0.000751344
0.000157557
-0.000797846
-1.23844e-08
-0.000821001
-0.000157581
-0.000821
-0.000312585
-0.000797843
-0.000462222
-0.000751339
-0.000603252
-0.000681321
-0.000731763
-0.000587682
-0.000842931
-0.000470589
-0.00093083
-0.000330852
-0.000988455
-0.000170535
-0.00100869
5.80163e-06
-0.000984688
0.000194792
-0.000913518
0.000383765
-0.000796198
0.000562037
-0.000636587
0.000718635
-0.00044321
0.000843744
-0.000227079
0.000929887
0.000972633
0.000181929
0.000790674
0.000355163
0.000756624
0.000510708
0.000688172
0.000640531
0.000588785
0.000738354
0.000464189
0.000800255
0.000321842
0.000824954
0.000170073
0.000813987
1.67508e-05
0.00077224
-0.000128804
0.00070428
-0.000262905
0.000615246
-0.000381566
0.000509861
-0.000482307
0.000392268
-0.000563735
0.000266052
-0.000625127
0.000134348
-0.000666143
-1.14303e-08
-0.000686641
-0.000134371
-0.00068664
-0.000266074
-0.00066614
-0.000392291
-0.000625123
-0.000509883
-0.000563729
-0.000615267
-0.000482298
-0.000704301
-0.000381556
-0.00077226
-0.000262893
-0.000814006
-0.00012879
-0.000824972
1.67673e-05
-0.000800271
0.000170091
-0.000738369
0.000321862
-0.000640543
0.000464211
-0.000510717
0.000588809
-0.000355169
0.000688197
-0.000181933
0.00075665
0.0007907
0.000146523
0.000644151
0.00028625
0.000616898
0.000412227
0.000562195
0.000518215
0.000482797
0.000599214
0.00038319
0.00065201
0.000269046
0.000675481
0.000146602
0.000670361
2.18705e-05
0.000639727
-9.81691e-05
0.000586784
-0.000209962
0.000515269
-0.000310051
0.000428894
-0.000395932
0.000331131
-0.000465972
0.000225154
-0.00051915
0.000113869
-0.000554858
-1.05197e-08
-0.000572761
-0.00011389
-0.00057276
-0.000225175
-0.000554855
-0.000331152
-0.000519146
-0.000428914
-0.000465966
-0.000515289
-0.000395924
-0.000586803
-0.000310042
-0.000639745
-0.00020995
-0.000670379
-9.81559e-05
-0.000675497
2.18856e-05
-0.000652024
0.000146618
-0.000599226
0.000269064
-0.000518225
0.00038321
-0.000412235
0.000482818
-0.000286255
0.000562217
-0.000146526
0.00061692
0.000644174
0.00011852
0.000525631
0.000231669
0.000503749
0.000333982
0.000459882
0.00042056
0.000396219
0.000487494
0.000316257
0.000532218
0.000224322
0.000553648
0.000125171
0.000552048
2.34704e-05
0.000529349
-7.54702e-05
0.000487814
-0.000168426
0.000430194
-0.000252432
0.000359397
-0.000325135
0.000278294
-0.000384868
0.000189633
-0.000430489
9.60297e-05
-0.000461255
-9.65826e-09
-0.000476722
-9.60489e-05
-0.000476721
-0.000189652
-0.000461252
-0.000278313
-0.000430485
-0.000359416
-0.000384863
-0.000430212
-0.000325128
-0.000487831
-0.000252423
-0.000529366
-0.000168415
-0.000552064
-7.5458e-05
-0.000553662
2.34843e-05
-0.000532231
0.000125187
-0.000487505
0.000224338
-0.000420569
0.000316275
-0.000333989
0.000396238
-0.000231674
0.000459902
-0.000118523
0.000503769
0.000525652
9.6125e-05
0.000429506
0.000187979
0.000411894
0.000271251
0.00037661
0.000342087
0.000325383
0.000397401
0.000260943
0.000435097
0.000186626
0.000454165
0.000106104
0.000454601
2.30341e-05
0.000437619
-5.84888e-05
0.000404826
-0.000135633
0.000358267
-0.000205873
0.000300222
-0.00026709
0.000233047
-0.000317693
0.000159088
-0.000356531
8.06504e-05
-0.000382817
-8.84912e-09
-0.000396062
-8.0668e-05
-0.000396062
-0.000159106
-0.000382814
-0.000233064
-0.000356527
-0.000300239
-0.000317688
-0.000358283
-0.000267083
-0.000404842
-0.000205865
-0.000437634
-0.000135623
-0.000454615
-5.84776e-05
-0.000454177
2.30468e-05
-0.000435109
0.000106118
-0.000397411
0.000186641
-0.000342095
0.000260959
-0.000271257
0.0003254
-0.000187984
0.000376628
-9.61271e-05
0.000411912
0.000429525
7.8129e-05
0.000351377
0.000152856
0.000337167
0.000220763
0.000308704
0.000278798
0.000267348
0.000324499
0.000215242
0.000356139
0.000154986
0.000372804
8.94395e-05
0.000374348
2.14898e-05
0.000361525
-4.56663e-05
0.000335485
-0.000109592
0.000297763
-0.000168151
0.000250153
-0.00021948
0.00019458
-0.000262121
0.000133031
-0.000294981
6.75027e-05
-0.000317289
-8.09376e-09
-0.000328552
-6.75189e-05
-0.000328551
-0.000133047
-0.000317287
-0.000194596
-0.000294978
-0.000250168
-0.000262116
-0.000297778
-0.000219473
-0.000335499
-0.000168144
-0.000361539
-0.000109583
-0.00037436
-4.5656e-05
-0.000372815
2.15013e-05
-0.000356149
8.94522e-05
-0.000324508
0.000154999
-0.000278805
0.000215257
-0.000220769
0.000267363
-0.00015286
0.00030872
-7.81309e-05
0.000337183
0.000351394
6.36237e-05
0.000287753
0.000124532
0.000276259
0.00018
0.000253235
0.000227594
0.000219754
0.000265336
0.0001775
0.000291804
0.000128518
0.000306183
7.506e-05
0.000308258
1.9415e-05
0.000298489
-3.58977e-05
0.000277706
-8.88088e-05
0.000247071
-0.000137517
0.000208002
-0.00018041
0.00016207
-0.000216189
0.000110944
-0.000243855
5.6339e-05
-0.000262683
-7.39219e-09
-0.000272205
-5.63538e-05
-0.000272205
-0.000110959
-0.000262681
-0.000162085
-0.000243852
-0.000208015
-0.000216185
-0.000247085
-0.000180404
-0.000277719
-0.00013751
-0.000298501
-8.88006e-05
-0.000308269
-3.58883e-05
-0.000306193
1.94255e-05
-0.000291813
7.50716e-05
-0.000265344
0.000128531
-0.0002276
0.000177513
-0.000180005
0.000219768
-0.000124535
0.000253249
-6.36253e-05
0.000276274
0.000287768
5.18984e-05
0.000235855
0.000101622
0.000226535
0.000146992
0.000207865
0.000186055
0.000180692
0.00021721
0.000146344
0.000239289
0.00010644
0.000251578
6.27704e-05
0.000253833
1.71603e-05
0.000246328
-2.83929e-05
0.000229666
-7.21462e-05
0.000204735
-0.000112586
0.000172659
-0.000148334
0.000134723
-0.000178254
9.23211e-05
-0.000201453
4.6912e-05
-0.000217274
-6.74337e-09
-0.000225286
-4.69255e-05
-0.000225286
-9.23343e-05
-0.000217273
-0.000134736
-0.00020145
-0.000172671
-0.000178249
-0.000204747
-0.000148328
-0.000229677
-0.00011258
-0.000246339
-7.21387e-05
-0.000253843
-2.83843e-05
-0.000251588
1.71699e-05
-0.000239297
6.27809e-05
-0.000217217
0.000106451
-0.000186061
0.000146356
-0.000146997
0.000180704
-0.000101625
0.000207878
-5.18999e-05
0.000226549
0.000235868
4.23955e-05
0.000193459
8.3044e-05
0.000185887
0.000120196
0.000170713
0.000152277
0.000148611
0.000177986
0.000120635
0.00019636
8.80668e-05
0.000206786
5.23436e-05
0.000209015
1.49314e-05
0.000203204
-2.25813e-05
0.000189792
-5.87347e-05
0.000169466
-9.22604e-05
0.000143121
-0.000121989
0.000111807
-0.00014694
7.66845e-05
-0.00016633
3.89873e-05
-0.000179577
-6.14547e-09
-0.000186293
-3.89995e-05
-0.000186293
-7.66966e-05
-0.000179576
-0.000111819
-0.000166328
-0.000143133
-0.000146936
-0.000169477
-0.000121984
-0.000189803
-9.22545e-05
-0.000203214
-5.87278e-05
-0.000209024
-2.25735e-05
-0.000206795
1.49402e-05
-0.000196367
5.23532e-05
-0.000177993
8.80771e-05
-0.000152282
0.000120645
-0.0001202
0.000148622
-8.30466e-05
0.000170724
-4.23968e-05
0.000185899
0.000193472
3.46758e-05
0.000158783
6.7944e-05
0.000152619
9.83946e-05
0.000140262
0.000124754
0.000122251
0.000145964
9.94249e-05
0.000161225
7.28062e-05
0.00017002
4.35484e-05
0.000172109
1.2842e-05
0.000167576
-1.80477e-05
0.000156744
-4.79029e-05
0.000140147
-7.56632e-05
0.0001185
-0.000100342
9.26637e-05
-0.000121103
6.36008e-05
-0.000137268
3.23497e-05
-0.000148326
-5.59613e-09
-0.000153938
-3.23608e-05
-0.000153937
-6.36118e-05
-0.000148325
-9.26745e-05
-0.000137265
-0.000118511
-0.000121099
-0.000140157
-0.000100338
-0.000156754
-7.56578e-05
-0.000167585
-4.78967e-05
-0.000172118
-1.80405e-05
-0.000170027
1.28499e-05
-0.000161231
4.3557e-05
-0.00014597
7.28155e-05
-0.000124759
9.94347e-05
-9.83981e-05
0.000122261
-6.79464e-05
0.000140273
-3.4677e-05
0.00015263
0.000158795
2.8392e-05
0.000130391
5.56466e-05
0.000125364
8.06238e-05
0.000115285
0.000102291
0.000100584
0.000119784
8.19322e-05
0.00013244
6.01497e-05
0.000139825
3.61638e-05
0.000141719
1.09477e-05
0.000138158
-1.44869e-05
0.000129384
-3.91288e-05
0.000115814
-6.20926e-05
9.80221e-05
-8.25508e-05
7.67124e-05
-9.9793e-05
5.26841e-05
-0.000113239
2.68068e-05
-0.000122449
-5.09265e-09
-0.000127126
-2.6817e-05
-0.000127125
-5.26941e-05
-0.000122447
-7.67222e-05
-0.000113237
-9.80316e-05
-9.97898e-05
-0.000115823
-8.25467e-05
-0.000129393
-6.20877e-05
-0.000138166
-3.91231e-05
-0.000141727
-1.44804e-05
-0.000139832
1.09549e-05
-0.000132446
3.61716e-05
-0.000119789
6.01581e-05
-0.000102295
8.19412e-05
-8.0627e-05
0.000100593
-5.56487e-05
0.000115294
-2.83931e-05
0.000125374
0.000130401
2.3268e-05
0.000107123
4.56144e-05
0.000103018
6.61153e-05
9.47839e-05
8.39311e-05
8.27679e-05
9.83547e-05
6.75087e-05
0.000108839
4.96655e-05
0.000115016
2.99867e-05
0.000116694
9.26918e-06
0.00011388
-1.16729e-05
0.000106755
-3.20033e-05
9.56466e-05
-5.09842e-05
8.10193e-05
-6.79235e-05
6.34484e-05
-8.22222e-05
4.35965e-05
-9.33872e-05
2.21895e-05
-0.000101042
-4.63218e-09
-0.000104932
-2.21987e-05
-0.000104931
-4.36056e-05
-0.000101041
-6.34574e-05
-9.33851e-05
-8.10279e-05
-8.22193e-05
-9.56548e-05
-6.79198e-05
-0.000106763
-5.09797e-05
-0.000113888
-3.19981e-05
-0.000116701
-1.1667e-05
-0.000115022
9.27573e-06
-0.000108844
2.99938e-05
-9.83592e-05
4.96731e-05
-8.39349e-05
6.75168e-05
-6.61181e-05
8.27764e-05
-4.56163e-05
9.47926e-05
-2.3269e-05
0.000103027
0.000107133
1.90833e-05
8.80401e-05
3.74183e-05
8.46826e-05
5.42541e-05
7.79481e-05
6.89068e-05
6.81152e-05
8.07972e-05
5.56182e-05
8.94732e-05
4.09895e-05
9.46252e-05
2.48347e-05
9.60885e-05
7.80588e-06
9.38521e-05
-9.43656e-06
8.8053e-05
-2.62041e-05
7.89512e-05
-4.18825e-05
6.69224e-05
-5.58947e-05
5.2438e-05
-6.77377e-05
3.60458e-05
-7.69951e-05
1.8351e-05
-8.3347e-05
-4.21177e-09
-8.65766e-05
-1.83594e-05
-8.65762e-05
-3.60541e-05
-8.33458e-05
-5.2446e-05
-7.69932e-05
-6.69303e-05
-6.77351e-05
-7.89587e-05
-5.58913e-05
-8.80601e-05
-4.18784e-05
-9.38588e-05
-2.61994e-05
-9.60945e-05
-9.4312e-06
-9.46306e-05
7.81182e-06
-8.9478e-05
2.48412e-05
-8.08013e-05
4.09964e-05
-6.89101e-05
5.56256e-05
-5.42566e-05
6.81229e-05
-3.742e-05
7.79561e-05
-1.90842e-05
8.46907e-05
8.80483e-05
1.56614e-05
7.23787e-05
3.07138e-05
6.96302e-05
4.45459e-05
6.41161e-05
5.65995e-05
5.60616e-05
6.63999e-05
4.58178e-05
7.35735e-05
3.38159e-05
7.78608e-05
2.05475e-05
7.9121e-05
6.54562e-06
7.73349e-05
-7.65042e-06
7.26063e-05
-2.14756e-05
6.51428e-05
-3.4419e-05
5.52488e-05
-4.60006e-05
4.33109e-05
-5.57998e-05
2.97821e-05
-6.34663e-05
1.51651e-05
-6.87301e-05
-3.82851e-09
-7.14076e-05
-1.51728e-05
-7.14072e-05
-2.97896e-05
-6.8729e-05
-4.33182e-05
-6.34646e-05
-5.52559e-05
-5.57974e-05
-6.51496e-05
-4.59976e-05
-7.26128e-05
-3.44152e-05
-7.73409e-05
-2.14713e-05
-7.91265e-05
-7.64555e-06
-7.78657e-05
6.55102e-06
-7.35779e-05
2.05533e-05
-6.64037e-05
3.38222e-05
-5.66026e-05
4.58245e-05
-4.45482e-05
5.60685e-05
-3.07154e-05
6.41233e-05
-1.56622e-05
6.96375e-05
7.23861e-05
1.28601e-05
5.95186e-05
2.52238e-05
5.72665e-05
3.65922e-05
5.27476e-05
4.65095e-05
4.61443e-05
5.4586e-05
3.77413e-05
6.05133e-05
2.78887e-05
6.40743e-05
1.69864e-05
6.51498e-05
5.47018e-06
6.37169e-05
-6.21751e-06
5.98552e-05
-1.76139e-05
5.37308e-05
-2.82946e-05
4.55913e-05
-3.78611e-05
3.57538e-05
-4.59623e-05
2.45925e-05
-5.2305e-05
1.25247e-05
-5.66623e-05
-3.47956e-09
-5.88795e-05
-1.25316e-05
-5.88792e-05
-2.45993e-05
-5.66613e-05
-3.57604e-05
-5.23034e-05
-4.55977e-05
-4.59601e-05
-5.3737e-05
-3.78583e-05
-5.9861e-05
-2.82912e-05
-6.37223e-05
-1.761e-05
-6.51548e-05
-6.21309e-06
-6.40788e-05
5.47507e-06
-6.05172e-05
1.69917e-05
-5.45894e-05
2.78944e-05
-4.65123e-05
3.77474e-05
-3.65943e-05
4.61506e-05
-2.52251e-05
5.27541e-05
-1.28608e-05
5.72732e-05
5.95253e-05
1.05647e-05
4.89539e-05
2.07241e-05
4.71071e-05
3.00707e-05
4.3401e-05
3.82314e-05
3.79836e-05
4.48864e-05
3.10864e-05
4.9781e-05
2.29941e-05
5.27345e-05
1.40329e-05
5.36457e-05
4.55897e-06
5.24917e-05
-5.0635e-06
4.93337e-05
-1.4456e-05
4.43054e-05
-2.32662e-05
3.76081e-05
-3.11639e-05
2.95025e-05
-3.78567e-05
2.02974e-05
-4.30999e-05
1.03386e-05
-4.67035e-05
-3.16221e-09
-4.85377e-05
-1.03449e-05
-4.85374e-05
-2.03036e-05
-4.67026e-05
-2.95086e-05
-4.30985e-05
-3.7614e-05
-3.78547e-05
-4.4311e-05
-3.11613e-05
-4.9339e-05
-2.32632e-05
-5.24966e-05
-1.44524e-05
-5.36502e-05
-5.05949e-06
-5.27385e-05
4.5634e-06
-4.97846e-05
1.40377e-05
-4.48894e-05
2.29992e-05
-3.82339e-05
3.10918e-05
-3.00726e-05
3.79893e-05
-2.07253e-05
4.34068e-05
-1.05653e-05
4.71131e-05
4.896e-05
8.68239e-06
4.02715e-05
1.70334e-05
3.87561e-05
2.47198e-05
3.57146e-05
3.14358e-05
3.12675e-05
3.69189e-05
2.56033e-05
4.09588e-05
1.89541e-05
4.34054e-05
1.15864e-05
4.41731e-05
3.79122e-06
4.32406e-05
-4.13099e-06
4.06553e-05
-1.18706e-05
3.65247e-05
-1.91357e-05
3.10136e-05
-2.56527e-05
2.43357e-05
-3.11788e-05
1.67459e-05
-3.55101e-05
8.53054e-06
-3.84881e-05
-2.87387e-09
-4.00043e-05
-8.53626e-06
-4.0004e-05
-1.67515e-05
-3.84873e-05
-2.43412e-05
-3.55088e-05
-3.10189e-05
-3.1177e-05
-3.65298e-05
-2.56504e-05
-4.06601e-05
-1.91329e-05
-4.32451e-05
-1.18674e-05
-4.41772e-05
-4.12735e-06
-4.34091e-05
3.79524e-06
-4.09621e-05
1.15907e-05
-3.69216e-05
1.89588e-05
-3.14381e-05
2.56083e-05
-2.47215e-05
3.12726e-05
-1.70345e-05
3.57199e-05
-8.68296e-06
3.87616e-05
4.0277e-05
7.13778e-06
3.31337e-05
1.40043e-05
3.18896e-05
2.03268e-05
2.93921e-05
2.58545e-05
2.57398e-05
3.03716e-05
2.10862e-05
3.37048e-05
1.56209e-05
3.57294e-05
9.56177e-06
3.63734e-05
3.14721e-06
3.56177e-05
-3.37527e-06
3.34991e-05
-9.75201e-06
3.01047e-05
-1.57414e-05
2.5569e-05
-2.1117e-05
2.00678e-05
-2.56776e-05
1.38113e-05
-2.92536e-05
7.03621e-06
-3.1713e-05
-2.61213e-09
-3.29655e-05
-7.04141e-06
-3.29652e-05
-1.38164e-05
-3.17123e-05
-2.00728e-05
-2.92524e-05
-2.55739e-05
-2.56759e-05
-3.01094e-05
-2.11149e-05
-3.35035e-05
-1.57389e-05
-3.56218e-05
-9.74909e-06
-3.63771e-05
-3.37197e-06
-3.57328e-05
3.15085e-06
-3.37078e-05
9.56573e-06
-3.03741e-05
1.56251e-05
-2.58565e-05
2.10907e-05
-2.03283e-05
2.57444e-05
-1.40054e-05
2.9397e-05
-7.13831e-06
3.18945e-05
3.31387e-05
5.8696e-06
2.72641e-05
1.1517e-05
2.62422e-05
1.67185e-05
2.41906e-05
2.12685e-05
2.11897e-05
2.49896e-05
1.73651e-05
2.77389e-05
1.28717e-05
2.94129e-05
7.88777e-06
2.99512e-05
2.60884e-06
2.93373e-05
-2.76128e-06
2.75997e-05
-8.01448e-06
2.48093e-05
-1.2951e-05
2.10761e-05
-1.73838e-05
1.65445e-05
-2.1146e-05
1.13879e-05
-2.4097e-05
5.802e-06
-2.61271e-05
-2.37474e-09
-2.71611e-05
-5.80673e-06
-2.71609e-05
-1.13926e-05
-2.61265e-05
-1.65491e-05
-2.40959e-05
-2.10805e-05
-2.11445e-05
-2.48135e-05
-1.73819e-05
-2.76037e-05
-1.29487e-05
-2.93409e-05
-8.01183e-06
-2.99546e-05
-2.7583e-06
-2.94159e-05
2.61213e-06
-2.77415e-05
7.89135e-06
-2.49919e-05
1.28755e-05
-2.12704e-05
1.73692e-05
-1.67199e-05
2.11939e-05
-1.15179e-05
2.4195e-05
-5.87007e-06
2.62467e-05
2.72686e-05
4.8279e-06
2.24362e-05
9.4736e-06
2.15965e-05
1.37536e-05
1.99106e-05
1.74992e-05
1.74441e-05
2.05644e-05
1.42999e-05
2.28314e-05
1.06047e-05
2.42145e-05
6.5046e-06
2.46634e-05
2.15998e-06
2.41635e-05
-2.26136e-06
2.27375e-05
-6.58849e-06
2.04429e-05
-1.06565e-05
1.73699e-05
-1.43107e-05
1.36372e-05
-1.74133e-05
9.38775e-06
-1.98476e-05
4.78318e-06
-2.15225e-05
-2.15961e-09
-2.23758e-05
-4.78748e-06
-2.23756e-05
-9.39199e-06
-2.1522e-05
-1.36413e-05
-1.98466e-05
-1.73739e-05
-1.74119e-05
-2.04468e-05
-1.4309e-05
-2.27411e-05
-1.06544e-05
-2.41668e-05
-6.5861e-06
-2.46665e-05
-2.25866e-06
-2.42173e-05
2.16297e-06
-2.28338e-05
6.50785e-06
-2.05664e-05
1.06082e-05
-1.75009e-05
1.43036e-05
-1.37549e-05
1.7448e-05
-9.47445e-06
1.99145e-05
-4.82833e-06
2.16005e-05
2.24403e-05
3.97192e-06
1.84642e-05
7.79432e-06
1.77741e-05
1.13166e-05
1.63883e-05
1.44002e-05
1.43606e-05
1.6925e-05
1.17751e-05
1.8794e-05
8.73576e-06
1.99362e-05
5.36239e-06
2.03096e-05
1.78657e-06
1.99018e-05
-1.85356e-06
1.87308e-05
-5.41751e-06
1.68435e-05
-8.76917e-06
1.43137e-05
-1.17809e-05
1.12391e-05
-1.43387e-05
7.7376e-06
-1.63461e-05
3.94254e-06
-1.77275e-05
-1.96482e-09
-1.84312e-05
-3.94645e-06
-1.84311e-05
-7.74146e-06
-1.7727e-05
-1.12429e-05
-1.63452e-05
-1.43173e-05
-1.43375e-05
-1.6847e-05
-1.17794e-05
-1.87341e-05
-8.7673e-06
-1.99048e-05
-5.41534e-06
-2.03124e-05
-1.85111e-06
-1.99387e-05
1.78927e-06
-1.87962e-05
5.36532e-06
-1.69269e-05
8.7389e-06
-1.44017e-05
1.17784e-05
-1.13178e-05
1.4364e-05
-7.7951e-06
1.63918e-05
-3.9723e-06
1.77777e-05
1.8468e-05
3.26832e-06
1.51959e-05
6.41389e-06
1.46285e-05
9.31304e-06
1.34891e-05
1.18518e-05
1.18218e-05
1.39315e-05
9.69541e-06
1.5472e-05
7.19524e-06
1.64148e-05
4.41956e-06
1.67249e-05
1.47647e-06
1.63918e-05
-1.52038e-06
1.54297e-05
-4.45544e-06
1.3877e-05
-7.21647e-06
1.17942e-05
-9.69816e-06
9.26176e-06
-1.18063e-05
6.37672e-06
-1.3461e-05
3.24921e-06
-1.46e-05
-1.78859e-09
-1.51803e-05
-3.25277e-06
-1.51801e-05
-6.38023e-06
-1.45995e-05
-9.26518e-06
-1.34602e-05
-1.17975e-05
-1.18052e-05
-1.38802e-05
-9.69676e-06
-1.54327e-05
-7.21478e-06
-1.63945e-05
-4.45348e-06
-1.67275e-05
-1.51817e-06
-1.64171e-05
1.47891e-06
-1.5474e-05
4.42221e-06
-1.39332e-05
7.19807e-06
-1.18532e-05
9.69841e-06
-9.31408e-06
1.18249e-05
-6.41459e-06
1.34924e-05
-3.26868e-06
1.46318e-05
1.51993e-05
2.68986e-06
1.25061e-05
5.27887e-06
1.20395e-05
7.66543e-06
1.11026e-05
9.75586e-06
9.73132e-06
1.14689e-05
7.98236e-06
1.27386e-05
5.92555e-06
1.35166e-05
3.64159e-06
1.37737e-05
1.21931e-06
1.35011e-05
-1.2478e-06
1.27104e-05
-3.66467e-06
1.14327e-05
-5.93877e-06
9.71774e-06
-7.98325e-06
7.63177e-06
-9.72031e-06
5.25477e-06
-1.1084e-05
2.67755e-06
-1.20228e-05
-1.62931e-09
-1.25011e-05
-2.6808e-06
-1.25009e-05
-5.25796e-06
-1.20223e-05
-7.63489e-06
-1.10833e-05
-9.72075e-06
-9.71931e-06
-1.14355e-05
-7.98198e-06
-1.27131e-05
-5.93724e-06
-1.35037e-05
-3.6629e-06
-1.3776e-05
-1.2458e-06
-1.35186e-05
1.22151e-06
-1.27404e-05
3.64399e-06
-1.14705e-05
5.92811e-06
-9.75712e-06
7.98507e-06
-7.66638e-06
9.73415e-06
-5.27951e-06
1.11055e-05
-2.69018e-06
1.20425e-05
1.25091e-05
2.21419e-06
1.02919e-05
4.34549e-06
9.90821e-06
6.31038e-06
9.13767e-06
8.03182e-06
8.00988e-06
9.44294e-06
6.57125e-06
1.04893e-05
4.87913e-06
1.11311e-05
2.99982e-06
1.13441e-05
1.00629e-06
1.11209e-05
-1.02453e-06
1.04706e-05
-3.01442e-06
9.41898e-06
-4.88714e-06
8.0068e-06
-6.57107e-06
6.28851e-06
-8.00203e-06
4.33007e-06
-9.12558e-06
2.20638e-06
-9.89908e-06
-1.4855e-09
-1.02932e-05
-2.20934e-06
-1.02931e-05
-4.33298e-06
-9.89869e-06
-6.29136e-06
-9.12493e-06
-8.00954e-06
-8.00113e-06
-9.4216e-06
-6.56993e-06
-1.04731e-05
-4.88576e-06
-1.11232e-05
-3.01282e-06
-1.13462e-05
-1.02272e-06
-1.1133e-05
1.00828e-06
-1.0491e-05
3.00198e-06
-9.44434e-06
4.88144e-06
-8.03297e-06
6.57369e-06
-6.31125e-06
8.01243e-06
-4.34607e-06
9.14031e-06
-2.21448e-06
9.91091e-06
1.02946e-05
1.82301e-06
8.46886e-06
3.57786e-06
8.15335e-06
5.19587e-06
7.51965e-06
6.61365e-06
6.59209e-06
7.77615e-06
5.40875e-06
8.63855e-06
4.01673e-06
9.16788e-06
2.47048e-06
9.34418e-06
8.29984e-07
9.16111e-06
-8.41465e-07
8.62621e-06
-2.47952e-06
7.76045e-06
-4.02138e-06
6.59739e-06
-5.40801e-06
5.18185e-06
-6.58649e-06
3.56817e-06
-7.51191e-06
1.81814e-06
-8.14905e-06
-1.35584e-09
-8.47372e-06
-1.82084e-06
-8.4736e-06
-3.57083e-06
-8.1487e-06
-5.18444e-06
-7.51132e-06
-6.59989e-06
-6.58568e-06
-7.76284e-06
-5.40698e-06
-8.62847e-06
-4.02013e-06
-9.16321e-06
-2.47808e-06
-9.3461e-06
-8.39838e-07
-9.16961e-06
8.31779e-07
-8.64006e-06
2.47243e-06
-7.77743e-06
4.01881e-06
-6.6147e-06
5.41096e-06
-5.19666e-06
6.5944e-06
-3.5784e-06
7.52203e-06
-1.82328e-06
8.15579e-06
8.47137e-06
1.50131e-06
6.96755e-06
2.94654e-06
6.70811e-06
4.2792e-06
6.187e-06
5.44711e-06
5.42418e-06
6.40493e-06
4.45093e-06
7.11573e-06
3.30593e-06
7.5523e-06
2.03391e-06
7.69811e-06
6.84168e-07
7.54787e-06
-6.91224e-07
7.10768e-06
-2.03934e-06
6.39475e-06
-3.30845e-06
5.43667e-06
-4.44994e-06
4.27036e-06
-5.42019e-06
2.9406e-06
-6.18215e-06
1.49834e-06
-6.70679e-06
-1.23909e-09
-6.97414e-06
-1.50081e-06
-6.97404e-06
-2.94303e-06
-6.70648e-06
-4.27273e-06
-6.18162e-06
-5.43896e-06
-5.41945e-06
-6.39693e-06
-4.44901e-06
-7.10974e-06
-3.30733e-06
-7.54979e-06
-2.03804e-06
-7.69987e-06
-6.8976e-07
-7.55388e-06
6.85784e-07
-7.11711e-06
2.03566e-06
-6.4061e-06
3.3078e-06
-5.44806e-06
4.45292e-06
-4.27992e-06
5.42625e-06
-2.94703e-06
6.18914e-06
-1.50155e-06
6.7103e-06
6.96982e-06
1.23676e-06
5.73079e-06
2.42737e-06
5.51749e-06
3.52532e-06
5.08905e-06
4.48765e-06
4.46184e-06
5.27701e-06
3.66157e-06
5.86296e-06
2.71997e-06
6.22305e-06
1.67382e-06
6.3436e-06
5.63619e-07
6.22018e-06
-5.6781e-07
5.85777e-06
-1.67693e-06
5.2705e-06
-2.72118e-06
4.48107e-06
-3.66051e-06
3.51988e-06
-4.459e-06
2.42385e-06
-5.08613e-06
1.23501e-06
-5.51795e-06
-1.13416e-09
-5.73801e-06
-1.23726e-06
-5.73791e-06
-2.42608e-06
-5.51767e-06
-3.52205e-06
-5.08565e-06
-4.48316e-06
-4.45834e-06
-5.2725e-06
-3.65968e-06
-5.85966e-06
-2.72017e-06
-6.22194e-06
-1.67577e-06
-6.34521e-06
-5.66495e-07
-6.22449e-06
5.6507e-07
-5.86423e-06
1.67539e-06
-5.27809e-06
2.72166e-06
-4.48852e-06
3.66335e-06
-3.52598e-06
4.46371e-06
-2.42782e-06
5.09097e-06
-1.23698e-06
5.51946e-06
5.73283e-06
1.01926e-06
4.71153e-06
2.00051e-06
4.53623e-06
2.90545e-06
4.18411e-06
3.69869e-06
3.6686e-06
4.34945e-06
3.0108e-06
4.83263e-06
2.23679e-06
5.1297e-06
1.37675e-06
5.22934e-06
4.63977e-07
5.12786e-06
-4.66341e-07
4.82934e-06
-1.37841e-06
4.34536e-06
-2.2372e-06
3.69464e-06
-3.00979e-06
2.90221e-06
-3.66658e-06
1.99854e-06
-4.18245e-06
1.01826e-06
-4.53768e-06
-1.04007e-09
-4.71871e-06
-1.02033e-06
-4.71862e-06
-2.00058e-06
-4.53743e-06
-2.90421e-06
-4.18203e-06
-3.69656e-06
-3.66599e-06
-4.3472e-06
-3.00904e-06
-4.83107e-06
-2.2363e-06
-5.12948e-06
-1.37736e-06
-5.23081e-06
-4.65162e-07
-5.13102e-06
4.65278e-07
-4.83379e-06
1.37816e-06
-4.35044e-06
2.2383e-06
-3.69949e-06
3.0124e-06
-2.90606e-06
3.67027e-06
-2.00092e-06
4.18584e-06
-1.01946e-06
4.538e-06
4.71337e-06
8.40497e-07
3.87103e-06
1.64968e-06
3.72705e-06
2.39596e-06
3.43782e-06
3.05019e-06
3.01437e-06
3.58697e-06
2.47402e-06
3.9856e-06
1.83816e-06
4.23077e-06
1.13158e-06
4.31313e-06
3.8161e-07
4.22962e-06
-3.82832e-07
3.98355e-06
-1.13234e-06
3.58446e-06
-1.83812e-06
3.04777e-06
-2.4731e-06
2.39413e-06
-3.01295e-06
1.64866e-06
-3.43698e-06
8.39963e-07
-3.72898e-06
-9.55907e-10
-3.87779e-06
-8.41866e-07
-3.87771e-06
-1.65054e-06
-3.72876e-06
-2.39596e-06
-3.4366e-06
-3.04954e-06
-3.01242e-06
-3.58615e-06
-2.47244e-06
-3.98514e-06
-1.83732e-06
-4.2311e-06
-1.13141e-06
-4.31449e-06
-3.81778e-07
-4.23199e-06
3.82773e-07
-3.98666e-06
1.13284e-06
-3.58787e-06
1.83951e-06
-3.05092e-06
2.47545e-06
-2.39652e-06
3.01587e-06
-1.65005e-06
3.43936e-06
-8.40688e-07
3.72863e-06
3.87268e-06
6.93666e-07
3.17736e-06
1.3615e-06
3.05921e-06
1.97745e-06
2.82186e-06
2.51746e-06
2.47436e-06
2.96057e-06
2.0309e-06
3.28969e-06
1.50903e-06
3.49217e-06
9.29089e-07
3.56028e-06
3.13496e-07
3.49147e-06
-3.14022e-07
3.28845e-06
-9.29322e-07
2.95909e-06
-1.50876e-06
2.51609e-06
-2.03011e-06
1.97651e-06
-2.47336e-06
1.36107e-06
-2.82155e-06
6.93401e-07
-3.06132e-06
-8.80884e-10
-3.18351e-06
-6.95155e-07
-3.18344e-06
-1.3628e-06
-3.06112e-06
-1.97819e-06
-2.82121e-06
-2.51772e-06
-2.4729e-06
-2.96064e-06
-2.02951e-06
-3.28992e-06
-1.50805e-06
-3.49284e-06
-9.2849e-07
-3.56153e-06
-3.13083e-07
-3.49329e-06
3.14531e-07
-3.29067e-06
9.30211e-07
-2.96141e-06
1.51023e-06
-2.51814e-06
2.03217e-06
-1.97797e-06
2.4757e-06
-1.36185e-06
2.82324e-06
-6.93841e-07
3.06062e-06
3.17884e-06
5.73173e-07
2.60418e-06
1.12501e-06
2.50737e-06
1.634e-06
2.31287e-06
2.08025e-06
2.02811e-06
2.44646e-06
1.66469e-06
2.7185e-06
1.23699e-06
2.88591e-06
7.61678e-07
2.94228e-06
2.5712e-07
2.8855e-06
-2.5724e-07
2.71778e-06
-7.61613e-07
2.44563e-06
-1.23662e-06
2.07954e-06
-1.66402e-06
1.63359e-06
-2.02742e-06
1.12492e-06
-2.31288e-06
5.73055e-07
-2.50946e-06
-8.1428e-10
-2.60965e-06
-5.74676e-07
-2.60959e-06
-1.12651e-06
-2.50928e-06
-1.63515e-06
-2.31258e-06
-2.08105e-06
-2.027e-06
-2.44707e-06
-1.66349e-06
-2.71914e-06
-1.23598e-06
-2.88676e-06
-7.60875e-07
-2.94344e-06
-2.56407e-07
-2.88695e-06
2.58038e-07
-2.71941e-06
7.62673e-07
-2.44724e-06
1.23806e-06
-2.08088e-06
1.66582e-06
-1.63448e-06
2.02929e-06
-1.12533e-06
2.3141e-06
-5.73336e-07
2.50862e-06
2.6055e-06
4.74433e-07
2.12975e-06
9.31214e-07
2.05058e-06
1.35254e-06
1.89155e-06
1.72195e-06
1.65869e-06
2.02513e-06
1.36151e-06
2.25036e-06
1.01175e-06
2.389e-06
6.23039e-07
2.43572e-06
2.10393e-07
2.38877e-06
-2.10289e-07
2.24997e-06
-6.22823e-07
2.02471e-06
-1.01135e-06
1.72164e-06
-1.36096e-06
1.35244e-06
-1.65822e-06
9.31301e-07
-1.89174e-06
4.74387e-07
-2.05255e-06
-7.55456e-10
-2.13451e-06
-4.75891e-07
-2.13445e-06
-9.32783e-07
-2.0524e-06
-1.35389e-06
-1.89147e-06
-1.72304e-06
-1.65786e-06
-2.02604e-06
-1.36049e-06
-2.25123e-06
-1.01079e-06
-2.38994e-06
-6.22173e-07
-2.43679e-06
-2.09556e-07
-2.38996e-06
2.11202e-07
-2.25121e-06
6.23916e-07
-2.02584e-06
1.01269e-06
-1.72253e-06
1.3625e-06
-1.35298e-06
1.65973e-06
-9.31512e-07
1.89263e-06
-4.74583e-07
2.05169e-06
2.13091e-06
3.93694e-07
1.73605e-06
7.72745e-07
1.67153e-06
1.12238e-06
1.54191e-06
1.42895e-06
1.35212e-06
1.68057e-06
1.10989e-06
1.86751e-06
8.24801e-07
1.9826e-06
5.07949e-07
2.02142e-06
1.71575e-07
1.98249e-06
-1.71363e-07
1.86733e-06
-5.0767e-07
1.68039e-06
-8.24421e-07
1.42888e-06
-1.10945e-06
1.12246e-06
-1.35181e-06
7.72916e-07
-1.5422e-06
3.93674e-07
-1.67332e-06
-7.03843e-10
-1.74013e-06
-3.95075e-07
-1.74009e-06
-7.74297e-07
-1.67318e-06
-1.12381e-06
-1.54197e-06
-1.43018e-06
-1.35149e-06
-1.68164e-06
-1.10904e-06
-1.8685e-06
-8.2393e-07
-1.98358e-06
-5.07101e-07
-2.02242e-06
-1.70721e-07
-1.9835e-06
1.72282e-07
-1.8683e-06
5.08715e-07
-1.68124e-06
8.25621e-07
-1.4295e-06
1.11076e-06
-1.1228e-06
1.35303e-06
-7.73024e-07
1.54285e-06
-3.93836e-07
1.6725e-06
1.73708e-06
3.27888e-07
1.40816e-06
6.43584e-07
1.35583e-06
9.34787e-07
1.2507e-06
1.19013e-06
1.09677e-06
1.39971e-06
9.00303e-07
1.55544e-06
6.69069e-07
1.65132e-06
4.12064e-07
1.68368e-06
1.39216e-07
1.65128e-06
-1.38965e-07
1.55538e-06
-4.11776e-07
1.39968e-06
-6.6873e-07
1.19019e-06
-8.99955e-07
9.34951e-07
-1.09657e-06
6.43781e-07
-1.25103e-06
3.27866e-07
-1.3574e-06
-6.58947e-10
-1.41161e-06
-3.29178e-07
-1.41157e-06
-6.45074e-07
-1.35728e-06
-9.36213e-07
-1.25083e-06
-1.19141e-06
-1.09629e-06
-1.40085e-06
-8.99603e-07
-1.55648e-06
-6.68305e-07
-1.6523e-06
-4.11283e-07
-1.68461e-06
-1.38409e-07
-1.65216e-06
1.39828e-07
-1.55618e-06
4.12727e-07
-1.40034e-06
6.69779e-07
-1.19064e-06
9.01057e-07
-9.35172e-07
1.09756e-06
-6.43844e-07
1.25152e-06
-3.28019e-07
1.35667e-06
1.40906e-06
2.74516e-07
1.13364e-06
5.38826e-07
1.09152e-06
7.82635e-07
1.00689e-06
9.96427e-07
8.82974e-07
1.17191e-06
7.24816e-07
1.30231e-06
5.38667e-07
1.3826e-06
3.31765e-07
1.40971e-06
1.12105e-07
1.3826e-06
-1.11855e-07
1.30232e-06
-3.31498e-07
1.17196e-06
-5.38378e-07
9.9655e-07
-7.24548e-07
7.8283e-07
-8.82854e-07
5.39017e-07
-1.00722e-06
2.74479e-07
-1.09287e-06
-6.20306e-10
-1.13651e-06
-2.75714e-07
-1.13648e-06
-5.40234e-07
-1.09277e-06
-7.84019e-07
-1.00705e-06
-9.97698e-07
-8.82618e-07
-1.17306e-06
-7.24246e-07
-1.30335e-06
-5.38015e-07
-1.38356e-06
-3.31076e-07
-1.41059e-06
-1.1138e-07
-1.3834e-06
1.12628e-07
-1.303e-06
3.32331e-07
-1.1725e-06
5.39272e-07
-9.96907e-07
7.25461e-07
-7.83002e-07
8.83653e-07
-5.39072e-07
1.00759e-06
-2.74641e-07
1.09224e-06
1.13441e-06
2.31551e-07
9.02084e-07
4.54496e-07
8.68569e-07
6.60151e-07
8.01232e-07
8.4049e-07
7.02632e-07
9.8852e-07
5.76784e-07
1.09852e-06
4.2866e-07
1.16627e-06
2.6402e-07
1.18914e-06
8.92234e-08
1.16628e-06
-8.89976e-08
1.09857e-06
-2.63787e-07
9.8861e-07
-4.28423e-07
8.40639e-07
-5.7658e-07
6.60346e-07
-7.02565e-07
4.54663e-07
-8.0154e-07
2.31493e-07
-8.69703e-07
-5.87471e-10
-9.04437e-07
-2.32663e-07
-9.04408e-07
-4.55816e-07
-8.69617e-07
-6.61472e-07
-8.01397e-07
-8.41727e-07
-7.02366e-07
-9.8965e-07
-5.76326e-07
-1.09955e-06
-4.28117e-07
-1.1672e-06
-2.63432e-07
-1.18998e-06
-8.85987e-08
-1.16702e-06
8.96619e-08
-1.09918e-06
2.64493e-07
-9.8908e-07
4.29166e-07
-8.40945e-07
5.77323e-07
-6.60497e-07
7.03202e-07
-4.5473e-07
8.01823e-07
-2.31669e-07
8.69173e-07
9.02744e-07
1.97363e-07
7.04718e-07
3.87392e-07
6.78537e-07
5.62686e-07
6.25935e-07
7.16404e-07
5.4891e-07
8.42585e-07
4.50599e-07
9.36357e-07
3.34885e-07
9.94107e-07
2.06267e-07
1.01361e-06
6.97119e-08
9.94135e-07
-6.95206e-08
9.36419e-07
-2.06074e-07
8.42691e-07
-3.34698e-07
7.16556e-07
-4.50449e-07
5.62866e-07
-5.48878e-07
3.87528e-07
-6.26205e-07
1.97283e-07
-6.7946e-07
-5.6007e-10
-7.06597e-07
-1.98398e-07
-7.06574e-07
-3.88628e-07
-6.7939e-07
-5.63939e-07
-6.26088e-07
-7.17593e-07
-5.48715e-07
-8.43682e-07
-4.50241e-07
-9.37355e-07
-3.34448e-07
-9.95006e-07
-2.05784e-07
-1.01441e-06
-6.91945e-08
-9.94824e-07
7.00699e-08
-9.36986e-07
2.06653e-07
-8.4312e-07
3.35298e-07
-7.1684e-07
4.5104e-07
-5.63019e-07
5.49378e-07
-3.87617e-07
6.26417e-07
-1.97478e-07
6.79033e-07
7.05264e-07
1.70652e-07
5.34063e-07
3.34963e-07
5.14222e-07
4.86536e-07
4.74359e-07
6.19454e-07
4.15989e-07
7.28563e-07
3.41487e-07
8.0965e-07
2.53795e-07
8.5959e-07
1.56323e-07
8.76463e-07
5.28356e-08
8.59623e-07
-5.26829e-08
8.09718e-07
-1.56172e-07
7.2867e-07
-2.53653e-07
6.19597e-07
-3.41379e-07
4.86694e-07
-4.15978e-07
3.35069e-07
-4.74584e-07
1.70551e-07
-5.14945e-07
-5.37534e-10
-5.35512e-07
-1.71621e-07
-5.35494e-07
-3.36124e-07
-5.1489e-07
-4.87724e-07
-4.74492e-07
-6.20593e-07
-4.15849e-07
-7.29621e-07
-3.41215e-07
-8.10616e-07
-2.53456e-07
-8.60459e-07
-1.55944e-07
-8.7723e-07
-5.24264e-08
-8.60279e-07
5.31162e-08
-8.10255e-07
1.56625e-07
-7.29078e-07
2.54118e-07
-6.19874e-07
3.41833e-07
-4.86856e-07
4.16358e-07
-3.35182e-07
4.7474e-07
-1.70762e-07
5.1461e-07
5.345e-07
1.50398e-07
3.83662e-07
2.95209e-07
3.69408e-07
4.28793e-07
3.40772e-07
5.45939e-07
2.98841e-07
6.42102e-07
2.45321e-07
7.13569e-07
1.82325e-07
7.57587e-07
1.12302e-07
7.72461e-07
3.79585e-08
7.5762e-07
-3.78454e-08
7.13637e-07
-1.12193e-07
6.42205e-07
-1.82224e-07
5.4607e-07
-2.45247e-07
4.2893e-07
-2.9884e-07
2.95287e-07
-3.40944e-07
1.5028e-07
-3.69941e-07
-5.18941e-10
-3.84716e-07
-1.51313e-07
-3.84703e-07
-2.96306e-07
-3.699e-07
-4.29924e-07
-3.40876e-07
-5.47031e-07
-2.98745e-07
-6.43123e-07
-2.45126e-07
-7.14505e-07
-1.82078e-07
-7.58428e-07
-1.12024e-07
-7.73201e-07
-3.76559e-08
-7.58253e-07
3.81652e-08
-7.14155e-07
1.12524e-07
-6.42602e-07
1.82562e-07
-5.46348e-07
2.45577e-07
-4.29107e-07
2.99115e-07
-2.95422e-07
3.41052e-07
-1.50507e-07
3.69693e-07
3.83991e-07
1.35819e-07
2.4784e-07
2.66592e-07
2.38632e-07
3.87227e-07
2.20134e-07
4.93018e-07
1.93047e-07
5.79861e-07
1.58474e-07
6.44403e-07
1.1778e-07
6.84156e-07
7.25466e-08
6.9759e-07
2.45212e-08
6.84189e-07
-2.44472e-08
6.44469e-07
-7.24758e-08
5.79958e-07
-1.17716e-07
4.93138e-07
-1.58429e-07
3.87345e-07
-1.93051e-07
2.66649e-07
-2.20251e-07
1.35688e-07
-2.38983e-07
-5.03627e-10
-2.48528e-07
-1.36691e-07
-2.48519e-07
-2.67637e-07
-2.38956e-07
-3.88311e-07
-2.20205e-07
-4.9407e-07
-1.92988e-07
-5.8085e-07
-1.58349e-07
-6.4531e-07
-1.1762e-07
-6.84973e-07
-7.23642e-08
-6.98308e-07
-2.43227e-08
-6.84803e-07
2.46569e-08
-6.44973e-07
7.26918e-08
-5.80349e-07
1.17936e-07
-4.93418e-07
1.58643e-07
-3.87534e-07
1.93229e-07
-2.66802e-07
2.20317e-07
-1.35928e-07
2.38816e-07
2.48062e-07
1.26332e-07
1.21506e-07
2.47971e-07
1.1699e-07
3.60181e-07
1.07921e-07
4.58583e-07
9.46423e-08
5.39362e-07
7.76929e-08
5.99397e-07
5.77422e-08
6.36375e-07
3.55661e-08
6.48872e-07
1.20211e-08
6.36408e-07
-1.19856e-08
5.99461e-07
-3.55323e-08
5.39455e-07
-5.77121e-08
4.58695e-07
-7.76725e-08
3.60288e-07
-9.46463e-08
2.48016e-07
-1.07981e-07
1.26195e-07
-1.17165e-07
-4.90655e-10
-1.21845e-07
-1.27172e-07
-1.2184e-07
-2.48979e-07
-1.17152e-07
-3.61228e-07
-1.07959e-07
-4.59603e-07
-9.46151e-08
-5.40323e-07
-7.76327e-08
-6.0028e-07
-5.76643e-08
-6.3717e-07
-3.54771e-08
-6.49571e-07
-1.19239e-08
-6.37005e-07
1.20882e-08
-5.99954e-07
3.56376e-08
-5.3984e-07
5.78189e-08
-4.58976e-07
7.7777e-08
-3.60483e-07
9.47337e-08
-2.48177e-07
1.08009e-07
-1.26442e-07
1.17079e-07
1.21619e-07
1.21504e-07
2.38493e-07
3.46412e-07
4.41053e-07
5.18745e-07
5.76486e-07
6.12051e-07
6.24071e-07
6.12084e-07
5.7655e-07
5.18837e-07
4.41163e-07
3.46515e-07
2.38532e-07
1.21366e-07
-4.80134e-10
-1.22322e-07
-2.39475e-07
-3.47435e-07
-4.42051e-07
-5.19685e-07
-5.77351e-07
-6.12829e-07
-6.24754e-07
-6.12667e-07
-5.77031e-07
-5.19213e-07
-4.41437e-07
-3.46704e-07
-2.38696e-07
-1.21619e-07
)
;

boundaryField
{
    top
    {
        type            symmetryPlane;
        value           uniform 0;
    }
    bottom
    {
        type            symmetryPlane;
        value           uniform 0;
    }
    left
    {
        type            symmetryPlane;
        value           uniform 0;
    }
    right
    {
        type            symmetryPlane;
        value           uniform 0;
    }
    frontAndBack
    {
        type            empty;
        value           nonuniform List<scalar> 0();
    }
}


// ************************************************************************* //
