/*--------------------------------*- C++ -*----------------------------------*\
  =========                 |
  \\      /  F ield         | OpenFOAM: The Open Source CFD Toolbox
   \\    /   O peration     | Website:  https://openfoam.org
    \\  /    A nd           | Version:  9
     \\/     M anipulation  |
\*---------------------------------------------------------------------------*/
FoamFile
{
    format      ascii;
    class       surfaceScalarField;
    location    "0.4";
    object      phi;
}
// * * * * * * * * * * * * * * * * * * * * * * * * * * * * * * * * * * * * * //

dimensions      [0 3 -1 0 0 0 0];

internalField   nonuniform List<scalar> 
8032
(
-2.09968e-08
2.08942e-08
-4.04986e-08
2.09356e-08
-5.98294e-08
1.92685e-08
-7.67539e-08
1.68443e-08
-9.08186e-08
1.39981e-08
-1.0139e-07
1.05254e-08
-1.08033e-07
6.61384e-09
-1.1047e-07
2.42015e-09
-1.08597e-07
-1.88293e-09
-1.02482e-07
-6.12177e-09
-9.23594e-08
-1.01267e-08
-7.86232e-08
-1.37388e-08
-6.18092e-08
-1.68154e-08
-4.25742e-08
-1.92358e-08
-2.16693e-08
-2.0905e-08
8.92083e-11
-2.17581e-08
2.18518e-08
-2.17618e-08
4.27689e-08
-2.0916e-08
6.20241e-08
-1.92539e-08
7.88661e-08
-1.68405e-08
9.26379e-08
-1.37701e-08
1.02803e-07
-1.0163e-08
1.08965e-07
-6.16039e-09
1.10886e-07
-1.91982e-09
1.08498e-07
2.39102e-09
1.019e-07
6.59992e-09
9.13659e-08
1.05362e-08
7.73323e-08
1.4036e-08
6.03878e-08
1.69463e-08
4.12625e-08
1.91275e-08
2.08134e-08
2.04531e-08
2.08145e-08
-2.19767e-08
4.29206e-08
-4.33397e-08
4.23008e-08
-6.34893e-08
3.93747e-08
-8.14698e-08
3.47658e-08
-9.63354e-08
2.88105e-08
-1.07504e-07
2.16559e-08
-1.14513e-07
1.35967e-08
-1.1707e-07
4.96148e-09
-1.15066e-07
-3.89735e-09
-1.08572e-07
-1.26221e-08
-9.78377e-08
-2.08647e-08
-8.32805e-08
-2.82983e-08
-6.54674e-08
-3.46299e-08
-4.50931e-08
-3.96106e-08
-2.29526e-08
-4.30455e-08
9.03134e-11
-4.48004e-08
2.31363e-08
-4.48068e-08
4.52863e-08
-4.30646e-08
6.56761e-08
-3.9642e-08
8.35104e-08
-3.46729e-08
9.80937e-08
-2.83515e-08
1.08858e-07
-2.09251e-08
1.15384e-07
-1.26847e-08
1.17421e-07
-3.95431e-09
1.14893e-07
4.92071e-09
1.0791e-07
1.3586e-08
9.67584e-08
2.16902e-08
8.19006e-08
2.88963e-08
6.39587e-08
3.48908e-08
4.37016e-08
3.93873e-08
2.20362e-08
4.21205e-08
4.28534e-08
-2.38838e-08
6.68507e-08
-4.73408e-08
6.57813e-08
-6.92695e-08
6.12927e-08
-8.87456e-08
5.42108e-08
-1.04861e-07
4.48928e-08
-1.16952e-07
3.37184e-08
-1.24521e-07
2.11458e-08
-1.27259e-07
7.68604e-09
-1.25049e-07
-6.11572e-09
-1.17972e-07
-1.97057e-08
-1.06297e-07
-3.2543e-08
-9.0478e-08
-4.41198e-08
-7.11294e-08
-5.39797e-08
-4.90048e-08
-6.17358e-08
-2.49662e-08
-6.7084e-08
4.91478e-11
-6.98152e-08
2.50661e-08
-6.98227e-08
4.91093e-08
-6.71064e-08
7.12412e-08
-6.17723e-08
9.0599e-08
-5.4029e-08
1.06428e-07
-4.4179e-08
1.18113e-07
-3.26076e-08
1.25199e-07
-1.97682e-08
1.27412e-07
-6.16561e-09
1.24673e-07
7.6623e-09
1.17098e-07
2.11635e-08
1.05e-07
3.37908e-08
8.88798e-08
4.50193e-08
6.94118e-08
5.43607e-08
4.74309e-08
6.13705e-08
2.3921e-08
6.56356e-08
6.67751e-08
-2.66576e-08
9.35458e-08
-5.27765e-08
9.19265e-08
-7.72582e-08
8.57758e-08
-9.89421e-08
7.588e-08
-1.16879e-07
6.28093e-08
-1.30324e-07
4.71448e-08
-1.38731e-07
2.9537e-08
-1.41757e-07
1.07016e-08
-1.39277e-07
-8.60323e-09
-1.31381e-07
-2.76067e-08
-1.18373e-07
-4.55548e-08
-1.00756e-07
-6.17389e-08
-7.9215e-08
-7.55222e-08
-5.45877e-08
-8.63635e-08
-2.78332e-08
-9.38383e-08
6.13797e-12
-9.76539e-08
2.78457e-08
-9.76612e-08
5.46005e-08
-9.38598e-08
7.9228e-08
-8.63982e-08
1.00768e-07
-7.55677e-08
1.18383e-07
-6.17914e-08
1.31385e-07
-4.56082e-08
1.39271e-07
-2.7652e-08
1.41737e-07
-8.62886e-09
1.38692e-07
1.07092e-08
1.30268e-07
2.95904e-08
1.16811e-07
4.72496e-08
9.88799e-08
6.29532e-08
7.72239e-08
7.60194e-08
5.27723e-08
8.58254e-08
2.66166e-08
9.17922e-08
9.33949e-08
-3.03191e-08
1.23903e-07
-6.009e-08
1.21721e-07
-8.7945e-08
1.13639e-07
-1.12613e-07
1.00543e-07
-1.33024e-07
8.32095e-08
-1.48324e-07
6.24334e-08
-1.57888e-07
3.90906e-08
-1.61328e-07
1.41332e-08
-1.58501e-07
-1.14363e-08
-1.49512e-07
-3.66001e-08
-1.34707e-07
-6.03625e-08
-1.14661e-07
-8.17871e-08
-9.01526e-08
-1.00032e-07
-6.2135e-08
-1.14382e-07
-3.16992e-08
-1.24274e-07
-3.04602e-11
-1.29322e-07
3.16375e-08
-1.29328e-07
6.20709e-08
-1.24292e-07
9.0084e-08
-1.1441e-07
1.14585e-07
-1.00067e-07
1.34621e-07
-8.18253e-08
1.49412e-07
-6.03966e-08
1.58382e-07
-3.66209e-08
1.61188e-07
-1.14327e-08
1.57728e-07
1.41721e-08
1.48149e-07
3.91719e-08
1.32847e-07
6.25539e-08
1.12456e-07
8.33472e-08
8.78283e-08
1.00649e-07
6.00198e-08
1.13636e-07
3.02747e-08
1.21543e-07
1.2367e-07
-3.51044e-08
1.59026e-07
-6.95904e-08
1.56225e-07
-1.01842e-07
1.45899e-07
-1.30406e-07
1.29107e-07
-1.54047e-07
1.06845e-07
-1.71774e-07
8.01538e-08
-1.82859e-07
5.01686e-08
-1.8685e-07
1.81179e-08
-1.83581e-07
-1.47105e-08
-1.73173e-07
-4.70116e-08
-1.56028e-07
-7.75095e-08
-1.32813e-07
-1.05004e-07
-1.0443e-07
-1.28417e-07
-7.19824e-08
-1.46829e-07
-3.67349e-08
-1.59521e-07
-6.00251e-11
-1.65996e-07
3.66136e-08
-1.66001e-07
7.18573e-08
-1.59534e-07
1.04298e-07
-1.46849e-07
1.32672e-07
-1.2844e-07
1.55874e-07
-1.05026e-07
1.73002e-07
-7.75227e-08
1.83391e-07
-4.7008e-08
1.86641e-07
-1.46811e-08
1.82636e-07
1.81803e-08
1.71545e-07
5.02649e-08
1.53828e-07
8.02734e-08
1.30217e-07
1.0696e-07
1.01702e-07
1.29167e-07
6.9503e-08
1.45838e-07
3.50575e-08
1.55989e-07
1.58731e-07
-4.12057e-08
2.00252e-07
-8.16909e-08
1.96725e-07
-1.19548e-07
1.83765e-07
-1.53078e-07
1.62639e-07
-1.80836e-07
1.34602e-07
-2.01658e-07
1.00972e-07
-2.14684e-07
6.31907e-08
-2.19381e-07
2.2811e-08
-2.15553e-07
-1.85429e-08
-2.0334e-07
-5.92275e-08
-1.83214e-07
-9.7637e-08
-1.55958e-07
-1.32262e-07
-1.22632e-07
-1.61743e-07
-8.45336e-08
-1.84928e-07
-4.31462e-08
-2.00908e-07
-8.21713e-11
-2.0906e-07
4.29805e-08
-2.09062e-07
8.43641e-08
-2.00916e-07
1.22456e-07
-1.84939e-07
1.55773e-07
-1.61755e-07
1.83017e-07
-1.32268e-07
2.03128e-07
-9.76324e-08
2.15327e-07
-5.92049e-08
2.19144e-07
-1.84959e-08
2.14441e-07
2.28855e-08
2.0142e-07
6.32886e-08
1.80618e-07
1.01077e-07
1.52897e-07
1.34684e-07
1.19416e-07
1.6265e-07
8.16091e-08
1.83646e-07
4.11667e-08
1.96438e-07
1.99897e-07
-4.88707e-08
2.49133e-07
-9.68861e-08
2.44751e-07
-1.41782e-07
2.28669e-07
-1.81547e-07
2.02409e-07
-2.14473e-07
1.67528e-07
-2.39177e-07
1.25675e-07
-2.5464e-07
7.86505e-08
-2.60223e-07
2.83919e-08
-2.55692e-07
-2.30765e-08
-2.41213e-07
-7.37086e-08
-2.17346e-07
-1.21506e-07
-1.85016e-07
-1.64592e-07
-1.45483e-07
-2.01277e-07
-1.00287e-07
-2.30125e-07
-5.11869e-08
-2.50008e-07
-9.72726e-11
-2.60149e-07
5.09913e-08
-2.6015e-07
1.00088e-07
-2.50012e-07
1.45279e-07
-2.30129e-07
1.84805e-07
-2.01279e-07
2.17126e-07
-1.64587e-07
2.40985e-07
-1.2149e-07
2.55457e-07
-7.36745e-08
2.59984e-07
-2.30214e-08
2.54404e-07
2.84677e-08
2.38956e-07
7.8739e-08
2.14278e-07
1.25757e-07
1.81392e-07
1.67573e-07
1.41672e-07
2.02372e-07
9.68221e-08
2.285e-07
4.88396e-08
2.4442e-07
2.4874e-07
-5.83992e-08
3.07544e-07
-1.15775e-07
3.02136e-07
-1.69419e-07
2.8232e-07
-2.16935e-07
2.49928e-07
-2.56281e-07
2.06876e-07
-2.85808e-07
1.55202e-07
-3.04294e-07
9.71358e-08
-3.10977e-07
3.50733e-08
-3.05572e-07
-2.84832e-08
-2.88276e-07
-9.10056e-08
-2.59757e-07
-1.50027e-07
-2.21122e-07
-2.03228e-07
-1.73875e-07
-2.48524e-07
-1.19857e-07
-2.84144e-07
-6.11714e-08
-3.08693e-07
-1.06522e-10
-3.21213e-07
6.09577e-08
-3.21213e-07
1.19641e-07
-3.08694e-07
1.73657e-07
-2.84143e-07
2.209e-07
-2.4852e-07
2.59531e-07
-2.03216e-07
2.88047e-07
-1.50004e-07
3.05342e-07
-9.0968e-08
3.10752e-07
-2.84292e-08
3.04081e-07
3.51408e-08
2.85615e-07
9.72066e-08
2.56119e-07
1.55256e-07
2.16812e-07
2.06883e-07
1.69338e-07
2.49847e-07
1.15729e-07
2.82109e-07
5.83802e-08
3.01776e-07
3.0712e-07
-7.01623e-08
3.77713e-07
-1.39092e-07
3.71073e-07
-2.03535e-07
3.46769e-07
-2.60614e-07
3.07012e-07
-3.07883e-07
2.54147e-07
-3.43359e-07
1.9068e-07
-3.65574e-07
1.19351e-07
-3.73611e-07
4.31094e-08
-3.67125e-07
-3.49699e-08
-3.46352e-07
-1.11779e-07
-3.12092e-07
-1.84287e-07
-2.65675e-07
-2.49645e-07
-2.08908e-07
-3.05291e-07
-1.44003e-07
-3.49049e-07
-7.34873e-08
-3.79208e-07
-1.11558e-10
-3.94588e-07
7.32639e-08
-3.94588e-07
1.43779e-07
-3.79207e-07
2.08684e-07
-3.49047e-07
2.65451e-07
-3.05285e-07
3.11868e-07
-2.49632e-07
3.4613e-07
-1.84265e-07
3.66909e-07
-1.11745e-07
3.73406e-07
-3.49244e-08
3.65387e-07
4.31616e-08
3.43197e-07
1.19399e-07
3.07753e-07
1.90702e-07
2.60521e-07
2.54116e-07
2.03477e-07
3.06894e-07
1.39064e-07
3.46526e-07
7.01503e-08
3.70688e-07
3.77274e-07
-8.46122e-08
4.62332e-07
-1.67734e-07
4.54201e-07
-2.45442e-07
4.24482e-07
-3.14269e-07
3.75844e-07
-3.71267e-07
3.11148e-07
-4.14048e-07
2.33463e-07
-4.40842e-07
1.46145e-07
-4.50539e-07
5.2807e-08
-4.42724e-07
-4.27849e-08
-4.1768e-07
-1.36824e-07
-3.76368e-07
-2.25599e-07
-3.20394e-07
-3.0562e-07
-2.51934e-07
-3.73751e-07
-1.73655e-07
-4.27327e-07
-8.86103e-08
-4.64252e-07
-1.14003e-10
-4.83083e-07
8.83825e-08
-4.83083e-07
1.73428e-07
-4.64252e-07
2.51708e-07
-4.27326e-07
3.20171e-07
-3.73746e-07
3.7615e-07
-3.0561e-07
4.17469e-07
-2.25582e-07
4.42524e-07
-1.36799e-07
4.50355e-07
-4.27533e-08
4.40679e-07
5.28393e-08
4.13913e-07
1.46167e-07
3.71164e-07
2.33454e-07
3.142e-07
3.11083e-07
2.45403e-07
3.75691e-07
1.67717e-07
4.24213e-07
8.4608e-08
4.53805e-07
4.61881e-07
-1.02302e-07
5.64641e-07
-2.02799e-07
5.54703e-07
-2.96746e-07
5.18434e-07
-3.79955e-07
4.59057e-07
-4.48864e-07
3.8006e-07
-5.00588e-07
2.85188e-07
-5.32986e-07
1.78544e-07
-5.44716e-07
6.45379e-08
-5.35274e-07
-5.22264e-08
-5.05e-07
-1.67099e-07
-4.55056e-07
-2.75542e-07
-3.87381e-07
-3.73295e-07
-3.04606e-07
-4.56526e-07
-2.09957e-07
-5.21976e-07
-1.07123e-07
-5.67086e-07
-1.15199e-10
-5.9009e-07
1.06893e-07
-5.90091e-07
2.09729e-07
-5.67087e-07
3.04381e-07
-5.21977e-07
3.87161e-07
-4.56525e-07
4.54845e-07
-3.73292e-07
5.04799e-07
-2.75535e-07
5.35088e-07
-1.67087e-07
5.44549e-07
-5.22126e-08
5.32843e-07
6.45474e-08
5.00474e-07
1.78538e-07
4.48781e-07
2.85149e-07
3.79902e-07
3.79963e-07
2.96719e-07
4.58877e-07
2.02792e-07
5.18145e-07
1.023e-07
5.54294e-07
5.64185e-07
-1.2391e-07
6.88555e-07
-2.45628e-07
6.76426e-07
-3.5941e-07
6.3222e-07
-4.60187e-07
5.59837e-07
-5.43646e-07
4.63521e-07
-6.06294e-07
3.47838e-07
-6.45538e-07
2.17789e-07
-6.59752e-07
7.87536e-08
-6.48325e-07
-6.36534e-08
-6.11664e-07
-2.03759e-07
-5.51177e-07
-3.36029e-07
-4.69209e-07
-4.55263e-07
-3.68948e-07
-5.56786e-07
-2.54301e-07
-6.36623e-07
-1.29738e-07
-6.91649e-07
-1.1614e-10
-7.19711e-07
1.29506e-07
-7.19712e-07
2.54073e-07
-6.91652e-07
3.68725e-07
-6.36628e-07
4.68993e-07
-5.56792e-07
5.50971e-07
-4.55268e-07
6.11471e-07
-3.36033e-07
6.48149e-07
-2.03763e-07
6.59598e-07
-6.36598e-08
6.45408e-07
7.87387e-08
6.06192e-07
2.17755e-07
5.43574e-07
3.47769e-07
4.60144e-07
4.63396e-07
3.5939e-07
5.59631e-07
2.45622e-07
6.31912e-07
1.23911e-07
6.76013e-07
6.88094e-07
-1.50258e-07
8.38818e-07
-2.97857e-07
8.24029e-07
-4.35828e-07
7.70196e-07
-5.5803e-07
6.82042e-07
-6.59235e-07
5.64729e-07
-7.35209e-07
4.23814e-07
-7.82806e-07
2.65388e-07
-8.00055e-07
9.60033e-08
-7.86209e-07
-7.74985e-08
-7.41762e-07
-2.48205e-07
-6.68418e-07
-4.09372e-07
-5.6902e-07
-5.54661e-07
-4.47432e-07
-6.78373e-07
-3.08393e-07
-7.75662e-07
-1.57323e-07
-8.42718e-07
-1.1751e-10
-8.76916e-07
1.57089e-07
-8.76918e-07
3.08162e-07
-8.42724e-07
4.47208e-07
-7.75672e-07
5.68804e-07
-6.78387e-07
6.68215e-07
-5.54678e-07
7.41574e-07
-4.09391e-07
7.86039e-07
-2.48227e-07
7.99907e-07
-7.75265e-08
7.82684e-07
9.59632e-08
7.35115e-07
2.65326e-07
6.5917e-07
4.23716e-07
5.57991e-07
5.64575e-07
4.3581e-07
6.81814e-07
2.97853e-07
7.69873e-07
1.50258e-07
8.23605e-07
8.38356e-07
-1.82355e-07
1.02118e-06
-3.61479e-07
1.00315e-06
-5.28919e-07
9.3764e-07
-6.77224e-07
8.3035e-07
-8.00052e-07
6.87559e-07
-8.92265e-07
5.16029e-07
-9.50045e-07
3.2317e-07
-9.70996e-07
1.16956e-07
-9.5421e-07
-9.42835e-08
-9.00283e-07
-3.02132e-07
-8.11278e-07
-4.98376e-07
-6.90644e-07
-6.75295e-07
-5.43071e-07
-8.25946e-07
-3.74309e-07
-9.44424e-07
-1.90939e-07
-1.02609e-06
-1.19769e-10
-1.06774e-06
1.90701e-07
-1.06774e-06
3.74075e-07
-1.0261e-06
5.42844e-07
-9.4444e-07
6.90427e-07
-8.25969e-07
8.11074e-07
-6.75324e-07
9.00095e-07
-4.98411e-07
9.54042e-07
-3.02173e-07
9.70851e-07
-9.4334e-08
9.49925e-07
1.1689e-07
8.92172e-07
3.2308e-07
7.99987e-07
5.15903e-07
6.77184e-07
6.8738e-07
5.28899e-07
8.30099e-07
3.61471e-07
9.37301e-07
1.82355e-07
1.00273e-06
1.02071e-06
-2.21424e-07
1.2426e-06
-4.38921e-07
1.22066e-06
-6.42235e-07
1.14096e-06
-8.22319e-07
1.01044e-06
-9.71475e-07
8.36718e-07
-1.08347e-06
6.28021e-07
-1.15365e-06
3.93358e-07
-1.17912e-06
1.42427e-07
-1.15877e-06
-1.14638e-07
-1.0933e-06
-3.67594e-07
-9.85239e-07
-6.06442e-07
-8.38751e-07
-8.21782e-07
-6.59538e-07
-1.00516e-06
-4.54582e-07
-1.14938e-06
-2.31879e-07
-1.24879e-06
-1.23218e-10
-1.29949e-06
2.31634e-07
-1.29949e-06
4.54342e-07
-1.2488e-06
6.59305e-07
-1.1494e-06
8.38529e-07
-1.00519e-06
9.8503e-07
-8.21824e-07
1.09311e-06
-6.06493e-07
1.1586e-06
-3.67655e-07
1.17897e-06
-1.14712e-07
1.15353e-06
1.42335e-07
1.08337e-06
3.93241e-07
9.71407e-07
6.27868e-07
8.22275e-07
8.36513e-07
6.42211e-07
1.01017e-06
4.38912e-07
1.1406e-06
2.2142e-07
1.22022e-06
1.24213e-06
-2.68955e-07
1.51156e-06
-5.33138e-07
1.48484e-06
-7.80099e-07
1.38792e-06
-9.98853e-07
1.22919e-06
-1.18005e-06
1.01792e-06
-1.31612e-06
7.6409e-07
-1.40142e-06
4.78656e-07
-1.4324e-06
1.73411e-07
-1.40772e-06
-1.39321e-07
-1.32823e-06
-4.4708e-07
-1.19698e-06
-7.37696e-07
-1.01903e-06
-9.99727e-07
-8.0131e-07
-1.22288e-06
-5.52299e-07
-1.39839e-06
-2.81716e-07
-1.51937e-06
-1.28068e-10
-1.58108e-06
2.81461e-07
-1.58108e-06
5.5205e-07
-1.51939e-06
8.01068e-07
-1.39842e-06
1.0188e-06
-1.22292e-06
1.19676e-06
-9.99784e-07
1.32803e-06
-7.37764e-07
1.40754e-06
-4.47161e-07
1.43225e-06
-1.39418e-07
1.40129e-06
1.73294e-07
1.31602e-06
4.78512e-07
1.17998e-06
7.63909e-07
9.98803e-07
1.01769e-06
7.8007e-07
1.2289e-06
5.33123e-07
1.38755e-06
2.6895e-07
1.4844e-06
1.51108e-06
-3.26757e-07
1.83832e-06
-6.4772e-07
1.80581e-06
-9.47767e-07
1.68797e-06
-1.21356e-06
1.49499e-06
-1.43375e-06
1.23811e-06
-1.59912e-06
9.29462e-07
-1.70282e-06
5.82356e-07
-1.74053e-06
2.11125e-07
-1.7106e-06
-1.69248e-07
-1.61407e-06
-5.43608e-07
-1.45462e-06
-8.97147e-07
-1.23841e-06
-1.21594e-06
-9.73839e-07
-1.48745e-06
-6.7122e-07
-1.70101e-06
-3.42368e-07
-1.84822e-06
-1.34468e-10
-1.92331e-06
3.42101e-07
-1.92332e-06
6.70958e-07
-1.84825e-06
9.73585e-07
-1.70105e-06
1.23817e-06
-1.48751e-06
1.4544e-06
-1.21601e-06
1.61387e-06
-8.97234e-07
1.71042e-06
-5.43711e-07
1.74037e-06
-1.6937e-07
1.70268e-06
2.10981e-07
1.59901e-06
5.82184e-07
1.43367e-06
9.29253e-07
1.2135e-06
1.23785e-06
9.4773e-07
1.49467e-06
6.47701e-07
1.68758e-06
3.26747e-07
1.80535e-06
1.83783e-06
-3.97033e-07
2.23535e-06
-7.87028e-07
2.1958e-06
-1.15163e-06
2.05256e-06
-1.47463e-06
1.81799e-06
-1.74224e-06
1.50572e-06
-1.94327e-06
1.13049e-06
-2.06938e-06
7.08465e-07
-2.11531e-06
2.57056e-07
-2.07903e-06
-2.05521e-07
-1.9618e-06
-6.60836e-07
-1.76808e-06
-1.09088e-06
-1.50533e-06
-1.47869e-06
-1.18376e-06
-1.80901e-06
-8.15924e-07
-2.06885e-06
-4.16173e-07
-2.24797e-06
-1.42543e-10
-2.33934e-06
4.1589e-07
-2.33935e-06
8.15647e-07
-2.248e-06
1.1835e-06
-2.0689e-06
1.50507e-06
-1.80908e-06
1.76783e-06
-1.47878e-06
1.96158e-06
-1.09098e-06
2.07883e-06
-6.60962e-07
2.11513e-06
-2.05668e-07
2.06923e-06
2.56885e-07
1.94315e-06
7.08265e-07
1.74215e-06
1.13026e-06
1.47456e-06
1.50544e-06
1.15158e-06
1.81765e-06
7.87001e-07
2.05216e-06
3.97022e-07
2.19533e-06
2.23485e-06
-4.82451e-07
2.71781e-06
-9.56361e-07
2.66971e-06
-1.39943e-06
2.49564e-06
-1.79199e-06
2.21055e-06
-2.11729e-06
1.83102e-06
-2.36171e-06
1.37491e-06
-2.51511e-06
8.61864e-07
-2.57108e-06
3.13027e-07
-2.52714e-06
-2.49464e-07
-2.38478e-06
-8.03199e-07
-2.14939e-06
-1.32626e-06
-1.83005e-06
-1.79802e-06
-1.43918e-06
-2.19989e-06
-9.91992e-07
-2.51603e-06
-5.05977e-07
-2.73399e-06
-1.52396e-10
-2.84517e-06
5.05674e-07
-2.84518e-06
9.91694e-07
-2.73402e-06
1.43889e-06
-2.51609e-06
1.82978e-06
-2.19997e-06
2.14913e-06
-1.79813e-06
2.38454e-06
-1.32639e-06
2.52692e-06
-8.03347e-07
2.57089e-06
-2.49636e-07
2.51495e-06
3.12829e-07
2.36158e-06
8.61636e-07
2.11718e-06
1.37465e-06
1.79192e-06
1.83071e-06
1.39938e-06
2.21019e-06
9.5633e-07
2.49521e-06
4.82436e-07
2.66922e-06
2.71729e-06
-5.86257e-07
3.30406e-06
-1.16215e-06
3.2456e-06
-1.7006e-06
3.03409e-06
-2.17774e-06
2.68769e-06
-2.57319e-06
2.22647e-06
-2.87041e-06
1.67213e-06
-3.05705e-06
1.04851e-06
-3.1253e-06
3.81277e-07
-3.0721e-06
-3.02662e-07
-2.89924e-06
-9.76064e-07
-2.61323e-06
-1.61227e-06
-2.22511e-06
-2.18615e-06
-1.74993e-06
-2.67507e-06
-1.20622e-06
-3.05974e-06
-6.15249e-07
-3.32496e-06
-1.64134e-10
-3.46025e-06
6.14923e-07
-3.46027e-06
1.2059e-06
-3.325e-06
1.74962e-06
-3.05981e-06
2.22481e-06
-2.67517e-06
2.61295e-06
-2.18627e-06
2.89898e-06
-1.61241e-06
3.07187e-06
-9.76237e-07
3.12509e-06
-3.02862e-07
3.05687e-06
3.81049e-07
2.87026e-06
1.04825e-06
2.57307e-06
1.67184e-06
2.17765e-06
2.22613e-06
1.70054e-06
2.68729e-06
1.16211e-06
3.03364e-06
5.86239e-07
3.2451e-06
3.30352e-06
-7.12383e-07
4.01645e-06
-1.41219e-06
3.94541e-06
-2.06657e-06
3.68847e-06
-2.64651e-06
3.26763e-06
-3.12728e-06
2.70724e-06
-3.48876e-06
2.03361e-06
-3.7159e-06
1.27566e-06
-3.79918e-06
4.64556e-07
-3.73483e-06
-3.67014e-07
-3.52497e-06
-1.18593e-06
-3.17748e-06
-1.95976e-06
-2.70573e-06
-2.6579e-06
-2.12802e-06
-3.25278e-06
-1.46689e-06
-3.72087e-06
-7.48219e-07
-4.04364e-06
-1.77863e-10
-4.20829e-06
7.47865e-07
-4.20831e-06
1.46655e-06
-4.04369e-06
2.12769e-06
-3.72095e-06
2.70541e-06
-3.25289e-06
3.17717e-06
-2.65804e-06
3.52468e-06
-1.95992e-06
3.73458e-06
-1.18613e-06
3.79896e-06
-3.67242e-07
3.71571e-06
4.64298e-07
3.48859e-06
1.27536e-06
3.12714e-06
2.03328e-06
2.64641e-06
2.70686e-06
2.06649e-06
3.26721e-06
1.41215e-06
3.68799e-06
7.1236e-07
3.94488e-06
4.01589e-06
-8.65598e-07
4.88204e-06
-1.71595e-06
4.79577e-06
-2.51119e-06
4.4837e-06
-3.2161e-06
3.97254e-06
-3.80063e-06
3.29176e-06
-4.24031e-06
2.47329e-06
-4.51683e-06
1.55218e-06
-4.61853e-06
5.66257e-07
-4.54077e-06
-4.44778e-07
-4.28604e-06
-1.44066e-06
-3.86388e-06
-2.38191e-06
-3.29049e-06
-3.23129e-06
-2.5881e-06
-3.95517e-06
-1.78412e-06
-4.52485e-06
-9.10042e-07
-4.91772e-06
-1.93701e-10
-5.11814e-06
9.09656e-07
-5.11816e-06
1.78374e-06
-4.91777e-06
2.58773e-06
-4.52494e-06
3.29014e-06
-3.9553e-06
3.86355e-06
-3.23145e-06
4.28573e-06
-2.38211e-06
4.54048e-06
-1.44088e-06
4.61828e-06
-4.45036e-07
4.51661e-06
5.65965e-07
4.24012e-06
1.55185e-06
3.80047e-06
2.47293e-06
3.21598e-06
3.29136e-06
2.5111e-06
3.97208e-06
1.7159e-06
4.48319e-06
8.65572e-07
4.79521e-06
4.88146e-06
-1.05168e-06
5.93372e-06
-2.0849e-06
5.82898e-06
-3.05127e-06
5.45008e-06
-3.90807e-06
4.82933e-06
-4.61878e-06
4.00248e-06
-5.15367e-06
3.00817e-06
-5.49039e-06
1.8889e-06
-5.6147e-06
6.90567e-07
-5.52085e-06
-5.3863e-07
-5.21177e-06
-1.74974e-06
-4.69895e-06
-2.89473e-06
-4.00203e-06
-3.92822e-06
-3.148e-06
-4.8092e-06
-2.17021e-06
-5.50264e-06
-1.10701e-06
-5.98092e-06
-2.11777e-10
-6.22494e-06
1.10659e-06
-6.22496e-06
2.1698e-06
-5.98098e-06
3.1476e-06
-5.50274e-06
4.00164e-06
-4.80934e-06
4.69859e-06
-3.9284e-06
5.21143e-06
-2.89495e-06
5.52054e-06
-1.75e-06
5.61442e-06
-5.3892e-07
5.49014e-06
6.90241e-07
5.15346e-06
1.88854e-06
4.61861e-06
3.00777e-06
3.90793e-06
4.00203e-06
3.05117e-06
4.82884e-06
2.08483e-06
5.44953e-06
1.05165e-06
5.82838e-06
5.93311e-06
-1.27763e-06
7.21134e-06
-2.53291e-06
7.08426e-06
-3.70717e-06
6.62434e-06
-4.74856e-06
5.87072e-06
-5.61275e-06
4.86667e-06
-6.26354e-06
3.65896e-06
-6.67372e-06
2.29908e-06
-6.82583e-06
8.4268e-07
-6.71274e-06
-6.51724e-07
-6.33785e-06
-2.12464e-06
-5.715e-06
-3.51759e-06
-4.86795e-06
-4.77527e-06
-3.82951e-06
-5.84765e-06
-2.64023e-06
-6.69193e-06
-1.34681e-06
-7.27434e-06
-2.32238e-10
-7.57152e-06
1.34635e-06
-7.57155e-06
2.63977e-06
-7.27441e-06
3.82907e-06
-6.69204e-06
4.86753e-06
-5.8478e-06
5.7146e-06
-4.77547e-06
6.33747e-06
-3.51783e-06
6.71239e-06
-2.12492e-06
6.82552e-06
-6.52049e-07
6.67344e-06
8.42316e-07
6.2633e-06
2.29867e-06
5.61255e-06
3.65852e-06
4.74841e-06
4.86618e-06
3.70706e-06
5.87019e-06
2.53283e-06
6.62375e-06
1.27759e-06
7.08363e-06
7.21069e-06
-1.5519e-06
8.76325e-06
-3.07678e-06
8.60913e-06
-4.50353e-06
8.05108e-06
-5.76924e-06
7.13643e-06
-6.82008e-06
5.91751e-06
-7.61203e-06
4.45091e-06
-8.11189e-06
2.79894e-06
-8.29827e-06
1.02905e-06
-8.16225e-06
-7.87745e-07
-7.70775e-06
-2.57913e-06
-6.9514e-06
-4.27394e-06
-5.92195e-06
-5.80473e-06
-4.65921e-06
-7.11039e-06
-3.21253e-06
-8.13861e-06
-1.63882e-06
-8.84805e-06
-2.55243e-10
-9.21009e-06
1.63832e-06
-9.21012e-06
3.21203e-06
-8.84813e-06
4.65872e-06
-8.13874e-06
5.92148e-06
-7.11056e-06
6.95096e-06
-5.80495e-06
7.70734e-06
-4.27421e-06
8.16187e-06
-2.57945e-06
8.29792e-06
-7.88107e-07
8.11159e-06
1.02865e-06
7.61177e-06
2.79849e-06
6.81986e-06
4.45042e-06
5.76906e-06
5.91697e-06
4.5034e-06
7.13585e-06
3.0767e-06
8.05045e-06
1.55186e-06
8.60846e-06
8.76256e-06
-1.88474e-06
1.0648e-05
-3.73684e-06
1.04612e-05
-5.47015e-06
9.78438e-06
-7.00843e-06
8.6747e-06
-8.2863e-06
7.19538e-06
-9.25022e-06
5.41483e-06
-9.85967e-06
3.40838e-06
-1.00884e-05
1.25774e-06
-9.92515e-06
-9.50959e-07
-9.37446e-06
-3.12983e-06
-8.45621e-06
-5.19219e-06
-7.20515e-06
-7.05579e-06
-5.66959e-06
-8.64594e-06
-3.9096e-06
-9.89861e-06
-1.99454e-06
-1.07631e-05
-2.80976e-10
-1.12044e-05
1.99398e-06
-1.12044e-05
3.90905e-06
-1.07632e-05
5.66906e-06
-9.89875e-06
7.20463e-06
-8.64614e-06
8.45572e-06
-7.05604e-06
9.374e-06
-5.1925e-06
9.92472e-06
-3.13018e-06
1.0088e-05
-9.51361e-07
9.85933e-06
1.25729e-06
9.24993e-06
3.40788e-06
8.28606e-06
5.41429e-06
7.00823e-06
7.1948e-06
5.47001e-06
8.67407e-06
3.73675e-06
9.78371e-06
1.88469e-06
1.04605e-05
1.06472e-05
-2.28848e-06
1.29365e-05
-4.5376e-06
1.27103e-05
-6.64306e-06
1.18898e-05
-8.51247e-06
1.05441e-05
-1.00665e-05
8.74941e-06
-1.124e-05
6.58832e-06
-1.19835e-05
4.15184e-06
-1.22646e-05
1.53885e-06
-1.20693e-05
-1.14623e-06
-1.14026e-05
-3.7966e-06
-1.02881e-05
-6.30668e-06
-8.76782e-06
-8.57605e-06
-6.90042e-06
-1.05133e-05
-4.75895e-06
-1.20401e-05
-2.42802e-06
-1.3094e-05
-3.09636e-10
-1.36321e-05
2.42741e-06
-1.36321e-05
4.75834e-06
-1.30941e-05
6.89983e-06
-1.20402e-05
8.76725e-06
-1.05136e-05
1.02875e-05
-8.57633e-06
1.1402e-05
-6.30702e-06
1.20688e-05
-3.79699e-06
1.22642e-05
-1.14668e-06
1.19831e-05
1.53835e-06
1.12397e-05
4.1513e-06
1.00662e-05
6.58773e-06
8.51225e-06
8.74878e-06
6.6429e-06
1.05434e-05
4.5375e-06
1.18891e-05
2.28843e-06
1.27096e-05
1.29357e-05
-2.77801e-06
1.57145e-05
-5.50864e-06
1.5441e-05
-8.06571e-06
1.44469e-05
-1.03374e-05
1.28157e-05
-1.22273e-05
1.06394e-05
-1.36564e-05
8.01735e-06
-1.45639e-05
5.05941e-06
-1.49102e-05
1.88511e-06
-1.46774e-05
-1.37902e-06
-1.38708e-05
-4.60321e-06
-1.25186e-05
-7.65884e-06
-1.06715e-05
-1.04232e-05
-8.40037e-06
-1.27845e-05
-5.7943e-06
-1.46462e-05
-2.95653e-06
-1.59318e-05
-3.41446e-10
-1.65883e-05
2.95585e-06
-1.65883e-05
5.79363e-06
-1.59319e-05
8.39972e-06
-1.46463e-05
1.06708e-05
-1.27847e-05
1.2518e-05
-1.04235e-05
1.38702e-05
-7.65922e-06
1.46769e-05
-4.60364e-06
1.49097e-05
-1.37952e-06
1.45635e-05
1.88456e-06
1.3656e-05
5.05881e-06
1.2227e-05
8.0167e-06
1.03371e-05
1.06387e-05
8.06553e-06
1.2815e-05
5.50852e-06
1.44461e-05
2.77795e-06
1.54401e-05
1.57136e-05
-3.37124e-06
1.90857e-05
-6.68554e-06
1.87553e-05
-9.79044e-06
1.75518e-05
-1.25506e-05
1.55759e-05
-1.48493e-05
1.29381e-05
-1.659e-05
9.75809e-06
-1.76988e-05
6.16817e-06
-1.81264e-05
2.31264e-06
-1.78501e-05
-1.65528e-06
-1.68753e-05
-5.57797e-06
-1.52355e-05
-9.29866e-06
-1.29914e-05
-1.26673e-05
-1.02292e-05
-1.55467e-05
-7.05707e-06
-1.78183e-05
-3.60126e-06
-1.93876e-05
-3.76649e-10
-2.01892e-05
3.60051e-06
-2.01892e-05
7.05633e-06
-1.93877e-05
1.02284e-05
-1.78185e-05
1.29907e-05
-1.5547e-05
1.52349e-05
-1.26677e-05
1.68747e-05
-9.29908e-06
1.78495e-05
-5.57845e-06
1.81258e-05
-1.65583e-06
1.76983e-05
2.31204e-06
1.65896e-05
6.16751e-06
1.4849e-05
9.75738e-06
1.25503e-05
1.29373e-05
9.79024e-06
1.55751e-05
6.6854e-06
1.75509e-05
3.37117e-06
1.87544e-05
1.90848e-05
-4.08965e-06
2.31753e-05
-8.11107e-06
2.27767e-05
-1.18802e-05
2.1321e-05
-1.52335e-05
1.89292e-05
-1.80295e-05
1.57341e-05
-2.01508e-05
1.18793e-05
-2.15066e-05
7.52399e-06
-2.2036e-05
2.84201e-06
-2.171e-05
-1.98126e-06
-2.05336e-05
-6.75438e-06
-1.8546e-05
-1.12863e-05
-1.58201e-05
-1.53932e-05
-1.24602e-05
-1.89066e-05
-8.59822e-06
-2.16803e-05
-4.38832e-06
-2.35975e-05
-4.15512e-10
-2.45771e-05
4.38749e-06
-2.45771e-05
8.5974e-06
-2.35977e-05
1.24594e-05
-2.16805e-05
1.58193e-05
-1.89069e-05
1.85453e-05
-1.53936e-05
2.05329e-05
-1.12867e-05
2.17093e-05
-6.75491e-06
2.20354e-05
-1.98186e-06
2.15061e-05
2.84134e-06
2.01503e-05
7.52326e-06
1.80291e-05
1.18786e-05
1.52332e-05
1.57332e-05
1.188e-05
1.89283e-05
8.11092e-06
2.132e-05
4.08957e-06
2.27757e-05
2.31744e-05
-4.95899e-06
2.81343e-05
-9.83647e-06
2.76541e-05
-1.44106e-05
2.58951e-05
-1.84839e-05
2.30024e-05
-2.1885e-05
1.91352e-05
-2.44711e-05
1.44654e-05
-2.61308e-05
9.18371e-06
-2.67884e-05
3.49957e-06
-2.64065e-05
-2.3631e-06
-2.4989e-05
-8.17191e-06
-2.25815e-05
-1.36938e-05
-1.92711e-05
-1.87036e-05
-1.51839e-05
-2.29938e-05
-1.04806e-05
-2.63836e-05
-5.34994e-06
-2.87282e-05
-4.58315e-10
-2.99266e-05
5.34903e-06
-2.99266e-05
1.04797e-05
-2.87283e-05
1.5183e-05
-2.63838e-05
1.92702e-05
-2.29941e-05
2.25807e-05
-1.87041e-05
2.49882e-05
-1.36943e-05
2.64058e-05
-8.17249e-06
2.67877e-05
-2.36376e-06
2.61302e-05
3.49883e-06
2.44706e-05
9.18291e-06
2.18846e-05
1.44645e-05
1.84835e-05
1.91343e-05
1.44103e-05
2.30015e-05
9.83629e-06
2.58941e-05
4.95891e-06
2.76531e-05
2.81333e-05
-6.01e-06
3.41443e-05
-1.1923e-05
3.35671e-05
-1.7472e-05
3.14441e-05
-2.24189e-05
2.79494e-05
-2.65565e-05
2.32728e-05
-2.97107e-05
1.76196e-05
-3.17451e-05
1.1218e-05
-3.25649e-05
4.31939e-06
-3.21219e-05
-2.80613e-06
-3.04172e-05
-9.87658e-06
-2.75034e-05
-1.66076e-05
-2.34842e-05
-2.27229e-05
-1.85118e-05
-2.79662e-05
-1.2782e-05
-3.21134e-05
-6.52606e-06
-3.49841e-05
-5.05358e-10
-3.64521e-05
6.52505e-06
-3.64522e-05
1.2781e-05
-3.49843e-05
1.85108e-05
-3.21136e-05
2.34832e-05
-2.79665e-05
2.75025e-05
-2.27233e-05
3.04164e-05
-1.66081e-05
3.21211e-05
-9.87722e-06
3.25642e-05
-2.80686e-06
3.17444e-05
4.31858e-06
2.97102e-05
1.12172e-05
2.6556e-05
1.76187e-05
2.24185e-05
2.32718e-05
1.74717e-05
2.79483e-05
1.19228e-05
3.1443e-05
6.0099e-06
3.35659e-05
3.41432e-05
-7.27922e-06
4.14235e-05
-1.44434e-05
4.07313e-05
-2.11721e-05
3.81728e-05
-2.71787e-05
3.39559e-05
-3.22126e-05
2.83067e-05
-3.60622e-05
2.14692e-05
-3.85594e-05
1.37152e-05
-3.95858e-05
5.3458e-06
-3.90782e-05
-3.31371e-06
-3.70333e-05
-1.19215e-05
-3.35104e-05
-2.01305e-05
-2.86321e-05
-2.76011e-05
-2.25821e-05
-3.40162e-05
-1.55989e-05
-3.90966e-05
-7.9663e-06
-4.26168e-05
-5.56955e-10
-4.44179e-05
7.96519e-06
-4.44179e-05
1.55978e-05
-4.26169e-05
2.25811e-05
-3.90969e-05
2.86311e-05
-3.40166e-05
3.35094e-05
-2.76016e-05
3.70324e-05
-2.01311e-05
3.90774e-05
-1.19222e-05
3.9585e-05
-3.31451e-06
3.85587e-05
5.34491e-06
3.60616e-05
1.37142e-05
3.22121e-05
2.14681e-05
2.71783e-05
2.83056e-05
2.11718e-05
3.39548e-05
1.44432e-05
3.81715e-05
7.27911e-06
4.073e-05
4.14223e-05
-8.80992e-06
5.02335e-05
-1.74843e-05
4.94056e-05
-2.56391e-05
4.63276e-05
-3.29303e-05
4.12471e-05
-3.90553e-05
3.44318e-05
-4.37566e-05
2.61705e-05
-4.68272e-05
1.67858e-05
-4.81183e-05
6.63692e-06
-4.75467e-05
-3.88536e-06
-4.51011e-05
-1.43671e-05
-4.0847e-05
-2.43846e-05
-3.49287e-05
-3.35195e-05
-2.75667e-05
-4.13782e-05
-1.90517e-05
-4.76116e-05
-9.73265e-06
-5.19358e-05
-6.1343e-10
-5.41499e-05
9.73142e-06
-5.415e-05
1.90505e-05
-5.1936e-05
2.75655e-05
-4.76119e-05
3.49275e-05
-4.13786e-05
4.0846e-05
-3.35201e-05
4.51e-05
-2.43852e-05
4.75457e-05
-1.43679e-05
4.81174e-05
-3.88624e-06
4.68264e-05
6.63594e-06
4.37559e-05
1.67847e-05
3.90547e-05
2.61693e-05
3.29298e-05
3.44306e-05
2.56387e-05
4.12458e-05
1.7484e-05
4.63263e-05
8.8098e-06
4.94042e-05
5.02321e-05
-1.06531e-05
6.08865e-05
-2.11473e-05
5.98999e-05
-3.10243e-05
5.62046e-05
-3.98717e-05
5.00944e-05
-4.7325e-05
4.18851e-05
-5.30708e-05
3.19163e-05
-5.68539e-05
2.05689e-05
-5.84865e-05
8.2695e-06
-5.78581e-05
-4.5138e-06
-5.49447e-05
-1.72806e-05
-4.9816e-05
-2.95133e-05
-4.26396e-05
-4.06959e-05
-3.36799e-05
-5.03379e-05
-2.3291e-05
-5.80005e-05
-1.19029e-05
-6.33239e-05
-6.75124e-10
-6.60521e-05
1.19016e-05
-6.60522e-05
2.32897e-05
-6.33241e-05
3.36786e-05
-5.80008e-05
4.26384e-05
-5.03384e-05
4.98148e-05
-4.06965e-05
5.49435e-05
-2.9514e-05
5.7857e-05
-1.72814e-05
5.84855e-05
-4.51476e-06
5.6853e-05
8.26843e-06
5.30701e-05
2.05677e-05
4.73244e-05
3.1915e-05
3.98712e-05
4.18838e-05
3.10239e-05
5.0093e-05
2.11471e-05
5.62031e-05
1.06529e-05
5.98983e-05
6.0885e-05
-1.28683e-05
7.37548e-05
-2.5552e-05
7.25836e-05
-3.75057e-05
6.81582e-05
-4.82368e-05
6.08255e-05
-5.73071e-05
5.09554e-05
-6.43356e-05
3.89447e-05
-6.90069e-05
2.52402e-05
-7.10831e-05
1.03457e-05
-7.04166e-05
-5.18034e-06
-6.69629e-05
-2.07343e-05
-6.07922e-05
-3.56839e-05
-5.20965e-05
-4.93916e-05
-4.1191e-05
-6.12435e-05
-2.85069e-05
-7.06846e-05
-1.45754e-05
-7.72554e-05
-7.4233e-10
-8.06268e-05
1.45739e-05
-8.06269e-05
2.85054e-05
-7.72557e-05
4.11895e-05
-7.06849e-05
5.20951e-05
-6.1244e-05
6.07909e-05
-4.93922e-05
6.69616e-05
-3.56847e-05
7.04154e-05
-2.07352e-05
7.1082e-05
-5.1814e-06
6.90059e-05
1.03445e-05
6.43347e-05
2.52389e-05
5.73064e-05
3.89433e-05
4.82362e-05
5.09539e-05
3.75053e-05
6.0824e-05
2.55517e-05
6.81566e-05
1.28681e-05
7.2582e-05
7.37531e-05
-1.55246e-05
8.92793e-05
-3.08371e-05
8.78961e-05
-4.52907e-05
8.26119e-05
-5.82997e-05
7.38345e-05
-6.93384e-05
6.19941e-05
-7.7944e-05
4.75503e-05
-8.37265e-05
3.10227e-05
-8.63832e-05
1.30024e-05
-8.57156e-05
-5.84795e-06
-8.16475e-05
-2.48024e-05
-7.42421e-05
-4.30893e-05
-6.37151e-05
-5.99186e-05
-5.04396e-05
-7.4519e-05
-3.49404e-05
-8.61837e-05
-1.78753e-05
-9.43205e-05
-8.15317e-10
-9.85013e-05
1.78737e-05
-9.85013e-05
3.49388e-05
-9.43208e-05
5.0438e-05
-8.61841e-05
6.37136e-05
-7.45196e-05
7.42407e-05
-5.99193e-05
8.16461e-05
-4.30901e-05
8.57143e-05
-2.48035e-05
8.6382e-05
-5.84912e-06
8.37254e-05
1.30011e-05
7.7943e-05
3.10213e-05
6.93376e-05
4.75488e-05
5.82991e-05
6.19924e-05
4.52902e-05
7.38328e-05
3.08367e-05
8.26101e-05
1.55244e-05
8.78943e-05
8.92775e-05
-1.87015e-05
0.000107981
-3.71621e-05
0.000106357
-5.46194e-05
0.000100069
-7.03793e-05
8.95944e-05
-8.38136e-05
7.54283e-05
-9.43611e-05
5.80978e-05
-0.000101539
3.82006e-05
-0.000104961
1.64242e-05
-0.000104358
-6.45061e-06
-9.96059e-05
-2.95548e-05
-9.07482e-05
-5.19469e-05
-7.80198e-05
-7.26471e-05
-6.18577e-05
-9.06811e-05
-4.28999e-05
-0.000105141
-2.19634e-05
-0.000115257
-8.94067e-10
-0.000120464
2.19616e-05
-0.000120464
4.28982e-05
-0.000115257
6.1856e-05
-0.000105142
7.80181e-05
-9.06817e-05
9.07466e-05
-7.26478e-05
9.96043e-05
-5.19479e-05
0.000104357
-2.95559e-05
0.00010496
-6.45189e-06
0.000101538
1.64228e-05
9.436e-05
3.81991e-05
8.38127e-05
5.80961e-05
7.03786e-05
7.54265e-05
5.46188e-05
8.95925e-05
3.71618e-05
0.000100067
1.87013e-05
0.000106355
0.000107979
-2.2489e-05
0.00013047
-4.47088e-05
0.000128576
-6.57658e-05
0.000121126
-8.48426e-05
0.000108671
-0.000101191
9.17771e-05
-0.000114133
7.10397e-05
-0.000123071
4.71378e-05
-0.000127508
2.08614e-05
-0.000127081
-6.87742e-06
-0.00012159
-3.50455e-05
-0.000111041
-6.24961e-05
-9.56758e-05
-8.80123e-05
-7.59993e-05
-0.000110358
-5.27841e-05
-0.000128357
-2.70486e-05
-0.000140993
-9.78375e-10
-0.000147511
2.70466e-05
-0.000147511
5.27822e-05
-0.000140993
7.59974e-05
-0.000128357
9.5674e-05
-0.000110358
0.000111039
-8.80132e-05
0.000121589
-6.24972e-05
0.000127079
-3.50467e-05
0.000127506
-6.87882e-06
0.000123069
2.08598e-05
0.000114132
4.71361e-05
0.00010119
7.10378e-05
8.48418e-05
9.17751e-05
6.57652e-05
0.000108669
4.47084e-05
0.000121124
2.24888e-05
0.000128574
0.000130468
-2.69875e-05
0.000157457
-5.36804e-05
0.000155269
-7.9039e-05
0.000146485
-0.000102107
0.000131739
-0.000121999
0.000111669
-0.000137897
8.69374e-05
-0.000149061
5.83013e-05
-0.000154854
2.66549e-05
-0.000154783
-6.94898e-06
-0.000148534
-4.12944e-05
-0.000136041
-7.49885e-05
-0.000117534
-0.00010652
-9.35814e-05
-0.00013431
-6.5114e-05
-0.000156824
-3.34055e-05
-0.000172701
-1.06749e-09
-0.000180916
3.34034e-05
-0.000180916
6.51119e-05
-0.000172701
9.35793e-05
-0.000156824
0.000117532
-0.000134311
0.000136039
-0.00010652
0.000148532
-7.49896e-05
0.000154781
-4.12957e-05
0.000154852
-6.95051e-06
0.000149059
2.66531e-05
0.000137896
5.82994e-05
0.000121998
8.69354e-05
0.000102106
0.000111667
7.90383e-05
0.000131737
5.36799e-05
0.000146482
2.69873e-05
0.000155267
0.000157455
-3.23071e-05
0.000189764
-6.43003e-05
0.000187262
-9.47811e-05
0.000176966
-0.00012264
0.000159598
-0.000146836
0.000135865
-0.000166386
0.000106488
-0.000180377
7.22923e-05
-0.000187992
3.42702e-05
-0.000188559
-6.38241e-06
-0.000181596
-4.82572e-05
-0.000166915
-8.96691e-05
-0.000144692
-0.000128743
-0.000115543
-0.000163459
-8.05798e-05
-0.000191787
-4.14007e-05
-0.00021188
-1.1602e-09
-0.000222315
4.13984e-05
-0.000222315
8.05774e-05
-0.00021188
0.00011554
-0.000191787
0.000144689
-0.00016346
0.000166913
-0.000128744
0.000181594
-8.96703e-05
0.000188557
-4.82587e-05
0.00018799
-6.3841e-06
0.000180375
3.42683e-05
0.000166384
7.22902e-05
0.000146834
0.000106485
0.000122639
0.000135863
9.47803e-05
0.000159596
6.42997e-05
0.000176963
3.23068e-05
0.00018726
0.000189762
-3.85645e-05
0.000228329
-7.68075e-05
0.000225505
-0.000113361
0.00021352
-0.000146952
0.000193189
-0.000176366
0.000165279
-0.000200432
0.000130553
-0.000218025
8.98856e-05
-0.000228098
4.43436e-05
-0.000229741
-4.73971e-06
-0.00022222
-5.57784e-05
-0.000205148
-0.000106741
-0.000178575
-0.000155316
-0.000143127
-0.000198907
-0.00010011
-0.000234804
-5.15318e-05
-0.000260458
-1.2553e-09
-0.000273846
5.15293e-05
-0.000273846
0.000100107
-0.000260458
0.000143125
-0.000234805
0.000178573
-0.000198908
0.000205146
-0.000155317
0.000222218
-0.000106742
0.000229739
-5.578e-05
0.000228096
-4.74156e-06
0.000218023
4.43415e-05
0.00020043
8.98833e-05
0.000176365
0.000130551
0.000146951
0.000165276
0.000113361
0.000193186
7.68069e-05
0.000213517
3.85642e-05
0.000225502
0.000228326
-4.58803e-05
0.000274209
-9.14492e-05
0.000271074
-0.000135167
0.000257237
-0.000175588
0.00023361
-0.000211314
0.000201005
-0.000240961
0.0001602
-0.000263154
0.000112079
-0.000276553
5.77426e-05
-0.000279941
-1.35171e-06
-0.000272201
-6.3518e-05
-0.000252641
-0.000126302
-0.00022106
-0.000186896
-0.000178008
-0.00024196
-0.000124975
-0.000287838
-6.44881e-05
-0.000320945
-1.34981e-09
-0.000338333
6.44854e-05
-0.000338333
0.000124972
-0.000320945
0.000178006
-0.000287838
0.000221058
-0.00024196
0.000252638
-0.000186897
0.000272199
-0.000126303
0.000279938
-6.35197e-05
0.000276551
-1.35376e-06
0.000263152
5.77403e-05
0.000240959
0.000112076
0.000211312
0.000160197
0.000175586
0.000201002
0.000135166
0.000233607
9.14486e-05
0.000257234
4.588e-05
0.000271071
0.000274206
-5.43718e-05
0.000328581
-0.000108469
0.000325171
-0.000160584
0.000309352
-0.000209103
0.000282129
-0.000252438
0.00024434
-0.000288975
0.000196737
-0.000317052
0.000140156
-0.000334965
7.56553e-05
-0.000341079
4.76222e-06
-0.000333766
-7.08306e-05
-0.000311834
-0.000148234
-0.000274635
-0.000224096
-0.000222469
-0.000294125
-0.000156949
-0.000353358
-8.12453e-05
-0.000396649
-1.43945e-09
-0.000419577
8.12424e-05
-0.000419577
0.000156946
-0.000396649
0.000222466
-0.000353358
0.000274632
-0.000294126
0.000311831
-0.000224097
0.000333763
-0.000148235
0.000341076
-7.08326e-05
0.000334962
4.76003e-06
0.00031705
7.56527e-05
0.000288973
0.000140153
0.000252436
0.000196734
0.000209101
0.000244337
0.000160583
0.000282125
0.000108468
0.000309348
5.43714e-05
0.000325168
0.000328577
-6.41449e-05
0.000392726
-0.000128088
0.000389115
-0.000189973
0.000371236
-0.000248032
0.000340188
-0.000300498
0.000296806
-0.000345519
0.000241758
-0.000381115
0.000175752
-0.000405169
9.9709e-05
-0.000415414
1.50076e-05
-0.000409667
-7.65783e-05
-0.000385874
-0.000172026
-0.000342631
-0.000267339
-0.000279677
-0.00035708
-0.000198562
-0.000434472
-0.000103219
-0.000491992
-1.50864e-09
-0.000522794
0.000103216
-0.000522794
0.000198559
-0.000491992
0.000279673
-0.000434473
0.000342628
-0.000357081
0.000385871
-0.00026734
0.000409663
-0.000172028
0.000415411
-7.65804e-05
0.000405166
1.50051e-05
0.000381113
9.97061e-05
0.000345516
0.000175749
0.000300496
0.000241755
0.000248031
0.000296802
0.000189972
0.000340184
0.000128087
0.000371232
6.41446e-05
0.000389111
0.000392722
-7.52829e-05
0.000468009
-0.000150485
0.000464317
-0.000223633
0.000444384
-0.000292841
0.000409396
-0.000356186
0.000360151
-0.000411598
0.00029717
-0.000456768
0.000220922
-0.000489091
0.000132032
-0.000505635
3.1551e-05
-0.000503273
-7.894e-05
-0.000478807
-0.000196492
-0.000429548
-0.000316598
-0.000354093
-0.000432534
-0.000253501
-0.000535064
-0.000132515
-0.000612978
-1.54238e-09
-0.000655307
0.000132512
-0.000655307
0.000253498
-0.000612978
0.000354089
-0.000535064
0.000429544
-0.000432535
0.000478803
-0.000316599
0.000503269
-0.000196494
0.000505631
-7.89423e-05
0.000489088
3.15482e-05
0.000456766
0.000132029
0.000411596
0.000220919
0.000356184
0.000297167
0.000292839
0.000360147
0.000223632
0.000409392
0.000150484
0.00044438
7.52825e-05
0.000464312
0.000468004
-8.78319e-05
0.000555841
-0.000175762
0.000552247
-0.000261755
0.000530376
-0.000343858
0.000491499
-0.000420052
0.000436346
-0.000488096
0.000365214
-0.00054538
0.000278207
-0.000588799
0.000175451
-0.000614639
5.73904e-05
-0.000618584
-7.49943e-05
-0.000595773
-0.000219304
-0.000541458
-0.000370913
-0.000452076
-0.000521915
-0.000327247
-0.000659893
-0.000172343
-0.000767883
-1.43925e-09
-0.000827649
0.00017234
-0.000827649
0.000327244
-0.000767882
0.000452072
-0.000659892
0.000541453
-0.000521916
0.000595769
-0.000370915
0.00061858
-0.000219306
0.000614635
-7.49969e-05
0.000588796
5.73872e-05
0.000545377
0.000175447
0.000488093
0.000278203
0.00042005
0.00036521
0.000343856
0.000436342
0.000261753
0.000491494
0.000175762
0.000530371
8.78315e-05
0.000552242
0.000555836
-0.000101785
0.000657626
-0.000203915
0.000654378
-0.000304363
0.000630824
-0.000401192
0.000588328
-0.000492376
0.00052753
-0.000575598
0.000448436
-0.000648045
0.000350653
-0.000706169
0.000233575
-0.000745434
9.66559e-05
-0.00076014
-6.02882e-05
-0.000743125
-0.000236319
-0.000686467
-0.000427571
-0.000582698
-0.000625684
-0.000428038
-0.000814552
-0.000227663
-0.000968257
-1.11013e-09
-0.00105531
0.000227661
-0.00105531
0.000428034
-0.000968256
0.000582693
-0.000814551
0.000686462
-0.000625684
0.00074312
-0.000427572
0.000760135
-0.000236321
0.00074543
-6.02913e-05
0.000706165
9.66523e-05
0.000648041
0.00023357
0.000575596
0.000350648
0.000492374
0.000448431
0.00040119
0.000527525
0.000304361
0.000588323
0.000203914
0.000630818
0.000101784
0.000654372
0.00065762
-0.000117066
0.000774691
-0.000234793
0.000772105
-0.000351254
0.000747284
-0.00046463
0.000701704
-0.000573013
0.000635914
-0.00067417
0.000549593
-0.000765263
0.000441747
-0.000842494
0.000310805
-0.000900619
0.000154782
-0.000932582
-2.83255e-05
-0.00092819
-0.000240711
-0.000874935
-0.000480826
-0.000758592
-0.000742027
-0.00056812
-0.00100502
-0.000306053
-0.00123032
-2.8365e-10
-0.00136136
0.000306052
-0.00136136
0.000568117
-0.00123032
0.000758587
-0.00100502
0.000874929
-0.000742026
0.000928184
-0.000480827
0.000932576
-0.000240714
0.000900614
-2.83292e-05
0.000842489
0.000154777
0.00076526
0.0003108
0.000674167
0.000441742
0.000573011
0.000549587
0.000464628
0.000635908
0.000351252
0.000701699
0.000234793
0.000747278
0.000117065
0.0007721
0.000774686
-0.000133514
0.000908206
-0.00026807
0.000906661
-0.000401934
0.000881148
-0.000533526
0.000833296
-0.000661209
0.000763597
-0.000783044
0.000671428
-0.000896463
0.000555165
-0.000997784
0.000412126
-0.00108139
0.000238392
-0.0011394
2.96808e-05
-0.00115798
-0.000222136
-0.00111861
-0.000520189
-0.000995952
-0.000864687
-0.000764385
-0.00123659
-0.000417979
-0.00157673
1.48836e-09
-0.00177934
0.00041798
-0.00177934
0.000764383
-0.00157672
0.000995947
-0.00123659
0.00111861
-0.000864685
0.00115797
-0.000520191
0.0011394
-0.00022214
0.00108139
2.96765e-05
0.000997779
0.000238387
0.000896459
0.00041212
0.000783041
0.000555159
0.000661207
0.000671422
0.000533524
0.000763591
0.000401932
0.00083329
0.000268069
0.000881142
0.000133514
0.000906655
0.000908199
-0.00015088
0.00105909
-0.000303219
0.001059
-0.000455573
0.0010335
-0.000606705
0.000984428
-0.000755403
0.000912295
-0.000900257
0.000816281
-0.00103933
0.000694239
-0.00116962
0.000542414
-0.00128611
0.000354881
-0.00137951
0.000123079
-0.0014351
-0.000166548
-0.00142579
-0.000529493
-0.00130932
-0.00098116
-0.00103223
-0.00151368
-0.000571621
-0.00203734
4.4802e-09
-0.00235097
0.000571628
-0.00235097
0.00103223
-0.00203732
0.00130931
-0.00151367
0.00142578
-0.000981155
0.00143509
-0.000529494
0.0013795
-0.000166553
0.0012861
0.000123074
0.00116961
0.000354875
0.00103933
0.000542408
0.000900253
0.000694233
0.000755401
0.000816275
0.000606703
0.000912288
0.000455572
0.000984421
0.000303218
0.0010335
0.000150879
0.00105899
0.00105908
-0.000168824
0.00122791
-0.000339521
0.0012297
-0.000510996
0.00120498
-0.000682409
0.00115584
-0.000853056
0.00108294
-0.0010222
0.000985427
-0.00118881
0.000860843
-0.00135099
0.000704604
-0.00150495
0.000508835
-0.0016423
0.000260429
-0.00174642
-6.24225e-05
-0.00178173
-0.000494189
-0.0016817
-0.00108119
-0.00134591
-0.00184947
-0.000742524
-0.00264073
8.09059e-09
-0.0030935
0.000742538
-0.0030935
0.00134592
-0.00264071
0.0016817
-0.00184945
0.00178172
-0.00108118
0.00174642
-0.000494188
0.00164229
-6.24269e-05
0.00150494
0.000260423
0.00135099
0.000508828
0.0011888
0.000704596
0.0010222
0.000860836
0.000853054
0.00098542
0.000682407
0.00108294
0.000510994
0.00115583
0.00033952
0.00120497
0.000168823
0.00122969
0.0012279
-0.000186938
0.00141485
-0.000376098
0.00141886
-0.000566726
0.00139561
-0.000758333
0.00134745
-0.00095063
0.00127524
-0.00114342
0.00117822
-0.00133638
0.0010538
-0.00152854
0.000896757
-0.00171687
0.000697167
-0.00189293
0.000436488
-0.00203548
8.01326e-05
-0.0020944
-0.000435274
-0.00197034
-0.00120525
-0.0015325
-0.00228731
-0.000796406
-0.00337682
8.43166e-09
-0.00388992
0.000796424
-0.00388991
0.00153251
-0.00337679
0.00197034
-0.00228728
0.00209439
-0.00120523
0.00203548
-0.00043527
0.00189292
8.0129e-05
0.00171686
0.000436481
0.00152853
0.000697159
0.00133638
0.000896749
0.00114342
0.0010538
0.000950628
0.00117821
0.000758331
0.00127523
0.000566725
0.00134744
0.000376097
0.0013956
0.000186937
0.00141885
0.00141484
-0.000204776
0.00161962
-0.000411987
0.00162607
-0.000621121
0.00160474
-0.000831825
0.00155815
-0.00104384
0.00148726
-0.00125686
0.00139124
-0.0014702
0.00126715
-0.00168186
0.00110842
-0.00188629
0.000901597
-0.00206987
0.000620065
-0.00219937
0.000209628
-0.00219934
-0.000435303
-0.0019166
-0.00148798
-0.00123721
-0.0029667
-0.000529492
-0.00408454
3.53831e-09
-0.00441941
0.000529502
-0.00441941
0.00123723
-0.00408452
0.00191661
-0.00296667
0.00219933
-0.00148795
0.00219936
-0.000435297
0.00206986
0.000209625
0.00188629
0.000620057
0.00168186
0.000901587
0.0014702
0.00110841
0.00125686
0.00126714
0.00104384
0.00139123
0.000831823
0.00148725
0.00062112
0.00155814
0.000411986
0.00160473
0.000204776
0.00162606
0.00161962
-0.000221896
0.00184152
-0.000446236
0.00185041
-0.000672558
0.00183106
-0.000900243
0.00178584
-0.00112832
0.00171533
-0.00135507
0.00161798
-0.00157698
0.00148906
-0.00178693
0.00131838
-0.00197202
0.00108668
-0.0021087
0.000756744
-0.00214894
0.000249877
-0.00199392
-0.000590326
-0.00144575
-0.00203616
-0.000707045
-0.0037054
-0.000275366
-0.00451622
-4.0535e-11
-0.00469478
0.000275367
-0.00469478
0.000707055
-0.0045162
0.00144576
-0.00370537
0.00199392
-0.00203611
0.00214894
-0.000590314
0.00210869
0.000249874
0.00197201
0.000756735
0.00178693
0.00108667
0.00157697
0.00131836
0.00135507
0.00148905
0.00112832
0.00161797
0.000900242
0.00171533
0.000672557
0.00178583
0.000446235
0.00183105
0.000221896
0.0018504
0.00184151
-0.000237876
0.0020794
-0.00047797
0.0020905
-0.000719606
0.0020727
-0.000961348
0.00202758
-0.00120043
0.00195442
-0.0014316
0.00184915
-0.00164485
0.00170231
-0.00182386
0.00149738
-0.00194486
0.00120768
-0.00197149
0.000783375
-0.00183738
0.000115771
-0.00145575
-0.000971958
-0.000755526
-0.00273638
-0.000281377
-0.00417955
-9.40259e-05
-0.00470357
-1.90278e-09
-0.0047888
9.40226e-05
-0.0047888
0.000281379
-0.00470356
0.000755537
-0.00417953
0.00145575
-0.00273633
0.00183738
-0.000971938
0.00197148
0.000115771
0.00194485
0.000783366
0.00182385
0.00120767
0.00164485
0.00149737
0.0014316
0.0017023
0.00120043
0.00184914
0.000961347
0.00195441
0.000719606
0.00202757
0.00047797
0.00207269
0.000237876
0.00209049
0.00207939
-0.000252285
0.00233168
-0.000506343
0.00234456
-0.000761003
0.00232736
-0.00101337
0.00227995
-0.00125757
0.00219861
-0.00148217
0.00207376
-0.00166818
0.00188832
-0.00178826
0.00161746
-0.00180613
0.00122554
-0.00167117
0.000648414
-0.00131672
-0.000238677
-0.000707633
-0.00158104
-0.000102861
-0.00334115
8.15573e-05
-0.00436397
5.37229e-05
-0.00467573
-3.48321e-09
-0.00473508
-5.373e-05
-0.00473508
-8.15621e-05
-0.00467573
0.000102864
-0.00436395
0.000707649
-0.00334111
0.00131673
-0.00158101
0.00167117
-0.000238671
0.00180612
0.000648409
0.00178826
0.00122553
0.00166818
0.00161745
0.00148217
0.00188831
0.00125756
0.00207375
0.00101337
0.0021986
0.000761003
0.00227994
0.000506343
0.00232735
0.000252285
0.00234455
0.00233167
-0.000264563
0.00259624
-0.000530277
0.00261027
-0.000795226
0.00259231
-0.0010544
0.00253913
-0.00129732
0.00244153
-0.00150507
0.00228151
-0.00164952
0.00203276
-0.00169209
0.00166003
-0.00158191
0.00111537
-0.00126415
0.000330649
-0.000717372
-0.000785455
2.8023e-05
-0.00232644
0.000387189
-0.00370032
0.000344504
-0.00432129
0.00017802
-0.00450925
-4.62207e-09
-0.00455705
-0.000178029
-0.00455705
-0.000344513
-0.00450925
-0.000387192
-0.00432128
-2.80145e-05
-0.00370029
0.000717381
-0.00232641
0.00126415
-0.000785444
0.00158191
0.000330648
0.00169209
0.00111536
0.00164951
0.00166002
0.00150507
0.00203275
0.00129732
0.0022815
0.0010544
0.00244152
0.000795226
0.00253912
0.000530278
0.0025923
0.000264563
0.00261026
0.00259624
-0.00027379
0.00287003
-0.000547938
0.00288442
-0.000819511
0.00286388
-0.0010807
0.00280031
-0.00131546
0.00267629
-0.00149801
0.00246406
-0.00159115
0.00212591
-0.00154154
0.00161041
-0.00127981
0.000853646
-0.000764584
-0.00018458
-2.81303e-05
-0.00152191
0.000599899
-0.00295447
0.000690668
-0.00379108
0.000523031
-0.00415365
0.000276636
-0.00426285
-5.02493e-09
-0.00428041
-0.000276646
-0.00428041
-0.000523041
-0.00426285
-0.000690675
-0.00415364
-0.000599898
-0.00379107
2.81404e-05
-0.00295445
0.00076459
-0.00152189
0.00127982
-0.000184578
0.00154154
0.000853641
0.00159115
0.0016104
0.00149801
0.0021259
0.00131546
0.00246405
0.0010807
0.00267628
0.000819512
0.0028003
0.000547938
0.00286387
0.00027379
0.00288441
0.00287003
-0.000278418
0.00314845
-0.000556087
0.00316209
-0.000828524
0.00313632
-0.00108421
0.00305599
-0.00130179
0.00289388
-0.00144849
0.00261076
-0.00147471
0.00215212
-0.00130406
0.00143976
-0.000845978
0.000395566
-0.000102876
-0.000927683
0.000670287
-0.00229507
0.000924778
-0.00320896
0.000843027
-0.00370933
0.000609352
-0.00391998
0.000315092
-0.00396859
-4.54931e-09
-0.00396531
-0.000315101
-0.00396531
-0.000609361
-0.00396859
-0.000843034
-0.00391997
-0.000924779
-0.00370932
-0.000670282
-0.00320895
0.000102882
-0.00229506
0.000845981
-0.000927676
0.00130406
0.000395563
0.00147471
0.00143975
0.00144849
0.00215211
0.00130179
0.00261075
0.00108421
0.00289387
0.000828525
0.00305598
0.000556087
0.00313631
0.000278418
0.00316208
0.00314844
-0.000276062
0.00342451
-0.000549397
0.00343542
-0.000812992
0.00339991
-0.00105088
0.00329389
-0.00123581
0.00307881
-0.00132307
0.00269802
-0.00124103
0.00207008
-0.00090052
0.00109925
-0.000171326
-0.000333628
0.000677025
-0.00177603
0.0010738
-0.00269185
0.00110102
-0.00323618
0.000915367
-0.00352368
0.000631013
-0.00363562
0.000314889
-0.00365247
-3.69035e-09
-0.00365042
-0.000314896
-0.00365042
-0.00063102
-0.00365247
-0.000915373
-0.00363562
-0.00110103
-0.00352367
-0.0010738
-0.00323617
-0.00067702
-0.00269184
0.000171329
-0.00177603
0.000900519
-0.000333627
0.00124103
0.00109924
0.00132307
0.00207007
0.00123581
0.00269801
0.00105089
0.00307879
0.000812993
0.00329388
0.000549398
0.0033999
0.000276063
0.00343542
0.00342451
-0.000263159
0.00368767
-0.000520182
0.00369245
-0.00076038
0.00364011
-0.000962577
0.00349608
-0.00108913
0.00320536
-0.00107331
0.0026822
-0.000809354
0.00180612
-0.000185308
0.000475207
0.000702685
-0.00122162
0.00118184
-0.00225518
0.0012973
-0.00280731
0.00117844
-0.00311733
0.000926961
-0.0032722
0.000616725
-0.00332539
0.000304369
-0.00334011
-2.83414e-09
-0.00334605
-0.000304375
-0.00334605
-0.000616731
-0.00334011
-0.000926966
-0.00332538
-0.00117844
-0.00327219
-0.0012973
-0.00311732
-0.00118183
-0.0028073
-0.000702684
-0.00225518
0.000185308
-0.00122162
0.000809352
0.0004752
0.00107331
0.00180611
0.00108913
0.00268219
0.000962579
0.00320535
0.000760382
0.00349607
0.000520184
0.0036401
0.00026316
0.00369244
0.00368767
-0.000235157
0.00392283
-0.000459504
0.00391679
-0.000658501
0.00383911
-0.000804475
0.00364206
-0.000845164
0.00324605
-0.000685868
0.00252291
-0.00021236
0.00133262
0.000702989
-0.000440142
0.00128256
-0.00180119
0.00144631
-0.00241894
0.00138201
-0.00274301
0.0011775
-0.00291282
0.00089268
-0.00298738
0.000589479
-0.00302218
0.000292443
-0.00304308
-2.06199e-09
-0.0030536
-0.000292447
-0.0030536
-0.000589482
-0.00304307
-0.000892683
-0.00302218
-0.0011775
-0.00298737
-0.00138201
-0.00291281
-0.00144631
-0.002743
-0.00128256
-0.00241893
-0.00070299
-0.00180118
0.000212358
-0.000440147
0.000685868
0.0013326
0.000845167
0.00252289
0.000804479
0.00324603
0.000658504
0.00364205
0.000459507
0.0038391
0.000235159
0.00391679
0.00392283
-0.000186715
0.00410954
-0.000357682
0.00408776
-0.000494312
0.00397574
-0.000557516
0.00370526
-0.000476047
0.00316458
-0.000138022
0.00218488
0.000651216
0.000543377
0.0013745
-0.00116343
0.00157799
-0.00200467
0.00154863
-0.00238958
0.00138242
-0.00257679
0.00112977
-0.00266017
0.000846543
-0.00270415
0.000562132
-0.00273777
0.00028048
-0.00276142
-1.36433e-09
-0.00277312
-0.000280482
-0.00277312
-0.000562134
-0.00276142
-0.000846545
-0.00273777
-0.00112977
-0.00270415
-0.00138242
-0.00266016
-0.00154863
-0.00257679
-0.00157799
-0.00238958
-0.0013745
-0.00200467
-0.00065122
-0.00116343
0.000138023
0.000543355
0.000476051
0.00218486
0.000557522
0.00316456
0.000494318
0.00370525
0.000357686
0.00397573
0.000186717
0.00408776
0.00410954
-0.000111338
0.00422088
-0.000204564
0.00418099
-0.000250834
0.00402201
-0.000197552
0.00365198
4.69496e-05
0.00292008
0.000602701
0.00162913
0.00143012
-0.000284039
0.00174523
-0.00147855
0.00173663
-0.00199607
0.0015847
-0.00223765
0.00134823
-0.00234032
0.00107896
-0.00239089
0.000807485
-0.00243268
0.000537701
-0.00246799
0.000268649
-0.00249237
-7.33598e-10
-0.00250447
-0.00026865
-0.00250447
-0.000537702
-0.00249237
-0.000807486
-0.00246799
-0.00107896
-0.00243268
-0.00134823
-0.00239089
-0.0015847
-0.00234032
-0.00173663
-0.00223764
-0.00174523
-0.00199606
-0.00143012
-0.00147855
-0.000602706
-0.000284058
-4.69446e-05
0.0016291
0.000197558
0.00292006
0.00025084
0.00365197
0.000204568
0.004022
0.00011134
0.00418098
0.00422088
-1.06766e-05
0.00423156
3.18742e-06
0.00416712
8.00686e-05
0.00394513
0.000277405
0.00345464
0.000667723
0.00252976
0.00145063
0.00084622
0.00192932
-0.000762723
0.00195269
-0.00150192
0.00180559
-0.00184897
0.00156909
-0.00200115
0.00130032
-0.00207155
0.00103359
-0.00212416
0.000772426
-0.00217152
0.000513833
-0.0022094
0.000256545
-0.00223509
-1.75342e-10
-0.00224793
-0.000256545
-0.00224793
-0.000513833
-0.00223508
-0.000772426
-0.00220939
-0.00103358
-0.00217152
-0.00130031
-0.00212416
-0.00156909
-0.00207154
-0.00180559
-0.00200115
-0.00195269
-0.00184896
-0.00192932
-0.00150192
-0.00145064
-0.000762735
-0.000667723
0.000846181
-0.000277401
0.00252974
-8.00633e-05
0.00345463
-3.18277e-06
0.00394512
1.06788e-05
0.00416712
0.00423156
0.00011664
0.00411492
0.000265962
0.0040178
0.000484552
0.00372654
0.000831966
0.00310723
0.00135751
0.00200422
0.00201444
0.000189287
0.00213154
-0.000879828
0.00201126
-0.00138164
0.00178041
-0.00161811
0.00150961
-0.00173036
0.00124205
-0.00180399
0.000985364
-0.00186747
0.000735107
-0.00192126
0.000488347
-0.00196264
0.000243663
-0.0019904
3.01517e-10
-0.00200427
-0.000243662
-0.00200427
-0.000488346
-0.0019904
-0.000735106
-0.00196263
-0.000985362
-0.00192126
-0.00124205
-0.00186747
-0.00150961
-0.00180399
-0.0017804
-0.00173035
-0.00201126
-0.00161811
-0.00213154
-0.00138164
-0.00201444
-0.000879835
-0.00135751
0.000189255
-0.000831966
0.00200419
-0.000484548
0.00310721
-0.000265959
0.00372653
-0.000116639
0.0040178
0.00411492
0.000262145
0.00385277
0.000557187
0.00372276
0.000912654
0.00337107
0.00134957
0.00267032
0.00199181
0.00136197
0.00227615
-9.50534e-05
0.0021959
-0.000799577
0.00197575
-0.00116148
0.00170305
-0.00134541
0.0014312
-0.00145851
0.00117529
-0.00154808
0.000931125
-0.00162331
0.000693797
-0.00168394
0.000460546
-0.00172938
0.000229705
-0.00175956
6.92447e-10
-0.00177456
-0.000229703
-0.00177456
-0.000460544
-0.00175956
-0.000693794
-0.00172938
-0.000931122
-0.00168393
-0.00117529
-0.00162331
-0.0014312
-0.00154808
-0.00170304
-0.00145851
-0.00197574
-0.00134541
-0.0021959
-0.00116148
-0.00227615
-0.000799583
-0.00199182
-9.50733e-05
-0.00134957
0.00136194
-0.000912652
0.0026703
-0.000557185
0.00337107
-0.000262144
0.00372276
0.00385278
0.000407257
0.00344552
0.000846507
0.00328351
0.00132303
0.00289454
0.00185985
0.0021335
0.00234104
0.000880788
0.0023277
-8.17109e-05
0.00213398
-0.000605857
0.0018667
-0.000894205
0.00159244
-0.00107115
0.0013368
-0.00120287
0.00109803
-0.00130931
0.000869833
-0.00139511
0.000648017
-0.00146212
0.000430119
-0.00151149
0.000214524
-0.00154397
9.96439e-10
-0.00156004
-0.000214522
-0.00156004
-0.000430116
-0.00154397
-0.000648014
-0.00151149
-0.00086983
-0.00146212
-0.00109803
-0.00139511
-0.00133679
-0.00130931
-0.00159243
-0.00120287
-0.00186669
-0.00107115
-0.00213397
-0.000894205
-0.00232769
-0.000605861
-0.00234104
-8.17245e-05
-0.00185986
0.000880759
-0.00132303
0.00213347
-0.000846507
0.00289454
-0.000407257
0.00328351
0.00344552
0.000517604
0.00292791
0.00105755
0.00274356
0.0016023
0.00234979
0.00210718
0.00162862
0.00229751
0.000690455
0.00218398
3.18266e-05
0.00195491
-0.000376795
0.00169823
-0.000637517
0.00145374
-0.000826663
0.00122606
-0.000975192
0.00101017
-0.00109342
0.000801719
-0.00118666
0.000597991
-0.00125839
0.000397226
-0.00131072
0.000198208
-0.00134495
1.21759e-09
-0.00136183
-0.000198206
-0.00136183
-0.000397223
-0.00134495
-0.000597987
-0.00131072
-0.000801715
-0.00125839
-0.00101016
-0.00118666
-0.00122606
-0.00109342
-0.00145373
-0.000975192
-0.00169822
-0.000826662
-0.0019549
-0.000637518
-0.00218397
-0.000376799
-0.00229751
3.18167e-05
-0.00210718
0.000690437
-0.00160231
0.0016286
-0.00105756
0.00234979
-0.000517606
0.00274356
0.00292792
0.000571567
0.00235635
0.00111618
0.00219895
0.00161343
0.00185254
0.00197688
0.00126517
0.00203256
0.000634768
0.00190446
0.000159932
0.00170721
-0.000179548
0.00149982
-0.000430126
0.00129884
-0.000625682
0.00110445
-0.000780804
0.00091489
-0.000903856
0.000728734
-0.00100051
0.000544884
-0.00107454
0.000362525
-0.00112836
0.000181055
-0.00116348
1.36391e-09
-0.00118078
-0.000181052
-0.00118078
-0.000362522
-0.00116348
-0.000544881
-0.00112836
-0.00072873
-0.00107454
-0.000914885
-0.00100051
-0.00110445
-0.000903856
-0.00129884
-0.000780804
-0.00149981
-0.000625683
-0.0017072
-0.000430128
-0.00190445
-0.000179552
-0.00203256
0.000159924
-0.00197688
0.000634756
-0.00161344
0.00126516
-0.00111618
0.00185253
-0.00057157
0.00219895
0.00235635
0.000517631
0.00183871
0.000999425
0.00171716
0.00140596
0.00144601
0.00163601
0.00103512
0.00166346
0.000607319
0.00157834
0.000245053
0.00144716
-4.83724e-05
0.00129703
-0.000279995
0.0011396
-0.000468255
0.000978788
-0.000619988
0.000816484
-0.000741553
0.000653553
-0.000837575
0.00049033
-0.000911319
0.000326954
-0.000964987
0.000163496
-0.00100002
1.44626e-09
-0.00101728
-0.000163493
-0.00101728
-0.000326951
-0.00100002
-0.000490327
-0.000964987
-0.000653549
-0.000911319
-0.00081648
-0.000837576
-0.000978783
-0.000741553
-0.0011396
-0.000619989
-0.00129703
-0.000468256
-0.00144716
-0.000279997
-0.00157833
-4.83764e-05
-0.00166346
0.000245047
-0.00163601
0.00060731
-0.00140596
0.00103511
-0.000999429
0.001446
-0.000517633
0.00171715
0.00183871
0.000409905
0.00142881
0.000787135
0.00133993
0.00108981
0.00114333
0.00126412
0.000860808
0.00131477
0.000556671
0.0012855
0.000274323
0.00120873
2.8391e-05
0.00110542
-0.000176683
0.000985467
-0.000348298
0.00085546
-0.000489981
0.000719191
-0.000605284
0.000578929
-0.000697313
0.000436072
-0.000768462
0.000291542
-0.000820457
0.000146006
-0.000854484
1.47667e-09
-0.000871279
-0.000146003
-0.000871279
-0.000291539
-0.000854484
-0.000436068
-0.000820457
-0.000578925
-0.000768463
-0.000719187
-0.000697314
-0.000855456
-0.000605284
-0.000985462
-0.000489983
-0.00110542
-0.0003483
-0.00120873
-0.000176686
-0.00128549
2.83871e-05
-0.00131476
0.000274318
-0.00126412
0.000556665
-0.00108981
0.000860801
-0.000787137
0.00114333
-0.000409907
0.00133992
0.00142881
0.000309894
0.00111891
0.000595195
0.00105463
0.000824899
0.000913629
0.000971891
0.000713816
0.00103864
0.000489923
0.0010427
0.00027026
0.00100215
6.89479e-05
0.000932621
-0.000107159
0.000842761
-0.000258438
0.000739224
-0.000386445
0.000626395
-0.000492454
0.000507203
-0.000578121
0.000383664
-0.000644923
0.000257235
-0.000694028
0.000129036
-0.000726286
1.46692e-09
-0.000742244
-0.000129034
-0.000742244
-0.000257232
-0.000726286
-0.00038366
-0.000694028
-0.000507199
-0.000644924
-0.000626391
-0.000578122
-0.000739221
-0.000492455
-0.000842757
-0.000386446
-0.000932617
-0.00025844
-0.00100214
-0.000107162
-0.0010427
6.89444e-05
-0.00103864
0.000270255
-0.000971889
0.000489918
-0.000824899
0.000713811
-0.000595196
0.000913625
-0.000309895
0.00105462
0.00111891
0.000234845
0.00088407
0.000452142
0.000837328
0.000631107
0.000734664
0.000756061
0.000588863
0.00082481
0.000421174
0.000844998
0.000250072
0.000826953
8.69929e-05
0.000781114
-6.13205e-05
0.000714521
-0.000191845
0.000632875
-0.0003048
0.000540375
-0.000399954
0.000440094
-0.00047784
0.000334317
-0.000539146
0.000224799
-0.00058451
0.000112955
-0.000614442
1.42776e-09
-0.00062929
-0.000112953
-0.00062929
-0.000224796
-0.000614442
-0.000334314
-0.00058451
-0.000440091
-0.000539147
-0.000540372
-0.000477841
-0.000632872
-0.000399955
-0.000714517
-0.000304801
-0.000781111
-0.000191847
-0.000826949
-6.1323e-05
-0.000844995
8.69898e-05
-0.000824808
0.000250068
-0.000756059
0.00042117
-0.000631107
0.000588859
-0.000452143
0.000734661
-0.000234845
0.000837325
0.000884067
0.000180336
0.000703734
0.000348373
0.000669291
0.000489879
0.000593159
0.000594177
0.000484566
0.000658184
0.000357167
0.000685025
0.000223231
0.00068038
9.16377e-05
0.000650876
-3.18164e-05
0.000601814
-0.000142782
0.000537776
-0.000240762
0.000462435
-0.000324613
0.000378695
-0.0003941
0.000288854
-0.000449306
0.000194778
-0.000490434
9.80324e-05
-0.000517697
1.36819e-09
-0.000531259
-9.80296e-05
-0.000531259
-0.000194775
-0.000517697
-0.000288851
-0.000490434
-0.000378692
-0.000449306
-0.000462432
-0.0003941
-0.000537773
-0.000324614
-0.000601811
-0.000240763
-0.000650873
-0.000142784
-0.000680377
-3.18186e-05
-0.000685023
9.16349e-05
-0.000658182
0.000223228
-0.000594175
0.000357163
-0.000489879
0.000484562
-0.000348373
0.000593155
-0.000180336
0.000669288
0.000703731
0.000140214
0.00056352
0.000271689
0.000537816
0.000384329
0.000480518
0.000470597
0.000398297
0.000527513
0.000300251
0.000555936
0.000194807
0.000558858
8.87159e-05
0.000540393
-1.33512e-05
0.000504327
-0.000106716
0.00045421
-0.000190645
0.000393091
-0.000263494
0.000323545
-0.000324554
0.000247734
-0.000373495
0.000167496
-0.000410195
8.4434e-05
-0.000434634
1.29561e-09
-0.000446826
-8.44314e-05
-0.000446826
-0.000167494
-0.000434635
-0.000247732
-0.000410196
-0.000323542
-0.000373496
-0.000393088
-0.000324555
-0.000454207
-0.000263495
-0.000504324
-0.000190646
-0.00054039
-0.000106718
-0.000558856
-1.33532e-05
-0.000555934
8.87135e-05
-0.000527511
0.000194805
-0.000470596
0.000300248
-0.000384328
0.000398294
-0.000271688
0.000480515
-0.000140214
0.000537813
0.000563517
0.000110076
0.000453443
0.000213861
0.000434032
0.000304044
0.000390335
0.000375131
0.000327211
0.00042445
0.000250931
0.000451809
0.000167449
0.000458646
8.18789e-05
0.000447528
-2.23334e-06
0.000420985
-8.01729e-05
0.000381761
-0.00015142
0.000332286
-0.000214019
0.000274756
-0.000267024
0.000211116
-0.000309854
0.00014309
-0.000342169
7.22361e-05
-0.000363781
1.21564e-09
-0.000374591
-7.22337e-05
-0.000374591
-0.000143087
-0.000363781
-0.000211113
-0.00034217
-0.000274754
-0.000309855
-0.000332283
-0.000267025
-0.000381758
-0.000214021
-0.000420983
-0.000151422
-0.000447526
-8.01746e-05
-0.000458644
-2.23519e-06
-0.000451807
8.18767e-05
-0.000424449
0.000167447
-0.00037513
0.000250929
-0.000304044
0.000327208
-0.000213861
0.000390332
-0.000110076
0.000434029
0.000453441
8.71062e-05
0.000366337
0.000169633
0.000351505
0.000242187
0.000317781
0.000300643
0.000268755
0.00034271
0.000208864
0.00036776
0.000142399
0.000376421
7.32174e-05
0.000369817
4.37102e-06
0.000350332
-6.06885e-05
0.000319603
-0.000120691
0.000279591
-0.000174008
0.000232133
-0.000219566
0.000178928
-0.000256649
0.000121544
-0.000284786
6.1441e-05
-0.000303678
1.13255e-09
-0.000313151
-6.14387e-05
-0.000313151
-0.000121542
-0.000303678
-0.000178925
-0.000284786
-0.00023213
-0.00025665
-0.000279589
-0.000219567
-0.000319601
-0.000174009
-0.00035033
-0.000120693
-0.000369815
-6.069e-05
-0.000376419
4.36927e-06
-0.000367758
7.32154e-05
-0.000342708
0.000142397
-0.000300642
0.000208862
-0.000242186
0.000268752
-0.000169633
0.000317779
-8.7106e-05
0.000351502
0.000366335
6.93937e-05
0.000296943
0.000135413
0.000285485
0.000194008
0.000259187
0.000242022
0.00022074
0.000277529
0.000173358
0.000299743
0.000120185
0.000308791
6.41701e-05
0.00030535
7.81198e-06
0.000290897
-4.62353e-05
0.000266734
-9.6529e-05
0.000234361
-0.000141634
0.000195279
-0.000180484
0.000150942
-0.000212312
0.000102738
-0.000236582
5.19964e-05
-0.000252936
1.04932e-09
-0.000261156
-5.19943e-05
-0.000261156
-0.000102736
-0.000252937
-0.00015094
-0.000236582
-0.000195277
-0.000212312
-0.000234359
-0.000180485
-0.000266732
-0.000141635
-0.000290895
-9.65302e-05
-0.000305348
-4.62367e-05
-0.000308789
7.81039e-06
-0.000299742
6.41683e-05
-0.000277528
0.000120183
-0.000242022
0.000173356
-0.000194007
0.000220738
-0.000135413
0.000259184
-6.93935e-05
0.000285483
0.000296941
5.55952e-05
0.000241348
0.000108672
0.000232409
0.000156141
0.000211717
0.000195558
0.000181324
0.000225321
0.000143595
0.00024463
0.000100875
0.000253366
5.54344e-05
0.000251877
9.30073e-06
0.000241112
-3.54701e-05
0.000222045
-7.74626e-05
0.000195831
-0.00011542
0.000163684
-0.000148337
0.00012683
-0.000175458
8.6478e-05
-0.00019623
4.38135e-05
-0.000210272
9.68054e-10
-0.000217344
-4.38115e-05
-0.000217344
-8.64761e-05
-0.000210272
-0.000126828
-0.00019623
-0.000163682
-0.000175458
-0.000195829
-0.000148338
-0.000222043
-0.000115421
-0.00024111
-7.74637e-05
-0.000251875
-3.54714e-05
-0.000253364
9.29929e-06
-0.000244629
5.54328e-05
-0.00022532
0.000100874
-0.000195557
0.000143593
-0.000156141
0.000181322
-0.000108671
0.000211715
-5.5595e-05
0.000232407
0.000241346
4.47498e-05
0.000196598
8.75948e-05
0.000189564
0.000126152
0.00017316
0.000158505
0.00014897
0.000183334
0.000118766
0.000199891
8.43182e-05
0.00020794
4.73855e-05
0.000207634
9.60717e-06
0.000199567
-2.74027e-05
0.000184463
-6.23589e-05
0.00016321
-9.41669e-05
0.000136786
-0.000121913
0.000106214
-0.000144885
7.25322e-05
-0.000162548
3.6782e-05
-0.000174522
8.90086e-10
-0.000180562
-3.67802e-05
-0.000180563
-7.25304e-05
-0.000174522
-0.000106212
-0.000162549
-0.000136784
-0.000144886
-0.000163208
-0.000121914
-0.000184461
-9.41678e-05
-0.000199565
-6.23599e-05
-0.000207633
-2.74039e-05
-0.000207939
9.60586e-06
-0.00019989
4.7384e-05
-0.000183333
8.43166e-05
-0.000158504
0.000118765
-0.000126151
0.000148968
-8.75945e-05
0.000173158
-4.47496e-05
0.000189562
0.000196597
3.61602e-05
0.000160438
7.08626e-05
0.000154861
0.000102248
0.000141775
0.000128805
0.000122413
0.000149449
9.81224e-05
0.000163511
7.02562e-05
0.000170711
4.0186e-05
0.000171083
9.23444e-06
0.000164997
-2.13164e-05
0.000152985
-5.03471e-05
0.000135731
-7.69125e-05
0.000114019
-0.000100201
8.86978e-05
-0.000119564
6.06513e-05
-0.000134502
3.07819e-05
-0.000144652
8.16251e-10
-0.000149781
-3.07802e-05
-0.000149781
-6.06496e-05
-0.000144652
-8.86962e-05
-0.000134502
-0.000114017
-0.000119565
-0.000135729
-0.000100202
-0.000152984
-7.69132e-05
-0.000164996
-5.0348e-05
-0.000171082
-2.13175e-05
-0.000170709
9.23324e-06
-0.00016351
4.01847e-05
-0.000149448
7.02548e-05
-0.000128805
9.81209e-05
-0.000102248
0.000122411
-7.08622e-05
0.000141773
-3.61601e-05
0.00015486
0.000160437
2.93133e-05
0.000131125
5.74985e-05
0.000126676
8.30931e-05
0.00011618
0.000104896
0.00010061
0.000122019
8.1e-05
0.000133878
5.83965e-05
0.000140189
3.38751e-05
0.000140921
8.50299e-06
0.000136296
-1.66917e-05
0.000126706
-4.07571e-05
0.000112677
-6.28839e-05
9.48402e-05
-8.23641e-05
7.38945e-05
-9.86186e-05
5.05867e-05
-0.000111194
2.56918e-05
-0.000119757
7.46985e-10
-0.00012409
-2.56903e-05
-0.00012409
-5.05852e-05
-0.000119758
-7.3893e-05
-0.000111194
-9.48388e-05
-9.86191e-05
-0.000112676
-8.23647e-05
-0.000126705
-6.28847e-05
-0.000136295
-4.0758e-05
-0.00014092
-1.66926e-05
-0.000140188
8.5019e-06
-0.000133878
3.3874e-05
-0.000122018
5.83952e-05
-0.000104896
8.09986e-05
-8.30926e-05
0.000100608
-5.74982e-05
0.000116179
-2.93131e-05
0.000126674
0.000131123
2.38257e-05
0.000107299
4.67703e-05
0.000103731
6.76743e-05
9.52762e-05
8.55786e-05
8.27052e-05
9.97551e-05
6.68235e-05
0.000109706
4.84459e-05
0.000115159
2.84221e-05
0.000116049
7.61241e-06
0.000112509
-1.31514e-05
0.000104824
-3.30723e-05
9.34021e-05
-5.14619e-05
7.87482e-05
-6.77101e-05
6.14389e-05
-8.13093e-05
4.21011e-05
-9.18563e-05
2.1395e-05
-9.90512e-05
6.82471e-10
-0.000102696
-2.13936e-05
-0.000102696
-4.20998e-05
-9.90514e-05
-6.14376e-05
-9.18566e-05
-7.87469e-05
-8.13098e-05
-9.34009e-05
-6.77106e-05
-0.000104823
-5.14626e-05
-0.000112508
-3.30731e-05
-0.000116048
-1.31523e-05
-0.000115158
7.61142e-06
-0.000109705
2.8421e-05
-9.97544e-05
4.84447e-05
-8.55781e-05
6.68222e-05
-6.76739e-05
8.27039e-05
-4.67701e-05
9.52749e-05
-2.38256e-05
0.00010373
0.000107298
1.94078e-05
8.78914e-05
3.81215e-05
8.50176e-05
5.52165e-05
7.81813e-05
6.99228e-05
6.79989e-05
8.16447e-05
5.51016e-05
8.99604e-05
4.01302e-05
9.46231e-05
2.37594e-05
9.55521e-05
6.68332e-06
9.2822e-05
-1.04212e-05
8.66424e-05
-2.68927e-05
7.73299e-05
-4.21494e-05
6.52902e-05
-5.56704e-05
5.09973e-05
-6.70164e-05
3.49752e-05
-7.58342e-05
1.77828e-05
-8.18588e-05
6.22707e-10
-8.49139e-05
-1.77816e-05
-8.4914e-05
-3.4974e-05
-8.1859e-05
-5.09961e-05
-7.58345e-05
-6.5289e-05
-6.70168e-05
-7.73288e-05
-5.56709e-05
-8.66413e-05
-4.215e-05
-9.2821e-05
-2.68934e-05
-9.55512e-05
-1.0422e-05
-9.46222e-05
6.68243e-06
-8.99596e-05
2.37584e-05
-8.16441e-05
4.01292e-05
-6.99223e-05
5.51005e-05
-5.52161e-05
6.79977e-05
-3.81213e-05
7.81801e-05
-1.94076e-05
8.50164e-05
8.78902e-05
1.58375e-05
7.20539e-05
3.11245e-05
6.97306e-05
4.51194e-05
6.41864e-05
5.7202e-05
5.59162e-05
6.68846e-05
4.5419e-05
7.38128e-05
3.3202e-05
7.77684e-05
1.98038e-05
7.86664e-05
5.78533e-06
7.65458e-05
-8.3006e-06
7.1561e-05
-2.19079e-05
6.39588e-05
-3.45473e-05
5.40657e-05
-4.57773e-05
4.22708e-05
-5.52215e-05
2.9011e-05
-6.25744e-05
1.47568e-05
-6.76046e-05
5.67575e-10
-7.01577e-05
-1.47557e-05
-7.01577e-05
-2.90099e-05
-6.76048e-05
-4.22697e-05
-6.25746e-05
-5.40646e-05
-5.52219e-05
-6.39578e-05
-4.57777e-05
-7.156e-05
-3.45478e-05
-7.65449e-05
-2.19085e-05
-7.86656e-05
-8.30133e-06
-7.77677e-05
5.78451e-06
-7.38122e-05
1.98029e-05
-6.68841e-05
3.32011e-05
-5.72016e-05
4.5418e-05
-4.5119e-05
5.59151e-05
-3.11242e-05
6.41853e-05
-1.58374e-05
6.97295e-05
7.20528e-05
1.29432e-05
5.91107e-05
2.5447e-05
5.72268e-05
3.69144e-05
5.2719e-05
4.68438e-05
4.59868e-05
5.48359e-05
3.7427e-05
6.05943e-05
2.74435e-05
6.39298e-05
1.64684e-05
6.47595e-05
4.95556e-06
6.31011e-05
-6.64219e-06
5.90686e-05
-1.78753e-05
5.28555e-05
-2.83342e-05
4.4725e-05
-3.76468e-05
3.49965e-05
-4.5493e-05
2.4033e-05
-5.16108e-05
1.22292e-05
-5.58009e-05
5.16882e-10
-5.7929e-05
-1.22282e-05
-5.7929e-05
-2.4032e-05
-5.5801e-05
-3.49955e-05
-5.16111e-05
-4.47241e-05
-4.54933e-05
-5.28546e-05
-3.76472e-05
-5.90677e-05
-2.83347e-05
-6.31003e-05
-1.78759e-05
-6.47588e-05
-6.64285e-06
-6.39291e-05
4.95482e-06
-6.05937e-05
1.64676e-05
-5.48353e-05
2.74427e-05
-4.68434e-05
3.74261e-05
-3.69141e-05
4.59858e-05
-2.54468e-05
5.27181e-05
-1.29431e-05
5.72258e-05
5.91098e-05
1.05908e-05
4.852e-05
2.08291e-05
4.69884e-05
3.02325e-05
4.33157e-05
3.83941e-05
3.78251e-05
4.4987e-05
3.08342e-05
4.97642e-05
2.26662e-05
5.25635e-05
1.36691e-05
5.33082e-05
4.21092e-06
5.20029e-05
-5.33693e-06
4.87325e-05
-1.4605e-05
4.36496e-05
-2.32513e-05
3.69666e-05
-3.09638e-05
2.89456e-05
-3.7472e-05
1.98878e-05
-4.2553e-05
1.01231e-05
-4.60362e-05
4.70389e-10
-4.78064e-05
-1.01221e-05
-4.78064e-05
-1.98868e-05
-4.60363e-05
-2.89447e-05
-4.25532e-05
-3.69657e-05
-3.74723e-05
-4.36488e-05
-3.09642e-05
-4.87318e-05
-2.32517e-05
-5.20022e-05
-1.46055e-05
-5.33075e-05
-5.33754e-06
-5.25629e-05
4.21025e-06
-4.97637e-05
1.36684e-05
-4.49865e-05
2.26655e-05
-3.83938e-05
3.08333e-05
-3.02322e-05
3.78242e-05
-2.08289e-05
4.33148e-05
-1.05907e-05
4.69875e-05
4.85191e-05
8.67466e-06
3.98453e-05
1.70654e-05
3.85976e-05
2.47811e-05
3.56001e-05
3.1491e-05
3.11151e-05
3.69271e-05
2.53981e-05
4.08845e-05
1.87088e-05
4.32252e-05
1.13284e-05
4.388e-05
3.55605e-06
4.28467e-05
-4.3036e-06
4.01886e-05
-1.19468e-05
3.60264e-05
-1.90891e-05
3.05323e-05
-2.54697e-05
2.39213e-05
-3.0861e-05
1.64427e-05
-3.50744e-05
8.37174e-06
-3.79652e-05
4.27834e-10
-3.94351e-05
-8.37089e-06
-3.94351e-05
-1.64419e-05
-3.79653e-05
-2.39205e-05
-3.50746e-05
-3.05315e-05
-3.08612e-05
-3.60257e-05
-2.54701e-05
-4.01879e-05
-1.90895e-05
-4.2846e-05
-1.19473e-05
-4.38794e-05
-4.30415e-06
-4.32246e-05
3.55544e-06
-4.0884e-05
1.13278e-05
-3.69267e-05
1.87081e-05
-3.14907e-05
2.53973e-05
-2.47808e-05
3.11143e-05
-1.70653e-05
3.55993e-05
-8.67457e-06
3.85968e-05
3.98445e-05
7.11115e-06
3.27342e-05
1.39928e-05
3.1716e-05
2.03269e-05
2.9266e-05
2.58443e-05
2.55977e-05
3.03251e-05
2.09173e-05
3.35994e-05
1.54345e-05
3.55508e-05
9.37702e-06
3.61184e-05
2.98844e-06
3.5296e-05
-3.48119e-06
3.31313e-05
-9.78217e-06
2.97205e-05
-1.56783e-05
2.52031e-05
-2.09523e-05
1.97556e-05
-2.54134e-05
1.35842e-05
-2.89031e-05
6.9179e-06
-3.12988e-05
3.88946e-10
-3.25176e-05
-6.91712e-06
-3.25176e-05
-1.35835e-05
-3.1299e-05
-1.97548e-05
-2.89033e-05
-2.52024e-05
-2.54137e-05
-2.97198e-05
-2.09526e-05
-3.31307e-05
-1.56787e-05
-3.52954e-05
-9.78262e-06
-3.61178e-05
-3.48169e-06
-3.55503e-05
2.98788e-06
-3.35989e-05
9.37642e-06
-3.03247e-05
1.54339e-05
-2.5844e-05
2.09166e-05
-2.03267e-05
2.5597e-05
-1.39927e-05
2.92652e-05
-7.11107e-06
3.17152e-05
3.27334e-05
5.83347e-06
2.69007e-05
1.14808e-05
2.60686e-05
1.66831e-05
2.40637e-05
2.12206e-05
2.10603e-05
2.49128e-05
1.72251e-05
2.76193e-05
1.2728e-05
2.92424e-05
7.75397e-06
2.97291e-05
2.50173e-06
2.90714e-05
-2.82353e-06
2.73057e-05
-8.01646e-06
2.45087e-05
-1.28813e-05
2.07939e-05
-1.72375e-05
1.6306e-05
-2.09256e-05
1.12156e-05
-2.38127e-05
5.71274e-06
-2.57959e-05
3.53457e-10
-2.68052e-05
-5.71204e-06
-2.68052e-05
-1.1215e-05
-2.5796e-05
-1.63053e-05
-2.38129e-05
-2.07932e-05
-2.09258e-05
-2.45081e-05
-1.72378e-05
-2.73051e-05
-1.28817e-05
-2.90709e-05
-8.01686e-06
-2.97286e-05
-2.82398e-06
-2.92419e-05
2.50123e-06
-2.76189e-05
7.75343e-06
-2.49125e-05
1.27274e-05
-2.12203e-05
1.72245e-05
-1.66829e-05
2.10596e-05
-1.14807e-05
2.40631e-05
-5.8334e-06
2.60679e-05
2.69e-05
4.78808e-06
2.21126e-05
9.4249e-06
2.14318e-05
1.36991e-05
1.97895e-05
1.74311e-05
1.73282e-05
2.04729e-05
1.41832e-05
2.27084e-05
1.04925e-05
2.40558e-05
6.4066e-06
2.44697e-05
2.08782e-06
2.39416e-05
-2.2954e-06
2.24992e-05
-6.57411e-06
2.02043e-05
-1.05864e-05
1.7149e-05
-1.41822e-05
1.34524e-05
-1.7229e-05
9.25521e-06
-1.96155e-05
4.71493e-06
-2.12557e-05
3.21102e-10
-2.20906e-05
-4.71429e-06
-2.20906e-05
-9.25458e-06
-2.12558e-05
-1.34518e-05
-1.96157e-05
-1.71484e-05
-1.72292e-05
-2.02037e-05
-1.41825e-05
-2.24987e-05
-1.05867e-05
-2.39411e-05
-6.57448e-06
-2.44692e-05
-2.29581e-06
-2.40554e-05
2.08736e-06
-2.27081e-05
6.40611e-06
-2.04726e-05
1.0492e-05
-1.74309e-05
1.41827e-05
-1.36989e-05
1.73276e-05
-9.42477e-06
1.97889e-05
-4.78802e-06
2.14312e-05
2.2112e-05
3.93189e-06
1.81807e-05
7.74056e-06
1.76231e-05
1.12533e-05
1.62768e-05
1.43232e-05
1.42583e-05
1.68288e-05
1.16777e-05
1.8674e-05
8.64729e-06
1.97908e-05
5.28981e-06
2.01406e-05
1.73804e-06
1.97149e-05
-1.86973e-06
1.85353e-05
-5.39449e-06
1.66513e-05
-8.7024e-06
1.41383e-05
-1.16692e-05
1.10938e-05
-1.41845e-05
7.63411e-06
-1.61558e-05
3.88961e-06
-1.75112e-05
2.91633e-10
-1.82012e-05
-3.88903e-06
-1.82013e-05
-7.63354e-06
-1.75112e-05
-1.10932e-05
-1.6156e-05
-1.41377e-05
-1.41847e-05
-1.66508e-05
-1.16694e-05
-1.85348e-05
-8.70269e-06
-1.97145e-05
-5.39482e-06
-2.01402e-05
-1.8701e-06
-1.97904e-05
1.73763e-06
-1.86737e-05
5.28936e-06
-1.68285e-05
8.64681e-06
-1.4323e-05
1.16772e-05
-1.12531e-05
1.42578e-05
-7.74045e-06
1.62763e-05
-3.93184e-06
1.76225e-05
1.81802e-05
3.23007e-06
1.49507e-05
6.35958e-06
1.44936e-05
9.24722e-06
1.33892e-05
1.17727e-05
1.17328e-05
1.38363e-05
9.61418e-06
1.53586e-05
7.12493e-06
1.62831e-05
4.36528e-06
1.65773e-05
1.44393e-06
1.62331e-05
-1.52554e-06
1.52673e-05
-4.42875e-06
1.37201e-05
-7.15516e-06
1.16528e-05
-9.60189e-06
9.14572e-06
-1.16774e-05
6.29468e-06
-1.33048e-05
3.20752e-06
-1.4424e-05
2.6481e-10
-1.4994e-05
-3.20699e-06
-1.4994e-05
-6.29416e-06
-1.44241e-05
-9.14521e-06
-1.33049e-05
-1.16523e-05
-1.16776e-05
-1.37196e-05
-9.60211e-06
-1.52669e-05
-7.15542e-06
-1.62327e-05
-4.42905e-06
-1.65769e-05
-1.52588e-06
-1.62828e-05
1.44356e-06
-1.53583e-05
4.36487e-06
-1.3836e-05
7.1245e-06
-1.17725e-05
9.61372e-06
-9.24706e-06
1.17323e-05
-6.35948e-06
1.33887e-05
-3.23001e-06
1.44931e-05
1.49502e-05
2.65437e-06
1.22963e-05
5.22657e-06
1.19214e-05
7.60086e-06
1.10149e-05
9.67869e-06
9.65493e-06
1.1378e-05
7.9149e-06
1.26334e-05
5.86949e-06
1.3398e-05
3.6007e-06
1.36443e-05
1.19762e-06
1.33652e-05
-1.24647e-06
1.25739e-05
-3.63742e-06
1.13027e-05
-5.88401e-06
9.60203e-06
-7.90117e-06
7.53767e-06
-9.61308e-06
5.18868e-06
-1.09558e-05
2.6442e-06
-1.18795e-05
2.40411e-10
-1.235e-05
-2.64372e-06
-1.23501e-05
-5.18821e-06
-1.18796e-05
-7.53721e-06
-1.09559e-05
-9.60158e-06
-9.61323e-06
-1.13023e-05
-7.90137e-06
-1.25735e-05
-5.88425e-06
-1.33649e-05
-3.63769e-06
-1.3644e-05
-1.24677e-06
-1.33977e-05
1.19728e-06
-1.26331e-05
3.60033e-06
-1.13777e-05
5.8691e-06
-9.6785e-06
7.91448e-06
-7.60072e-06
9.6545e-06
-5.22648e-06
1.10144e-05
-2.65433e-06
1.19209e-05
1.22958e-05
2.18187e-06
1.01144e-05
4.29651e-06
9.80674e-06
6.24905e-06
9.06236e-06
7.95865e-06
7.94533e-06
9.35785e-06
6.51569e-06
1.03928e-05
4.83451e-06
1.10246e-05
2.96893e-06
1.12302e-05
9.91986e-07
1.10034e-05
-1.01966e-06
1.03545e-05
-2.98853e-06
9.3099e-06
-4.83938e-06
7.91064e-06
-6.50191e-06
6.21094e-06
-7.91338e-06
4.27594e-06
-9.02081e-06
2.17923e-06
-9.78282e-06
2.18228e-10
-1.0171e-05
-2.1788e-06
-1.0171e-05
-4.27551e-06
-9.78288e-06
-6.21053e-06
-9.02091e-06
-7.91024e-06
-7.91352e-06
-9.30951e-06
-6.50209e-06
-1.03542e-05
-4.83959e-06
-1.10031e-05
-2.98878e-06
-1.12299e-05
-1.01994e-06
-1.10243e-05
9.91678e-07
-1.03926e-05
2.9686e-06
-9.35765e-06
4.83416e-06
-7.95848e-06
6.51531e-06
-6.24892e-06
7.94494e-06
-4.29642e-06
9.06195e-06
-2.18183e-06
9.80633e-06
1.0114e-05
1.79388e-06
8.32054e-06
3.53269e-06
8.06792e-06
5.13863e-06
7.45642e-06
6.54534e-06
6.53861e-06
7.69738e-06
5.36365e-06
8.55036e-06
3.98153e-06
9.07204e-06
2.44725e-06
9.24327e-06
8.20754e-07
9.05857e-06
-8.34955e-07
8.52615e-06
-2.45611e-06
7.66745e-06
-3.98068e-06
6.51614e-06
-5.35061e-06
5.11678e-06
-6.51402e-06
3.52302e-06
-7.42706e-06
1.79563e-06
-8.05543e-06
1.98071e-10
-8.37559e-06
-1.79524e-06
-8.37561e-06
-3.52264e-06
-8.05548e-06
-5.1164e-06
-7.42715e-06
-6.51578e-06
-6.51415e-06
-7.6671e-06
-5.35077e-06
-8.52582e-06
-3.98087e-06
-9.05826e-06
-2.45634e-06
-9.24299e-06
-8.35208e-07
-9.07179e-06
8.20475e-07
-8.55014e-06
2.44695e-06
-7.69719e-06
3.98121e-06
-6.54519e-06
5.36331e-06
-5.13851e-06
6.53826e-06
-3.53261e-06
7.45606e-06
-1.79384e-06
8.06756e-06
8.32018e-06
1.47515e-06
6.84539e-06
2.90517e-06
6.6379e-06
4.22619e-06
6.1354e-06
5.38374e-06
5.38107e-06
6.33221e-06
4.41518e-06
7.03504e-06
3.27869e-06
7.46557e-06
2.01672e-06
7.60786e-06
6.78465e-07
7.45719e-06
-6.84282e-07
7.02011e-06
-2.01904e-06
6.3141e-06
-3.27466e-06
5.36676e-06
-4.40327e-06
4.21471e-06
-5.36198e-06
2.90218e-06
-6.11453e-06
1.47928e-06
-6.63253e-06
1.7976e-10
-6.89649e-06
-1.47893e-06
-6.8965e-06
-2.90183e-06
-6.63258e-06
-4.21437e-06
-6.11461e-06
-5.36642e-06
-5.36209e-06
-6.31378e-06
-4.40341e-06
-7.01981e-06
-3.27484e-06
-7.45691e-06
-2.01924e-06
-7.60761e-06
-6.84511e-07
-7.46534e-06
6.78212e-07
-7.03484e-06
2.01645e-06
-6.33204e-06
3.2784e-06
-5.3836e-06
4.41487e-06
-4.22609e-06
5.38075e-06
-2.9051e-06
6.13507e-06
-1.47512e-06
6.63757e-06
6.84506e-06
1.21324e-06
5.63215e-06
2.38947e-06
5.46168e-06
3.47623e-06
5.04864e-06
4.42878e-06
4.42852e-06
5.20962e-06
3.63433e-06
5.78863e-06
2.69969e-06
6.14377e-06
1.66158e-06
6.26181e-06
5.60425e-07
6.13872e-06
-5.61191e-07
5.77975e-06
-1.66007e-06
5.19918e-06
-2.69409e-06
4.41963e-06
-3.62372e-06
3.47123e-06
-4.41359e-06
2.39041e-06
-5.03371e-06
1.21849e-06
-5.46061e-06
1.63134e-10
-5.67816e-06
-1.21816e-06
-5.67818e-06
-2.39009e-06
-5.46065e-06
-3.47092e-06
-5.03378e-06
-4.41933e-06
-4.41369e-06
-5.19889e-06
-3.62385e-06
-5.77948e-06
-2.69425e-06
-6.13846e-06
-1.66026e-06
-6.26158e-06
-5.61399e-07
-6.14356e-06
5.60196e-07
-5.78845e-06
1.66133e-06
-5.20947e-06
2.69942e-06
-4.42866e-06
3.63406e-06
-3.47614e-06
4.42822e-06
-2.38941e-06
5.04834e-06
-1.21321e-06
5.46138e-06
5.63185e-06
9.97967e-07
4.63418e-06
1.96555e-06
4.49409e-06
2.85967e-06
4.15452e-06
3.64356e-06
3.64463e-06
4.28637e-06
2.99152e-06
4.7633e-06
2.22276e-06
5.05614e-06
1.36874e-06
5.15393e-06
4.62637e-07
5.05325e-06
-4.60511e-07
4.75833e-06
-1.36516e-06
4.28083e-06
-2.21659e-06
3.63933e-06
-2.98222e-06
2.8586e-06
-3.63286e-06
1.96865e-06
-4.14375e-06
1.00354e-06
-4.4955e-06
1.48042e-10
-4.67477e-06
-1.00325e-06
-4.67478e-06
-1.96836e-06
-4.49554e-06
-2.85832e-06
-4.14382e-06
-3.63905e-06
-3.63296e-06
-4.28056e-06
-2.98234e-06
-4.75808e-06
-2.21673e-06
-5.05302e-06
-1.36532e-06
-5.15372e-06
-4.60699e-07
-5.05595e-06
4.62429e-07
-4.76313e-06
1.36851e-06
-4.28623e-06
2.22252e-06
-3.64345e-06
2.99127e-06
-2.85959e-06
3.64437e-06
-1.9655e-06
4.15425e-06
-9.97938e-07
4.49382e-06
4.63391e-06
8.20978e-07
3.8132e-06
1.61701e-06
3.69806e-06
2.35269e-06
3.41884e-06
2.9978e-06
2.99952e-06
3.52697e-06
2.46235e-06
3.91976e-06
1.82998e-06
4.16116e-06
1.12734e-06
4.24208e-06
3.81717e-07
4.15964e-06
-3.78075e-07
3.91727e-06
-1.12278e-06
3.52449e-06
-1.82381e-06
2.99657e-06
-2.45431e-06
2.3539e-06
-2.99019e-06
1.62116e-06
-3.41101e-06
8.26434e-07
-3.70078e-06
1.34349e-10
-3.84847e-06
-8.26167e-07
-3.84848e-06
-1.62089e-06
-3.70082e-06
-2.35364e-06
-3.41108e-06
-2.99633e-06
-2.99027e-06
-3.52425e-06
-2.45442e-06
-3.91704e-06
-1.82394e-06
-4.15943e-06
-1.12293e-06
-4.24189e-06
-3.78246e-07
-4.16099e-06
3.81529e-07
-3.91961e-06
1.12713e-06
-3.52684e-06
1.82976e-06
-2.9977e-06
2.46212e-06
-2.35262e-06
2.99928e-06
-1.61696e-06
3.41859e-06
-8.20953e-07
3.69781e-06
3.81296e-06
6.75442e-07
3.13776e-06
1.33039e-06
3.0431e-06
1.93575e-06
2.81348e-06
2.46667e-06
2.4686e-06
2.90228e-06
2.02675e-06
3.22574e-06
1.50651e-06
3.42468e-06
9.28393e-07
3.49158e-06
3.14818e-07
3.42402e-06
-3.1052e-07
3.22478e-06
-9.23541e-07
2.90166e-06
-1.50069e-06
2.4672e-06
-2.01985e-06
1.93817e-06
-2.46115e-06
1.3349e-06
-2.80774e-06
6.80528e-07
-3.04641e-06
1.21927e-10
-3.16806e-06
-6.80285e-07
-3.16808e-06
-1.33466e-06
-3.04645e-06
-1.93793e-06
-2.8078e-06
-2.46698e-06
-2.46123e-06
-2.90145e-06
-2.01995e-06
-3.22458e-06
-1.50081e-06
-3.42384e-06
-9.23677e-07
-3.49141e-06
-3.10674e-07
-3.42453e-06
3.14648e-07
-3.2256e-06
9.28209e-07
-2.90216e-06
1.50632e-06
-2.46658e-06
2.02654e-06
-1.93568e-06
2.46838e-06
-1.33035e-06
2.81326e-06
-6.75418e-07
3.04288e-06
3.13754e-06
5.55751e-07
2.582e-06
1.09467e-06
2.50419e-06
1.59282e-06
2.31533e-06
2.02977e-06
2.03164e-06
2.38835e-06
1.66816e-06
2.6547e-06
1.24016e-06
2.81862e-06
7.64473e-07
2.87389e-06
2.59551e-07
2.81849e-06
-2.55119e-07
2.65466e-06
-7.59718e-07
2.38882e-06
-1.23485e-06
2.03126e-06
-1.66229e-06
1.59578e-06
-2.02567e-06
1.09912e-06
-2.31108e-06
5.60347e-07
-2.50764e-06
1.10664e-10
-2.60783e-06
-5.60127e-07
-2.60784e-06
-1.0989e-06
-2.50767e-06
-1.59557e-06
-2.31113e-06
-2.03106e-06
-2.02574e-06
-2.38863e-06
-1.66238e-06
-2.65448e-06
-1.23496e-06
-2.81832e-06
-7.59841e-07
-2.87373e-06
-2.55258e-07
-2.81848e-06
2.59397e-07
-2.65458e-06
7.64306e-07
-2.38825e-06
1.23998e-06
-2.02968e-06
1.66798e-06
-1.59275e-06
2.03145e-06
-1.09462e-06
2.31513e-06
-5.5573e-07
2.50399e-06
2.58181e-06
4.57304e-07
2.1247e-06
9.00771e-07
2.06072e-06
1.31072e-06
1.90538e-06
1.67035e-06
1.67201e-06
1.96553e-06
1.37298e-06
2.18484e-06
1.02084e-06
2.31988e-06
6.29433e-07
2.36551e-06
2.13922e-07
2.32005e-06
-2.09657e-07
2.18532e-06
-6.24992e-07
1.96659e-06
-1.01612e-06
1.67231e-06
-1.36801e-06
1.31383e-06
-1.6672e-06
9.04953e-07
-1.90221e-06
4.6137e-07
-2.06406e-06
1.00454e-10
-2.14656e-06
-4.6117e-07
-2.14657e-06
-9.04756e-07
-2.06408e-06
-1.31364e-06
-1.90225e-06
-1.67212e-06
-1.66726e-06
-1.96641e-06
-1.36809e-06
-2.18516e-06
-1.01621e-06
-2.31989e-06
-6.25104e-07
-2.36537e-06
-2.09783e-07
-2.31976e-06
2.13783e-07
-2.18473e-06
6.29282e-07
-1.96543e-06
1.02068e-06
-1.67027e-06
1.37281e-06
-1.31066e-06
1.67184e-06
-9.00732e-07
1.9052e-06
-4.57285e-07
2.06054e-06
2.12452e-06
3.76324e-07
1.74837e-06
7.41273e-07
1.69577e-06
1.07866e-06
1.56799e-06
1.37466e-06
1.37601e-06
1.61765e-06
1.13e-06
1.79822e-06
8.40263e-07
1.90946e-06
5.18197e-07
1.94711e-06
1.76269e-07
1.90978e-06
-1.72331e-07
1.79897e-06
-5.14177e-07
1.61898e-06
-8.36124e-07
1.37677e-06
-1.12581e-06
1.08168e-06
-1.37211e-06
7.4507e-07
-1.5656e-06
3.79867e-07
-1.69885e-06
9.12041e-11
-1.76679e-06
-3.79685e-07
-1.76679e-06
-7.44891e-07
-1.69888e-06
-1.08151e-06
-1.56564e-06
-1.3766e-06
-1.37217e-06
-1.61882e-06
-1.12588e-06
-1.79882e-06
-8.36212e-07
-1.90964e-06
-5.14278e-07
-1.94698e-06
-1.72445e-07
-1.90934e-06
1.76143e-07
-1.79812e-06
5.1806e-07
-1.61756e-06
8.40117e-07
-1.37459e-06
1.12984e-06
-1.07861e-06
1.37585e-06
-7.41237e-07
1.56783e-06
-3.76307e-07
1.69561e-06
1.74821e-06
3.09708e-07
1.43867e-06
6.10062e-07
1.39542e-06
8.87746e-07
1.29031e-06
1.13139e-06
1.13237e-06
1.33142e-06
9.29967e-07
1.48009e-06
6.91582e-07
1.57171e-06
4.26577e-07
1.60277e-06
1.45209e-07
1.57211e-06
-1.41671e-07
1.48095e-06
-4.23015e-07
1.33282e-06
-6.88001e-07
1.13346e-06
-9.26446e-07
8.9055e-07
-1.1292e-06
6.13432e-07
-1.28848e-06
3.1276e-07
-1.39818e-06
8.28261e-11
-1.45411e-06
-3.12595e-07
-1.45412e-06
-6.13269e-07
-1.39821e-06
-8.90392e-07
-1.28852e-06
-1.13331e-06
-1.12925e-06
-1.33268e-06
-9.26512e-07
-1.48081e-06
-6.8808e-07
-1.57198e-06
-4.23107e-07
-1.60265e-06
-1.41774e-07
-1.57161e-06
1.45095e-07
-1.48e-06
4.26454e-07
-1.33134e-06
6.91451e-07
-1.13132e-06
9.29829e-07
-8.87698e-07
1.13223e-06
-6.1003e-07
1.29016e-06
-3.09692e-07
1.39527e-06
1.43852e-06
2.54905e-07
1.18376e-06
5.02119e-07
1.1482e-06
7.30682e-07
1.06174e-06
9.31238e-07
9.31813e-07
1.09591e-06
7.65295e-07
1.21833e-06
5.69164e-07
1.29379e-06
3.51119e-07
1.3194e-06
1.19596e-07
1.2942e-06
-1.16477e-07
1.2192e-06
-3.48009e-07
1.09729e-06
-5.66092e-07
9.33182e-07
-7.62343e-07
7.33209e-07
-9.29225e-07
5.05062e-07
-1.06033e-06
2.57513e-07
-1.15063e-06
7.52423e-11
-1.19667e-06
-2.57364e-07
-1.19668e-06
-5.04914e-07
-1.15066e-06
-7.33065e-07
-1.06037e-06
-9.33043e-07
-9.29272e-07
-1.09715e-06
-7.62403e-07
-1.21907e-06
-5.66163e-07
-1.29409e-06
-3.48092e-07
-1.31929e-06
-1.1657e-07
-1.29369e-06
1.19493e-07
-1.21824e-06
3.51007e-07
-1.09584e-06
5.69045e-07
-9.31181e-07
7.65171e-07
-7.30639e-07
9.31684e-07
-5.02089e-07
1.06161e-06
-2.54891e-07
1.14807e-06
1.18363e-06
2.09822e-07
9.73938e-07
4.13317e-07
9.44707e-07
6.01468e-07
8.73589e-07
7.66572e-07
7.66708e-07
9.02146e-07
6.2972e-07
1.00294e-06
4.68364e-07
1.06509e-06
2.8897e-07
1.08621e-06
9.84785e-08
1.0655e-06
-9.5767e-08
1.00377e-06
-2.86286e-07
9.03428e-07
-4.65747e-07
7.68335e-07
-6.27251e-07
6.03699e-07
-7.6459e-07
4.15859e-07
-8.72492e-07
2.12037e-07
-9.46814e-07
6.83809e-11
-9.84704e-07
-2.11901e-07
-9.84711e-07
-4.15724e-07
-9.46832e-07
-6.03568e-07
-8.72522e-07
-7.68208e-07
-7.64633e-07
-9.03307e-07
-6.27304e-07
-1.00366e-06
-4.65812e-07
-1.06539e-06
-2.8636e-07
-1.08611e-06
-9.58509e-08
-1.06501e-06
9.83859e-08
-1.00287e-06
2.8887e-07
-9.02081e-07
4.68257e-07
-7.66519e-07
6.29608e-07
-6.01428e-07
7.66592e-07
-4.13291e-07
8.73471e-07
-2.09809e-07
9.44585e-07
9.73822e-07
1.72736e-07
8.012e-07
3.40267e-07
7.77175e-07
4.9517e-07
7.18685e-07
6.31106e-07
6.30772e-07
7.42735e-07
5.18089e-07
8.25741e-07
3.85357e-07
8.76929e-07
2.37782e-07
8.94336e-07
8.10702e-08
8.77305e-07
-7.87365e-08
8.26502e-07
-2.35484e-07
7.43894e-07
-3.8314e-07
6.32669e-07
-5.16027e-07
4.97113e-07
-6.29034e-07
3.42442e-07
-7.17822e-07
1.74607e-07
-7.7898e-07
6.21775e-11
-8.1016e-07
-1.74484e-07
-8.10166e-07
-3.4232e-07
-7.78997e-07
-4.96994e-07
-7.1785e-07
-6.32554e-07
-6.29072e-07
-7.43785e-07
-5.16075e-07
-8.26399e-07
-3.83198e-07
-8.77209e-07
-2.35551e-07
-8.94248e-07
-7.88121e-08
-8.7685e-07
8.09868e-08
-8.25672e-07
2.37691e-07
-7.42677e-07
3.85261e-07
-6.31058e-07
5.17989e-07
-4.95134e-07
6.30667e-07
-3.40243e-07
7.18578e-07
-1.72725e-07
7.77067e-07
8.01096e-07
1.42231e-07
6.58969e-07
2.8018e-07
6.39226e-07
4.07734e-07
5.9113e-07
5.19674e-07
5.18831e-07
6.11603e-07
4.26159e-07
6.79967e-07
3.16993e-07
7.22132e-07
1.95616e-07
7.36481e-07
6.67197e-08
7.22471e-07
-6.47268e-08
6.80648e-07
-1.93662e-07
6.12629e-07
-3.15123e-07
5.2104e-07
-4.24438e-07
4.09407e-07
-5.17403e-07
2.82029e-07
-5.90445e-07
1.43807e-07
-6.40759e-07
5.6573e-11
-6.6641e-07
-1.43695e-07
-6.66415e-07
-2.81918e-07
-6.40774e-07
-4.09299e-07
-5.9047e-07
-5.20935e-07
-5.17437e-07
-6.1253e-07
-4.24481e-07
-6.80554e-07
-3.15175e-07
-7.22383e-07
-1.93722e-07
-7.36401e-07
-6.47949e-08
-7.2206e-07
6.66447e-08
-6.79904e-07
1.95535e-07
-6.1155e-07
3.16906e-07
-5.1963e-07
4.26068e-07
-4.07701e-07
5.18738e-07
-2.80158e-07
5.91035e-07
-1.4222e-07
6.39127e-07
6.58876e-07
1.17145e-07
5.41823e-07
2.30764e-07
5.25605e-07
3.35825e-07
4.86069e-07
4.28028e-07
4.26627e-07
5.03753e-07
3.50433e-07
5.6007e-07
2.60675e-07
5.9481e-07
1.60875e-07
6.0664e-07
5.48889e-08
5.9511e-07
-5.31974e-08
5.60669e-07
-1.59222e-07
5.04648e-07
-2.59103e-07
4.29208e-07
-3.48999e-07
3.37255e-07
-4.25451e-07
2.32329e-07
-4.8552e-07
1.18468e-07
-5.26898e-07
5.15148e-11
-5.47995e-07
-1.18366e-07
-5.47999e-07
-2.32228e-07
-5.26912e-07
-3.37157e-07
-4.85542e-07
-4.29113e-07
-4.25482e-07
-5.04557e-07
-3.49038e-07
-5.60583e-07
-2.5915e-07
-5.9503e-07
-1.59276e-07
-6.06567e-07
-5.32586e-08
-5.94745e-07
5.48215e-08
-5.60013e-07
1.60802e-07
-5.03705e-07
2.60598e-07
-4.27989e-07
3.50352e-07
-3.35796e-07
4.26543e-07
-2.30744e-07
4.85982e-07
-1.17135e-07
5.25518e-07
5.41739e-07
9.6519e-08
4.45304e-07
1.90136e-07
4.31987e-07
2.76703e-07
3.99501e-07
3.52678e-07
3.50652e-07
4.15077e-07
2.88033e-07
4.61486e-07
2.14265e-07
4.90118e-07
1.32242e-07
4.99873e-07
4.5133e-08
4.9038e-07
-4.37045e-08
4.62006e-07
-1.30849e-07
4.15849e-07
-2.12947e-07
3.53689e-07
-2.86839e-07
2.77918e-07
-3.49681e-07
1.91456e-07
-3.99059e-07
9.76287e-08
-4.33072e-07
4.69545e-11
-4.50414e-07
-9.75352e-08
-4.50418e-07
-1.91364e-07
-4.33084e-07
-2.77829e-07
-3.99078e-07
-3.53602e-07
-3.49709e-07
-4.15767e-07
-2.86874e-07
-4.61928e-07
-2.12989e-07
-4.90307e-07
-1.30898e-07
-4.99807e-07
-4.37593e-08
-4.90059e-07
4.50725e-08
-4.61434e-07
1.32177e-07
-4.15033e-07
2.14196e-07
-3.52642e-07
2.8796e-07
-2.76676e-07
3.50577e-07
-1.90118e-07
3.99424e-07
-9.65101e-08
4.31908e-07
4.45229e-07
7.95688e-08
3.65734e-07
1.56747e-07
3.54808e-07
2.28115e-07
3.28132e-07
2.90752e-07
2.88014e-07
3.42198e-07
2.36585e-07
3.80463e-07
1.75999e-07
4.04073e-07
1.08631e-07
4.12121e-07
3.70847e-08
4.04298e-07
-3.58832e-08
3.80911e-07
-1.07462e-07
3.4286e-07
-1.74897e-07
2.91613e-07
-2.35592e-07
2.29143e-07
-2.87213e-07
1.57857e-07
-3.27773e-07
8.04982e-08
-3.55713e-07
4.28493e-11
-3.69959e-07
-8.04129e-08
-3.69963e-07
-1.57773e-07
-3.55724e-07
-2.29061e-07
-3.27791e-07
-2.91533e-07
-2.87238e-07
-3.42784e-07
-2.35624e-07
-3.80839e-07
-1.74935e-07
-4.04232e-07
-1.07506e-07
-4.1206e-07
-3.59322e-08
-4.04019e-07
3.70305e-08
-3.80416e-07
1.08573e-07
-3.42158e-07
1.75937e-07
-2.90719e-07
2.36521e-07
-2.2809e-07
2.87947e-07
-1.5673e-07
3.28063e-07
-7.9561e-08
3.54739e-07
3.65667e-07
6.56477e-08
3.00086e-07
1.29325e-07
2.9113e-07
1.8821e-07
2.69247e-07
2.39891e-07
2.36332e-07
2.82341e-07
1.94135e-07
3.13916e-07
1.44424e-07
3.334e-07
8.91466e-08
3.40044e-07
3.04402e-08
3.33593e-07
-2.94335e-08
3.14299e-07
-8.81686e-08
2.82905e-07
-1.43504e-07
2.40622e-07
-1.9331e-07
1.89078e-07
-2.3567e-07
1.30258e-07
-2.68954e-07
6.64261e-08
-2.91882e-07
3.91604e-11
-3.03573e-07
-6.63482e-08
-3.03576e-07
-1.30181e-07
-2.91892e-07
-1.89003e-07
-2.6897e-07
-2.40549e-07
-2.35692e-07
-2.82836e-07
-1.93338e-07
-3.14234e-07
-1.43538e-07
-3.33533e-07
-8.82075e-08
-3.39988e-07
-2.94773e-08
-3.3335e-07
3.03919e-08
-3.13873e-07
8.90943e-08
-2.82304e-07
1.44368e-07
-2.39862e-07
1.94077e-07
-1.88187e-07
2.36273e-07
-1.2931e-07
2.69186e-07
-6.56403e-08
2.91067e-07
3.00027e-07
5.4226e-08
2.45859e-07
1.06826e-07
2.38529e-07
1.55468e-07
2.20604e-07
1.9816e-07
1.93638e-07
2.33228e-07
1.59067e-07
2.59313e-07
1.18338e-07
2.7541e-07
7.30485e-08
2.80901e-07
2.49486e-08
2.75575e-07
-2.41083e-08
2.59639e-07
-7.2233e-08
2.33707e-07
-1.17573e-07
1.98779e-07
-1.58383e-07
1.562e-07
-1.93092e-07
1.07609e-07
-2.20365e-07
5.48781e-08
-2.39152e-07
3.58529e-11
-2.48732e-07
-5.48068e-08
-2.48734e-07
-1.07539e-07
-2.39161e-07
-1.56131e-07
-2.20379e-07
-1.98712e-07
-1.93111e-07
-2.33644e-07
-1.58408e-07
-2.59579e-07
-1.17603e-07
-2.7552e-07
-7.22676e-08
-2.8085e-07
-2.41472e-08
-2.75365e-07
2.49057e-08
-2.59273e-07
7.30019e-08
-2.33194e-07
1.18288e-07
-1.98133e-07
1.59015e-07
-1.55447e-07
1.93585e-07
-1.06812e-07
2.20549e-07
-5.42195e-08
2.38474e-07
2.45807e-07
4.48681e-08
2.0099e-07
8.83923e-08
1.95004e-07
1.28642e-07
1.80353e-07
1.6397e-07
1.5831e-07
1.92989e-07
1.30047e-07
2.14575e-07
9.67508e-08
2.27897e-07
5.97256e-08
2.32443e-07
2.04024e-08
2.28038e-07
-1.97038e-08
2.14852e-07
-5.90483e-08
1.93395e-07
-9.61165e-08
1.64493e-07
-1.29481e-07
1.29259e-07
-1.57859e-07
8.90509e-08
-1.80157e-07
4.54155e-08
-1.95517e-07
3.28971e-11
-2.0335e-07
-4.535e-08
-2.03352e-07
-8.89864e-08
-1.95525e-07
-1.29196e-07
-1.8017e-07
-1.64432e-07
-1.57876e-07
-1.93337e-07
-1.29503e-07
-2.14797e-07
-9.6143e-08
-2.27987e-07
-5.90789e-08
-2.32396e-07
-1.97382e-08
-2.27856e-07
2.03643e-08
-2.14539e-07
5.96844e-08
-1.92958e-07
9.67069e-08
-1.63945e-07
1.30001e-07
-1.28623e-07
1.58263e-07
-8.83799e-08
1.80305e-07
-4.48619e-08
1.94955e-07
2.00945e-07
3.72183e-08
1.63771e-07
7.33231e-08
1.58899e-07
1.06713e-07
1.46963e-07
1.3602e-07
1.29002e-07
1.60093e-07
1.05973e-07
1.78001e-07
7.88418e-08
1.89054e-07
4.86721e-08
1.92826e-07
1.66294e-08
1.89173e-07
-1.60515e-08
1.78236e-07
-4.81122e-08
1.60437e-07
-7.83182e-08
1.36462e-07
-1.05507e-07
1.07233e-07
-1.28631e-07
7.38776e-08
-1.46802e-07
3.76787e-08
-1.59319e-07
3.02645e-11
-1.65702e-07
-3.76185e-08
-1.65704e-07
-7.38183e-08
-1.59326e-07
-1.07175e-07
-1.46813e-07
-1.36406e-07
-1.28647e-07
-1.60384e-07
-1.05526e-07
-1.78186e-07
-7.83414e-08
-1.89127e-07
-4.81391e-08
-1.92784e-07
-1.60818e-08
-1.89016e-07
1.6596e-08
-1.77968e-07
4.86358e-08
-1.60065e-07
7.88032e-08
-1.35997e-07
1.05933e-07
-1.06695e-07
1.28961e-07
-7.33114e-08
1.46921e-07
-3.72128e-08
1.58856e-07
1.63731e-07
3.09849e-08
1.32786e-07
6.10443e-08
1.28839e-07
8.88437e-08
1.19163e-07
1.13244e-07
1.046e-07
1.33288e-07
8.59285e-08
1.48199e-07
6.39302e-08
1.57402e-07
3.9468e-08
1.60544e-07
1.34869e-08
1.57504e-07
-1.30119e-08
1.48399e-07
-3.9008e-08
1.3358e-07
-6.35005e-08
1.13619e-07
-8.55464e-08
8.92844e-08
-1.04297e-07
6.15128e-08
-1.19031e-07
3.13739e-08
-1.29181e-07
2.79304e-11
-1.34357e-07
-3.13183e-08
-1.34359e-07
-6.14581e-08
-1.29187e-07
-8.9231e-08
-1.19041e-07
-1.13568e-07
-1.04311e-07
-1.33531e-07
-8.55634e-08
-1.48353e-07
-6.35208e-08
-1.57461e-07
-3.90315e-08
-1.60505e-07
-1.30384e-08
-1.57367e-07
1.34576e-08
-1.48168e-07
3.94362e-08
-1.33262e-07
6.38964e-08
-1.13223e-07
8.58933e-08
-8.88277e-08
1.04565e-07
-6.10337e-08
1.19126e-07
-3.09797e-08
1.288e-07
1.32751e-07
2.59311e-08
1.06854e-07
5.10887e-08
1.0368e-07
7.43555e-08
9.58952e-08
9.47781e-08
8.4177e-08
1.11554e-07
6.91515e-08
1.24035e-07
5.1449e-08
1.31738e-07
3.17636e-08
1.34369e-07
1.08558e-08
1.31825e-07
-1.04688e-08
1.24205e-07
-3.13891e-08
1.11803e-07
-5.10994e-08
9.50972e-08
-6.8841e-08
7.47301e-08
-8.39309e-08
5.14865e-08
-9.57883e-08
2.62614e-08
-1.03957e-07
2.58762e-11
-1.08122e-07
-2.62099e-08
-1.08124e-07
-5.14358e-08
-1.03962e-07
-7.46807e-08
-9.57967e-08
-9.50495e-08
-8.39425e-08
-1.11758e-07
-6.88557e-08
-1.24162e-07
-5.1117e-08
-1.31785e-07
-3.14094e-08
-1.34332e-07
-1.04917e-08
-1.31706e-07
1.08304e-08
-1.24006e-07
3.1736e-08
-1.1153e-07
5.14196e-08
-9.47587e-08
6.91211e-08
-7.43408e-08
8.41459e-08
-5.10787e-08
9.58631e-08
-2.59265e-08
1.03648e-07
1.06824e-07
2.18641e-08
8.4989e-08
4.30773e-08
8.24666e-08
6.26966e-08
7.62752e-08
7.99179e-08
6.69551e-08
9.40645e-08
5.50041e-08
1.04589e-07
4.09239e-08
1.11085e-07
2.52663e-08
1.13304e-07
8.63637e-09
1.1116e-07
-8.32522e-09
1.04735e-07
-2.49652e-08
9.42781e-08
-4.0643e-08
8.01913e-08
-5.47549e-08
6.30174e-08
-6.67577e-08
4.34176e-08
-7.61893e-08
2.21469e-08
-8.26868e-08
2.40856e-11
-8.6e-08
-2.2099e-08
-8.60014e-08
-4.33705e-08
-8.26911e-08
-6.29714e-08
-7.61965e-08
-8.0147e-08
-6.67676e-08
-9.42359e-08
-5.47674e-08
-1.04696e-07
-4.0658e-08
-1.11123e-07
-2.49826e-08
-1.1327e-07
-8.34481e-09
-1.11055e-07
8.61465e-09
-1.04563e-07
2.52426e-08
-9.40423e-08
4.08986e-08
-7.98999e-08
5.49779e-08
-6.2683e-08
6.69286e-08
-4.30684e-08
7.6248e-08
-2.18598e-08
8.24379e-08
8.49637e-08
1.86296e-08
6.63587e-08
3.67053e-08
6.43901e-08
5.34234e-08
5.95564e-08
6.80982e-08
5.22795e-08
8.01532e-08
4.29484e-08
8.91218e-08
3.19546e-08
9.46581e-08
1.97292e-08
9.65493e-08
6.74452e-09
9.47226e-08
-6.49921e-09
8.92485e-08
-1.94919e-08
8.03382e-08
-3.17334e-08
6.83348e-08
-4.27522e-08
5.37006e-08
-5.21243e-08
3.69993e-08
-5.94887e-08
1.8874e-08
-6.45622e-08
2.25395e-11
-6.71493e-08
-1.88291e-08
-6.71505e-08
-3.69552e-08
-6.45658e-08
-5.36576e-08
-5.94947e-08
-6.82933e-08
-5.21325e-08
-8.02987e-08
-4.27627e-08
-8.92114e-08
-3.17459e-08
-9.46881e-08
-1.95064e-08
-9.65179e-08
-6.51565e-09
-9.46301e-08
6.72624e-09
-8.90973e-08
1.97092e-08
-8.01327e-08
3.19333e-08
-6.80817e-08
4.29263e-08
-5.34109e-08
5.22571e-08
-3.6697e-08
5.95331e-08
-1.86258e-08
6.43664e-08
6.63373e-08
1.61038e-08
5.02544e-08
3.17297e-08
4.87636e-08
4.61822e-08
4.51031e-08
5.88686e-08
3.95925e-08
6.92903e-08
3.25261e-08
7.70438e-08
2.42005e-08
8.18303e-08
1.4942e-08
8.34656e-08
5.10858e-09
8.18869e-08
-4.92113e-09
7.7155e-08
-1.47608e-08
6.94525e-08
-2.40315e-08
5.9076e-08
-3.23763e-08
4.64252e-08
-3.94741e-08
3.19872e-08
-4.50514e-08
1.63181e-08
-4.88937e-08
2.12884e-11
-5.08531e-08
-1.62757e-08
-5.08541e-08
-3.19455e-08
-4.88967e-08
-4.63845e-08
-4.50563e-08
-5.90369e-08
-3.94808e-08
-6.94152e-08
-3.23849e-08
-7.712e-08
-2.40417e-08
-8.18544e-08
-1.47726e-08
-8.3436e-08
-4.93455e-09
-8.18039e-08
5.09356e-09
-7.70209e-08
1.49256e-08
-6.92711e-08
2.41828e-08
-5.88532e-08
3.25078e-08
-4.61707e-08
3.95742e-08
-3.17223e-08
4.50843e-08
-1.61002e-08
4.87434e-08
5.02367e-08
1.41899e-08
3.6064e-08
2.79591e-08
3.49938e-08
4.06946e-08
3.2367e-08
5.18739e-08
2.84126e-08
6.10577e-08
2.33417e-08
6.78903e-08
1.73672e-08
7.21085e-08
1.07233e-08
7.35499e-08
3.66661e-09
7.2159e-08
-3.53091e-09
6.79897e-08
-1.0592e-08
6.12026e-08
-1.72449e-08
5.2059e-08
-2.32334e-08
4.09113e-08
-2.8327e-08
2.81888e-08
-3.23295e-08
1.43812e-08
-3.50869e-08
2.0557e-11
-3.6493e-08
-1.43404e-08
-3.64938e-08
-2.81485e-08
-3.50892e-08
-4.08721e-08
-3.23333e-08
-5.20213e-08
-2.83322e-08
-6.11666e-08
-2.32401e-08
-6.79559e-08
-1.72529e-08
-7.21278e-08
-1.06013e-08
-7.35214e-08
-3.54141e-09
-7.20832e-08
3.6548e-09
-6.78684e-08
1.07102e-08
-6.10395e-08
1.73532e-08
-5.18595e-08
2.33273e-08
-4.06839e-08
2.83981e-08
-2.79519e-08
3.23516e-08
-1.41866e-08
3.49775e-08
3.60496e-08
1.28099e-08
2.32536e-08
2.52407e-08
2.25625e-08
3.67383e-08
2.08688e-08
4.6831e-08
1.83193e-08
5.51221e-08
1.505e-08
6.12908e-08
1.1198e-08
6.50993e-08
6.9143e-09
6.64008e-08
2.3645e-09
6.51455e-08
-2.27616e-09
6.13818e-08
-6.82889e-09
5.52548e-08
-1.11184e-08
4.70003e-08
-1.49796e-08
3.69365e-08
-1.82637e-08
2.54509e-08
-2.08444e-08
1.29857e-08
-2.26222e-08
2.11085e-11
-2.35289e-08
-1.29437e-08
-2.35295e-08
-2.54095e-08
-2.26239e-08
-3.68962e-08
-2.08471e-08
-4.69615e-08
-1.82674e-08
-5.52177e-08
-1.49843e-08
-6.1347e-08
-1.11241e-08
-6.51133e-08
-6.83548e-09
-6.63715e-08
-2.28372e-09
-6.50732e-08
2.35599e-09
-6.12684e-08
6.90481e-09
-5.51035e-08
1.11877e-08
-4.68162e-08
1.50394e-08
-3.67272e-08
1.83087e-08
-2.52335e-08
2.08575e-08
-1.28065e-08
2.25497e-08
2.32428e-08
1.1895e-08
1.13582e-08
2.34383e-08
1.10187e-08
3.41151e-08
1.01916e-08
4.34871e-08
8.94694e-09
5.11863e-08
7.35035e-09
5.69147e-08
5.46911e-09
6.04515e-08
3.37705e-09
6.16605e-08
1.15506e-09
6.04954e-08
-1.11143e-09
5.70009e-08
-3.33487e-09
5.13119e-08
-5.4298e-09
4.36474e-08
-7.31554e-09
3.43028e-08
-8.91947e-09
2.36378e-08
-1.01799e-08
1.20633e-08
-1.10482e-08
2.4943e-11
-1.1491e-08
-1.20136e-08
-1.14913e-08
-2.35889e-08
-1.10491e-08
-3.4255e-08
-1.01814e-08
-4.36013e-08
-8.92155e-09
-5.12678e-08
-7.31816e-09
-5.69593e-08
-5.43297e-09
-6.04567e-08
-3.33855e-09
-6.16252e-08
-1.11563e-09
-6.04199e-08
1.15028e-09
-5.68873e-08
3.37171e-09
-5.11634e-08
5.46328e-09
-4.34687e-08
7.34435e-09
-3.41011e-08
8.94087e-09
-2.34289e-08
1.01847e-08
-1.18907e-08
1.10109e-08
1.13517e-08
1.1358e-08
2.23766e-08
3.2568e-08
4.15147e-08
4.88649e-08
5.43338e-08
5.77107e-08
5.88655e-08
5.77539e-08
5.44189e-08
4.89889e-08
4.16731e-08
3.27535e-08
2.25734e-08
1.15251e-08
3.38616e-11
-1.14576e-08
-2.25069e-08
-3.26884e-08
-4.16102e-08
-4.89285e-08
-5.43617e-08
-5.77004e-08
-5.88162e-08
-5.76661e-08
-5.42947e-08
-4.88316e-08
-4.14874e-08
-3.25467e-08
-2.23623e-08
-1.13517e-08
)
;

boundaryField
{
    top
    {
        type            symmetryPlane;
        value           uniform 0;
    }
    bottom
    {
        type            symmetryPlane;
        value           uniform 0;
    }
    left
    {
        type            symmetryPlane;
        value           uniform 0;
    }
    right
    {
        type            symmetryPlane;
        value           uniform 0;
    }
    frontAndBack
    {
        type            empty;
        value           nonuniform List<scalar> 0();
    }
}


// ************************************************************************* //
