/*--------------------------------*- C++ -*----------------------------------*\
  =========                 |
  \\      /  F ield         | OpenFOAM: The Open Source CFD Toolbox
   \\    /   O peration     | Website:  https://openfoam.org
    \\  /    A nd           | Version:  9
     \\/     M anipulation  |
\*---------------------------------------------------------------------------*/
FoamFile
{
    format      ascii;
    class       volScalarField;
    location    "6.5";
    object      rho;
}
// * * * * * * * * * * * * * * * * * * * * * * * * * * * * * * * * * * * * * //

dimensions      [1 -3 0 0 0 0 0];

internalField   nonuniform List<scalar> 
5250
(
1.40001
1.40002
1.40007
1.40016
1.40044
1.40102
1.40262
1.40634
1.41554
1.43783
1.48952
1.60419
1.84709
2.40718
4.68968
5.8161
5.72178
5.6522
5.67058
5.74789
5.83319
5.88474
5.92262
5.95494
5.98605
1.40001
1.40003
1.40006
1.40017
1.40041
1.40107
1.40245
1.40654
1.41475
1.43833
1.48696
1.60318
1.84069
2.39309
4.64178
5.8201
5.72229
5.64924
5.66804
5.74593
5.8313
5.88305
5.92176
5.9549
5.98694
1.40001
1.40002
1.40007
1.40015
1.40044
1.40093
1.40265
1.40567
1.41575
1.4346
1.48838
1.59372
1.83324
2.36075
4.53512
5.82989
5.72283
5.6399
5.65813
5.73569
5.81974
5.87023
5.90876
5.94215
5.97464
1.40001
1.40002
1.40006
1.40017
1.40036
1.40104
1.40218
1.40625
1.41331
1.43627
1.47984
1.59131
1.812
2.31739
4.36609
5.84832
5.72493
5.62472
5.64146
5.71567
5.79993
5.84949
5.88633
5.91613
5.9488
1.40001
1.40002
1.40006
1.40014
1.40038
1.40087
1.40227
1.40536
1.41346
1.43228
1.47772
1.57729
1.79238
2.25711
4.13499
5.87635
5.73032
5.6047
5.61883
5.68876
5.76845
5.81503
5.8519
5.88531
5.91781
1.40001
1.40002
1.40006
1.40013
1.40036
1.40077
1.4022
1.40462
1.41313
1.42823
1.47377
1.56187
1.76645
2.18673
3.8392
5.91221
5.74044
5.58219
5.59178
5.65563
5.73201
5.77305
5.80393
5.83289
5.86877
1.40001
1.40002
1.40005
1.40012
1.40031
1.40072
1.40192
1.40429
1.41161
1.42585
1.46615
1.54773
1.73384
2.11225
3.49136
5.94488
5.75584
5.55842
5.56095
5.61195
5.68313
5.71868
5.74239
5.7649
5.79981
1.40001
1.40002
1.40004
1.40012
1.40026
1.40071
1.40151
1.40433
1.40906
1.42541
1.45503
1.5364
1.69646
2.04109
3.10631
5.94035
5.76612
5.53766
5.53021
5.56319
5.62279
5.64675
5.65749
5.66663
5.69705
1.40001
1.40002
1.40004
1.4001
1.40024
1.40061
1.4014
1.40375
1.40835
1.42228
1.45016
1.5221
1.66967
1.98215
2.8746
5.76413
5.70095
5.50007
5.48655
5.50015
5.54643
5.5551
5.54567
5.52857
5.5346
1.40001
1.40002
1.40004
1.40009
1.40021
1.40055
1.40124
1.40337
1.40741
1.42002
1.44472
1.51033
1.6437
1.93036
2.67707
5.41326
5.55638
5.4724
5.42586
5.42648
5.44818
5.43664
5.40217
5.32794
5.2712
1.40001
1.40001
1.40003
1.40008
1.40018
1.40049
1.40112
1.40287
1.40685
1.41701
1.44084
1.49704
1.61923
1.87876
2.50223
4.9802
5.48114
5.43389
5.35519
5.34622
5.33448
5.30027
5.207
4.98852
4.3622
1.40001
1.40001
1.40003
1.40007
1.40018
1.40038
1.40108
1.40226
1.40647
1.41373
1.43744
1.48214
1.59634
1.82198
2.34401
4.47044
5.44056
5.40118
5.29179
5.2554
5.22312
5.15386
5.00215
4.69043
4.02425
1.40001
1.40001
1.40003
1.40006
1.40015
1.40033
1.40088
1.40196
1.4054
1.41172
1.43158
1.47012
1.56837
1.76494
2.19433
3.88742
5.42996
5.38092
5.24481
5.16844
5.11446
5.013
4.82352
4.4956
3.96907
1.40001
1.40001
1.40002
1.40005
1.40011
1.4003
1.40064
1.40183
1.40385
1.41088
1.42329
1.46182
1.53461
1.71021
2.05244
3.23923
5.39958
5.3612
5.22423
5.09665
5.01285
4.88961
4.69109
4.38867
3.97703
1.40001
1.40001
1.40002
1.40004
1.4001
1.40023
1.40058
1.40131
1.40353
1.40777
1.42082
1.44655
1.5139
1.65147
1.94159
2.71683
5.20885
5.29641
5.20822
5.03994
4.92815
4.79323
4.59985
4.32582
3.98487
1.40001
1.40001
1.40002
1.40004
1.40007
1.4002
1.40042
1.40119
1.4025
1.40713
1.41508
1.44101
1.48941
1.61265
1.85337
2.43428
4.67889
5.19169
5.14079
4.99446
4.85701
4.71421
4.53018
4.28461
3.98761
1.40001
1.40001
1.40001
1.40003
1.40007
1.40014
1.40038
1.40086
1.40219
1.40525
1.41288
1.43131
1.47432
1.57074
1.77585
2.21247
3.95974
5.10753
5.07986
4.9664
4.80334
4.65095
4.47307
4.2506
3.98775
1.40001
1.40001
1.40001
1.40002
1.40005
1.40012
1.40027
1.4007
1.40164
1.4041
1.40998
1.42404
1.45804
1.5342
1.69905
2.03015
3.173
5.02964
5.03863
4.9604
4.78258
4.60657
4.43062
4.22519
3.98896
1.40001
1.40001
1.40001
1.40002
1.40004
1.40009
1.4002
1.40055
1.40116
1.40331
1.40691
1.41941
1.44167
1.50545
1.62883
1.89423
2.55452
4.75469
5.0104
4.94274
4.7751
4.57791
4.39936
4.2073
3.9918
1.40001
1.40001
1.40001
1.40002
1.40003
1.40007
1.40015
1.40042
1.40088
1.40247
1.40533
1.41447
1.4321
1.48082
1.57825
1.79595
2.25584
4.07515
4.91541
4.88276
4.77012
4.56392
4.38008
4.19559
3.9963
1.40001
1.40001
1.40001
1.40001
1.40002
1.40005
1.40012
1.4003
1.40068
1.40179
1.40398
1.41072
1.42355
1.46084
1.53423
1.70535
2.03226
3.22684
4.80358
4.8291
4.76016
4.58577
4.37895
4.19274
4.0049
1.40001
1.40001
1.40001
1.40001
1.40002
1.40004
1.40009
1.40021
1.40052
1.40118
1.40314
1.4069
1.41845
1.4409
1.50096
1.62181
1.87003
2.48727
4.49625
4.81088
4.75421
4.60931
4.39152
4.19869
4.01596
1.40001
1.40001
1.40001
1.40001
1.40002
1.40003
1.40007
1.40014
1.40039
1.40082
1.40229
1.40488
1.41337
1.42917
1.47476
1.56284
1.76495
2.16794
3.75825
4.73281
4.70943
4.62277
4.42567
4.21819
4.03273
1.40001
1.40001
1.40001
1.40001
1.40001
1.40002
1.40004
1.40011
1.40024
1.40066
1.40138
1.40392
1.40818
1.42263
1.44876
1.52113
1.66112
1.94272
2.81707
4.54431
4.68957
4.62891
4.46853
4.25108
4.05885
1.40001
1.40001
1.40001
1.40001
1.40001
1.40002
1.40004
1.40007
1.40018
1.40043
1.40102
1.40256
1.40589
1.4152
1.43435
1.48468
1.58715
1.80314
2.2814
4.0254
4.63439
4.60257
4.50069
4.2916
4.09117
1.40001
1.40001
1.40001
1.40001
1.40001
1.40001
1.40003
1.40005
1.40013
1.40029
1.4007
1.40175
1.40402
1.41043
1.42344
1.4592
1.53147
1.69587
2.003
3.12976
4.47745
4.55838
4.5071
4.3552
4.13159
1.40001
1.40001
1.40001
1.40001
1.40001
1.40001
1.40002
1.40004
1.40009
1.40019
1.4005
1.40106
1.40295
1.40619
1.41709
1.43666
1.49257
1.6003
1.82041
2.34646
4.08506
4.52362
4.49049
4.39454
4.18546
1.40001
1.40001
1.40001
1.40001
1.40001
1.40001
1.40001
1.40003
1.40006
1.40013
1.40031
1.40074
1.40187
1.40427
1.41108
1.42475
1.46242
1.53784
1.70724
2.02543
3.22573
4.38644
4.45337
4.40645
4.27118
1.40001
1.40001
1.40001
1.40001
1.40001
1.40001
1.40001
1.40002
1.40004
1.40009
1.40019
1.40052
1.40109
1.40302
1.40638
1.41742
1.43746
1.49431
1.60246
1.81883
2.35088
4.03141
4.42613
4.39908
4.31679
1.40001
1.40001
1.40001
1.40001
1.40001
1.40001
1.40001
1.40001
1.40003
1.40006
1.40013
1.40033
1.40071
1.40194
1.40411
1.41135
1.42408
1.46298
1.53525
1.70466
2.01545
3.19481
4.28443
4.37122
4.32989
1.40001
1.40001
1.40001
1.40001
1.40001
1.40001
1.40001
1.40001
1.40002
1.40004
1.40009
1.40019
1.40051
1.40106
1.40294
1.40622
1.41689
1.43632
1.49139
1.59571
1.80285
2.3094
3.91251
4.33538
4.31709
1.40001
1.40001
1.40001
1.40001
1.40001
1.40001
1.40001
1.40001
1.40001
1.40003
1.40006
1.40012
1.40032
1.40067
1.40186
1.40388
1.41074
1.42274
1.45946
1.52748
1.68753
1.97473
3.04148
4.16299
4.29495
1.40001
1.40001
1.40001
1.40001
1.40001
1.40001
1.40001
1.40001
1.40001
1.40002
1.40003
1.40008
1.40018
1.40045
1.40107
1.40251
1.40632
1.41433
1.43598
1.48077
1.58525
1.77228
2.2308
3.73089
4.23568
1.40001
1.40001
1.40001
1.40001
1.40001
1.40001
1.40001
1.40001
1.40001
1.40001
1.40002
1.40005
1.40011
1.40029
1.4006
1.40167
1.40347
1.40955
1.42026
1.453
1.51347
1.65756
1.90428
2.76383
4.00668
1.40001
1.40001
1.40001
1.40001
1.40001
1.40001
1.40001
1.40001
1.40001
1.40001
1.40002
1.40003
1.40007
1.40016
1.40039
1.40094
1.40218
1.40555
1.41242
1.43156
1.47032
1.56325
1.73187
2.11668
3.4428
1.40001
1.40001
1.40001
1.40001
1.40001
1.40001
1.40001
1.40001
1.40001
1.40001
1.40001
1.40002
1.40004
1.4001
1.40023
1.40054
1.40133
1.40304
1.40778
1.41729
1.44349
1.49587
1.61539
1.81646
2.39762
1.40001
1.40001
1.40001
1.40001
1.40001
1.40001
1.40001
1.40001
1.40001
1.40001
1.40001
1.40001
1.40003
1.40006
1.40013
1.40034
1.40073
1.40198
1.40415
1.41134
1.42388
1.4621
1.53179
1.691
1.98814
1.40001
1.40001
1.40001
1.40001
1.40001
1.40001
1.40001
1.40001
1.40001
1.40001
1.40001
1.40001
1.40002
1.40003
1.40009
1.40018
1.40048
1.40102
1.40267
1.40594
1.415
1.43397
1.48169
1.57739
1.75749
1.40001
1.40001
1.40001
1.40001
1.40001
1.40001
1.40001
1.40001
1.40001
1.40001
1.40001
1.40001
1.40001
1.40003
1.40005
1.40012
1.40025
1.40065
1.40144
1.40366
1.40837
1.42053
1.44728
1.5101
1.63525
1.40001
1.40001
1.40001
1.40001
1.40001
1.40001
1.40001
1.40001
1.40001
1.40001
1.40001
1.40001
1.40001
1.40002
1.40003
1.40007
1.40016
1.40037
1.40089
1.40214
1.40496
1.41244
1.42801
1.46836
1.55062
1.40001
1.40001
1.40001
1.40001
1.40001
1.40001
1.40001
1.40001
1.40001
1.40001
1.40001
1.40001
1.40001
1.40001
1.40002
1.40005
1.40009
1.40025
1.40053
1.40142
1.40309
1.40802
1.41799
1.44502
1.50032
1.40001
1.40001
1.40001
1.40001
1.40001
1.40001
1.40001
1.40001
1.40001
1.40001
1.40001
1.40001
1.40001
1.40001
1.40002
1.40004
1.40007
1.40018
1.40042
1.401
1.4025
1.40577
1.41487
1.43392
1.484
1.40001
1.40001
1.40001
1.40001
1.40001
1.40001
1.40001
1.40001
1.40001
1.40001
1.40001
1.40001
1.40001
1.40001
1.40001
1.40003
1.40007
1.40014
1.40039
1.40083
1.40236
1.40498
1.4142
1.43094
1.48065
1.40001
1.40001
1.40001
1.40001
1.40001
1.40001
1.40001
1.40001
1.40001
1.40001
1.40001
1.40001
1.40001
1.40001
1.40001
1.40003
1.40006
1.40015
1.40032
1.40093
1.40193
1.40565
1.41208
1.43364
1.47471
1.40001
1.40001
1.40001
1.40001
1.40001
1.40001
1.40001
1.40001
1.40001
1.40001
1.40001
1.40001
1.40001
1.40001
1.40001
1.40003
1.40006
1.40015
1.40032
1.4009
1.40192
1.40562
1.41195
1.4336
1.47466
1.40001
1.40001
1.40001
1.40001
1.40001
1.40001
1.40001
1.40001
1.40001
1.40001
1.40001
1.40001
1.40001
1.40001
1.40001
1.40003
1.40006
1.40014
1.40032
1.40085
1.40204
1.40519
1.41284
1.43182
1.47693
1.40001
1.40001
1.40001
1.40001
1.40001
1.40001
1.40001
1.40001
1.40001
1.40001
1.40001
1.40001
1.40001
1.40001
1.40001
1.40002
1.40006
1.40012
1.40036
1.40075
1.40223
1.4047
1.41364
1.43003
1.47888
1.40001
1.40001
1.40001
1.40001
1.40001
1.40001
1.40001
1.40001
1.40001
1.40001
1.40001
1.40001
1.40001
1.40001
1.40001
1.40003
1.40005
1.40014
1.40032
1.40083
1.40201
1.40507
1.41268
1.43124
1.47621
1.40001
1.40001
1.40001
1.40001
1.40001
1.40001
1.40001
1.40001
1.40001
1.40001
1.40001
1.40001
1.40001
1.40001
1.40001
1.40003
1.40006
1.40013
1.40033
1.40078
1.4021
1.40481
1.41305
1.4302
1.47687
1.40001
1.40001
1.40001
1.40001
1.40001
1.40001
1.40001
1.40001
1.40001
1.40001
1.40001
1.40001
1.40001
1.40001
1.40001
1.40003
1.40006
1.40013
1.40035
1.40074
1.40217
1.40459
1.41339
1.4294
1.4776
2.07221
1.44202
1.4782
1.97814
1.83753
1.75813
1.73875
1.72887
1.71881
1.6951
1.66982
1.64639
1.6271
1.60551
1.58152
1.55578
1.53091
1.50873
1.48877
1.46716
1.44207
1.42959
1.42535
1.42525
1.43248
1.45839
1.50236
1.55932
1.62612
1.69393
1.76313
1.82747
1.89114
1.9473
2.00169
2.04815
2.09249
2.13158
2.169
2.20091
2.23125
2.25799
2.28158
2.3025
2.32145
2.33805
2.35163
2.36221
2.37086
2.37665
2.38154
2.38391
2.38624
2.38476
2.38353
2.3787
2.37539
2.36877
2.36252
2.35444
2.34611
2.33623
2.32629
2.31514
2.30363
2.29118
2.27864
2.2651
2.25139
2.23686
2.22232
2.20698
2.19161
2.1756
2.15959
2.14312
2.12651
2.10956
2.09248
2.0752
2.05778
2.04024
2.02252
2.00485
1.98699
1.9693
1.95144
1.93375
1.91599
1.89846
1.88093
1.86374
1.84664
1.83008
1.81378
1.79841
1.78371
1.77075
1.75945
1.75251
2.56436
2.00882
1.92276
2.0246
1.92158
1.7725
1.71919
1.70433
1.68743
1.65462
1.62038
1.59481
1.57307
1.55243
1.52625
1.50045
1.47276
1.44846
1.42532
1.40473
1.38117
1.36499
1.35757
1.35554
1.35744
1.38098
1.41958
1.47664
1.54453
1.6158
1.68982
1.75915
1.82867
1.89297
1.95435
2.01105
2.06329
2.10945
2.15543
2.19752
2.23852
2.27342
2.30542
2.33217
2.35881
2.3805
2.40058
2.41564
2.43004
2.44047
2.44978
2.45639
2.46206
2.46559
2.46643
2.4656
2.46386
2.4604
2.45612
2.45002
2.44345
2.43515
2.42649
2.41611
2.40553
2.39337
2.3811
2.36744
2.35373
2.33888
2.32396
2.30818
2.29226
2.27569
2.25894
2.24167
2.22422
2.20637
2.18833
2.17007
2.15158
2.13306
2.11426
2.0956
2.07669
2.05799
2.03909
2.02048
2.0017
1.98331
1.96479
1.9468
1.92876
1.91143
1.89426
1.87815
1.86278
1.8492
1.83714
1.82953
3.08442
2.5055
2.25428
2.1479
2.06534
1.95553
1.84801
1.78547
1.71883
1.66231
1.61294
1.57381
1.54181
1.52661
1.50356
1.47208
1.43857
1.40684
1.3802
1.35724
1.33709
1.31845
1.3072
1.30252
1.30214
1.32172
1.35863
1.41779
1.48921
1.56496
1.64436
1.72267
1.79814
1.87112
1.93971
2.00133
2.06028
2.11346
2.16612
2.21323
2.25677
2.29491
2.33002
2.36144
2.38997
2.41546
2.43755
2.45673
2.47312
2.48689
2.49861
2.50799
2.51643
2.52275
2.52616
2.52732
2.52742
2.52656
2.52436
2.52093
2.51615
2.51039
2.5034
2.4955
2.48644
2.47652
2.46558
2.45394
2.4414
2.42828
2.41424
2.39969
2.38422
2.36832
2.35154
2.33448
2.31658
2.29858
2.27975
2.26097
2.24139
2.22199
2.20187
2.18198
2.16153
2.14131
2.12071
2.10034
2.07979
2.05943
2.03916
2.01905
1.99931
1.97978
1.96123
1.94296
1.92629
1.91032
1.89708
1.88714
3.36043
2.82736
2.49554
2.32807
2.22171
2.10836
2.0032
1.92496
1.85183
1.77411
1.6966
1.63394
1.57917
1.53927
1.50538
1.46727
1.42901
1.39219
1.36248
1.34265
1.32321
1.30332
1.28615
1.2762
1.27365
1.29271
1.33113
1.39334
1.47262
1.56033
1.64807
1.733
1.81638
1.89462
1.9683
2.03706
2.10179
2.16268
2.21973
2.27225
2.32054
2.3641
2.40423
2.43967
2.47224
2.50055
2.52598
2.5474
2.5657
2.58058
2.59297
2.60251
2.61107
2.61717
2.62094
2.62037
2.61943
2.61659
2.61353
2.60805
2.60243
2.5945
2.58663
2.57667
2.56681
2.55523
2.54378
2.53096
2.5182
2.50424
2.49027
2.47522
2.46019
2.44424
2.42833
2.4116
2.39483
2.37732
2.35974
2.34143
2.32316
2.30412
2.28535
2.26565
2.24652
2.22626
2.20688
2.18616
2.16665
2.14558
2.12609
2.10501
2.08595
2.06518
2.04674
2.02677
2.00976
1.99183
1.97776
1.96581
3.51209
3.05426
2.71216
2.49383
2.36656
2.26131
2.15522
2.06821
1.98607
1.91191
1.82984
1.76043
1.69324
1.62815
1.56475
1.51013
1.46431
1.42278
1.38732
1.35746
1.33317
1.31161
1.2946
1.28615
1.29012
1.31146
1.35754
1.42327
1.50357
1.59097
1.68303
1.77565
1.86587
1.95156
2.03356
2.109
2.18085
2.24619
2.30816
2.36366
2.41549
2.46117
2.50334
2.53994
2.57385
2.60261
2.62917
2.65084
2.67038
2.68538
2.69877
2.70814
2.71738
2.72385
2.72871
2.72826
2.72702
2.72373
2.72003
2.71429
2.7078
2.69942
2.69028
2.67943
2.66793
2.65498
2.6415
2.62675
2.61153
2.59521
2.57856
2.56101
2.54327
2.52472
2.50612
2.48669
2.46738
2.44722
2.4274
2.40671
2.38659
2.36551
2.34521
2.32387
2.30346
2.28198
2.26159
2.24009
2.21992
2.19877
2.17895
2.1581
2.13858
2.11826
2.09933
2.07999
2.06229
2.04504
2.02992
2.01863
3.60952
3.21982
2.89674
2.66297
2.50733
2.39675
2.29175
2.20262
2.11775
2.03955
1.96272
1.88686
1.82052
1.75308
1.68944
1.62303
1.56142
1.50443
1.45631
1.41351
1.37888
1.35516
1.33854
1.33605
1.34072
1.36535
1.41581
1.48175
1.56015
1.64761
1.74101
1.83917
1.93727
2.0317
2.11986
2.20112
2.27519
2.34255
2.40412
2.45994
2.51067
2.55579
2.59612
2.63119
2.66227
2.68883
2.71191
2.73115
2.74731
2.76002
2.77033
2.77725
2.78384
2.78864
2.79207
2.79115
2.78844
2.78383
2.77903
2.77262
2.76569
2.75712
2.74797
2.73743
2.72642
2.71415
2.70149
2.68759
2.6734
2.65807
2.64252
2.62588
2.60899
2.59108
2.57294
2.55392
2.53475
2.51483
2.49485
2.47415
2.45358
2.43226
2.4113
2.38953
2.36827
2.34625
2.32506
2.30301
2.28177
2.2596
2.23841
2.21634
2.1954
2.17371
2.15337
2.13251
2.11345
2.0945
2.07806
2.06488
3.67269
3.34247
3.0446
2.81061
2.63727
2.51159
2.40802
2.31615
2.23478
2.15549
2.08194
2.0072
1.93866
1.87122
1.8075
1.74359
1.68197
1.62458
1.57154
1.52795
1.48937
1.46289
1.44709
1.44423
1.4574
1.49955
1.54942
1.60938
1.67966
1.75847
1.83656
1.92115
2.01486
2.11019
2.20189
2.28581
2.36113
2.42658
2.48556
2.53768
2.58531
2.62745
2.66586
2.69907
2.72925
2.7546
2.77737
2.796
2.81231
2.82507
2.83571
2.84246
2.84881
2.85337
2.8567
2.85652
2.85325
2.84788
2.84173
2.83426
2.82596
2.81639
2.80592
2.79429
2.78174
2.76816
2.75377
2.73856
2.72272
2.7062
2.6892
2.67151
2.65355
2.63482
2.61606
2.59634
2.57684
2.55619
2.53607
2.51468
2.49409
2.47222
2.45135
2.42932
2.40849
2.38642
2.36546
2.34339
2.32244
2.30043
2.27958
2.25778
2.23716
2.21574
2.19556
2.17487
2.15562
2.13664
2.11952
2.10601
3.71754
3.43177
3.16179
2.93368
2.75375
2.61573
2.50705
2.41316
2.3333
2.25573
2.18445
2.11279
2.04526
1.98009
1.91638
1.85641
1.79551
1.74228
1.69135
1.65391
1.62434
1.60576
1.59537
1.60609
1.65096
1.69834
1.73921
1.7836
1.83038
1.87524
1.9318
1.98257
2.04069
2.12184
2.21465
2.30529
2.38801
2.45948
2.52243
2.57656
2.62535
2.66887
2.70798
2.74302
2.77432
2.80152
2.82557
2.8458
2.86314
2.87699
2.88831
2.89602
2.90215
2.90688
2.91075
2.91189
2.90982
2.90513
2.89922
2.89166
2.88347
2.87377
2.86358
2.85179
2.83961
2.82582
2.81178
2.79622
2.78053
2.76338
2.74619
2.72763
2.70906
2.68924
2.66947
2.64863
2.62795
2.60636
2.58506
2.56293
2.54125
2.51901
2.49718
2.47465
2.45257
2.42976
2.40746
2.38445
2.36209
2.33906
2.31681
2.29406
2.27214
2.25001
2.2287
2.20761
2.18736
2.16819
2.15009
2.1363
3.75209
3.50054
3.25566
3.03734
2.85616
2.71036
2.59524
2.49822
2.41581
2.34096
2.27039
2.20354
2.13669
2.07568
2.01261
1.95646
1.89838
1.84966
1.80613
1.78109
1.76036
1.75033
1.75971
1.81495
1.88226
1.92271
1.94692
1.971
1.98794
1.98952
2.01331
2.04111
2.07902
2.12896
2.19811
2.29017
2.38283
2.46988
2.54653
2.61119
2.66637
2.71301
2.75407
2.78981
2.8212
2.84861
2.873
2.893
2.9104
2.92372
2.9348
2.94222
2.94698
2.95042
2.95322
2.95389
2.9521
2.947
2.94055
2.93233
2.92347
2.91317
2.90233
2.89014
2.87739
2.86342
2.84888
2.83332
2.81723
2.80026
2.78286
2.76458
2.74596
2.72638
2.70661
2.68578
2.66498
2.6431
2.62155
2.5992
2.57734
2.55454
2.53241
2.50937
2.48704
2.46388
2.44138
2.41826
2.39564
2.37264
2.34996
2.32712
2.30453
2.28197
2.25977
2.23786
2.21659
2.19622
2.17713
2.16174
3.77871
3.55313
3.33052
3.12461
2.9466
2.7966
2.67566
2.57454
2.48921
2.41379
2.34386
2.27997
2.21523
2.15665
2.09745
2.04313
1.99184
1.94747
1.92181
1.90256
1.89188
1.90373
1.95361
2.06485
2.13848
2.15548
2.17154
2.17489
2.14629
2.11517
2.10123
2.11732
2.13845
2.17015
2.21202
2.26935
2.34657
2.43574
2.52444
2.60331
2.67134
2.72579
2.77165
2.80853
2.84067
2.86768
2.89147
2.91188
2.92932
2.94362
2.95514
2.96359
2.96917
2.9723
2.97495
2.97634
2.97592
2.97205
2.96629
2.95857
2.94974
2.9395
2.92852
2.91633
2.90347
2.88942
2.87473
2.85889
2.84256
2.82509
2.80735
2.78845
2.7695
2.74941
2.72946
2.70841
2.68771
2.66615
2.64501
2.62291
2.60119
2.57851
2.55621
2.5331
2.51037
2.48704
2.46412
2.44079
2.41796
2.39481
2.37228
2.34942
2.32726
2.30477
2.28306
2.26113
2.24014
2.2195
2.20025
2.18418
3.80458
3.59692
3.3927
3.19798
3.02529
2.87488
2.74909
2.6442
2.55512
2.47818
2.40883
2.34466
2.28367
2.22664
2.17087
2.12072
2.07496
2.04817
2.02929
2.02197
2.02925
2.076
2.21229
2.34486
2.39084
2.40082
2.3986
2.36403
2.29985
2.24536
2.21016
2.19383
2.20245
2.2175
2.24038
2.27492
2.31867
2.37511
2.4557
2.5415
2.62403
2.69618
2.7562
2.80373
2.84215
2.87291
2.89879
2.92067
2.9396
2.95548
2.96867
2.97871
2.98641
2.99047
2.99355
2.99516
2.99596
2.9938
2.9892
2.98199
2.97372
2.96355
2.95285
2.94053
2.92788
2.91373
2.8993
2.88345
2.86733
2.8499
2.83222
2.8133
2.79418
2.77387
2.75351
2.73221
2.71111
2.68915
2.66741
2.64494
2.62264
2.59975
2.57701
2.55382
2.53078
2.50738
2.48413
2.46062
2.43728
2.41382
2.39058
2.36739
2.34445
2.32174
2.29931
2.27736
2.25575
2.23517
2.21536
2.19917
3.82911
3.63527
3.44487
3.26173
3.09403
2.94586
2.81763
2.70867
2.61666
2.53648
2.46653
2.40254
2.34313
2.28765
2.23636
2.19099
2.15843
2.14497
2.13578
2.14423
2.18878
2.30973
2.51849
2.62569
2.63422
2.63233
2.60758
2.52581
2.44492
2.37768
2.32892
2.29593
2.27932
2.27659
2.28734
2.30325
2.32905
2.35958
2.40447
2.46743
2.5477
2.63026
2.70681
2.77226
2.82465
2.86553
2.897
2.92219
2.94233
2.95935
2.97337
2.9847
2.99361
2.99947
3.00262
3.00447
3.00574
3.00521
3.00235
2.99652
2.98905
2.97977
2.96946
2.95782
2.94539
2.93184
2.91759
2.90224
2.88632
2.86926
2.85184
2.83317
2.81431
2.79429
2.77439
2.75346
2.73267
2.71094
2.68931
2.66686
2.64452
2.62152
2.59863
2.57526
2.55202
2.52847
2.50505
2.48144
2.45797
2.43438
2.411
2.38752
2.36436
2.34115
2.31843
2.29575
2.27379
2.25231
2.23212
2.21468
3.85384
3.67153
3.4916
3.31782
3.15626
3.00934
2.88192
2.76927
2.67453
2.59148
2.51959
2.45498
2.39699
2.34357
2.29649
2.26152
2.24907
2.23998
2.25004
2.28586
2.39135
2.64049
2.82236
2.86158
2.86228
2.83976
2.76912
2.6704
2.58283
2.51036
2.45266
2.40783
2.37488
2.35333
2.3408
2.34444
2.35359
2.3681
2.39067
2.42099
2.46664
2.53478
2.61221
2.6909
2.76166
2.82106
2.86695
2.90227
2.92843
2.949
2.96507
2.97836
2.98894
2.99693
3.00256
3.00486
3.00682
3.00737
3.00674
3.00266
2.99661
2.98806
2.97852
2.96715
2.95515
2.94164
2.9276
2.91218
2.89629
2.87907
2.86143
2.84247
2.82335
2.80325
2.78312
2.76209
2.74114
2.71935
2.69768
2.67531
2.65302
2.63021
2.60738
2.58422
2.56101
2.53759
2.51417
2.49061
2.46716
2.44364
2.4203
2.39699
2.37388
2.35098
2.32825
2.30598
2.28396
2.26288
2.24252
2.22525
3.88024
3.70633
3.53484
3.36888
3.21352
3.06936
2.94141
2.82865
2.72942
2.64449
2.56992
2.50391
2.44696
2.39661
2.35513
2.34395
2.33796
2.34384
2.38148
2.47774
2.71923
2.97667
3.06976
3.0712
3.05505
3.00191
2.89745
2.79762
2.71119
2.6378
2.57555
2.52291
2.4788
2.44341
2.41595
2.39828
2.3867
2.39305
2.40143
2.41399
2.43589
2.46795
2.52042
2.59036
2.6679
2.74241
2.80911
2.86207
2.90298
2.93231
2.9543
2.97042
2.98299
2.99273
3.00002
3.0047
3.00703
3.00832
3.00908
3.00772
3.00366
2.99675
2.98825
2.97788
2.96657
2.9538
2.94038
2.92568
2.91048
2.89396
2.87695
2.85875
2.84031
2.8207
2.80096
2.78017
2.75921
2.73745
2.71545
2.69293
2.67016
2.64708
2.62384
2.60036
2.57689
2.55313
2.52955
2.50565
2.48203
2.45817
2.43458
2.41092
2.38751
2.36426
2.34123
2.31862
2.29631
2.27487
2.25429
2.2364
3.91119
3.74181
3.57864
3.41881
3.26872
3.12812
2.99995
2.88572
2.78576
2.696
2.62113
2.55286
2.4977
2.45063
2.43395
2.42779
2.43525
2.46997
2.56249
2.78699
3.09158
3.24771
3.25064
3.24274
3.20811
3.11546
3.0092
2.91471
2.83219
2.75983
2.69505
2.6372
2.5855
2.54016
2.501
2.46898
2.44411
2.42747
2.4212
2.42618
2.4331
2.4452
2.46754
2.50345
2.56145
2.63299
2.7086
2.78085
2.84122
2.88957
2.92421
2.94957
2.96675
2.97955
2.98865
2.99518
2.99967
3.00103
3.00246
3.00255
3.00136
2.99662
2.9898
2.9806
2.97027
2.95819
2.94537
2.93105
2.91611
2.89968
2.88277
2.86474
2.84624
2.8268
2.80699
2.78635
2.76548
2.74386
2.72212
2.69972
2.67726
2.65426
2.63124
2.60782
2.58443
2.5608
2.53724
2.51356
2.48998
2.46639
2.44288
2.41951
2.39616
2.37315
2.35014
2.3277
2.30537
2.28397
2.26334
2.24519
3.94701
3.78017
3.62229
3.46822
3.3214
3.18388
3.057
2.94138
2.83999
2.74915
2.67068
2.60496
2.5499
2.52445
2.51879
2.52464
2.55763
2.64587
2.85246
3.18597
3.38705
3.41553
3.40983
3.38009
3.30238
3.20275
3.10891
3.02423
2.94712
2.87638
2.81019
2.74886
2.69147
2.63907
2.59139
2.54937
2.51305
2.4832
2.46097
2.44528
2.44438
2.44809
2.45461
2.4672
2.49256
2.53405
2.59779
2.66946
2.74439
2.81194
2.86846
2.91037
2.94069
2.96086
2.97481
2.9841
2.99062
2.99424
2.99608
2.99698
2.99749
2.99573
2.99138
2.98393
2.9749
2.96383
2.95179
2.93817
2.92374
2.90796
2.89164
2.87411
2.85617
2.83711
2.81767
2.79728
2.77656
2.75508
2.73334
2.71101
2.6885
2.66548
2.64242
2.61889
2.59544
2.57159
2.54791
2.524
2.50024
2.47647
2.45277
2.42933
2.40584
2.38283
2.35976
2.33735
2.31503
2.29362
2.27305
2.25464
3.99369
3.82479
3.66904
3.51987
3.3759
3.24041
3.11445
2.9986
2.89502
2.80357
2.72554
2.66023
2.62133
2.61517
2.61798
2.64851
2.73066
2.92029
3.27044
3.50958
3.56107
3.55674
3.53237
3.46829
3.37474
3.285
3.20406
3.12833
3.05646
2.98704
2.91997
2.85572
2.79424
2.73666
2.68283
2.63371
2.58924
2.55001
2.51641
2.48959
2.46928
2.46053
2.45847
2.46235
2.46886
2.48302
2.51123
2.56076
2.62593
2.7004
2.77228
2.83682
2.88726
2.92482
2.9498
2.96636
2.97653
2.98288
2.98635
2.98747
2.98857
2.98831
2.98677
2.9817
2.97465
2.96511
2.95421
2.94146
2.92767
2.91245
2.89648
2.87933
2.86158
2.84278
2.82351
2.80331
2.78276
2.76145
2.73986
2.71766
2.69523
2.67236
2.64932
2.62598
2.60253
2.5789
2.55523
2.53152
2.50778
2.48419
2.46055
2.43724
2.41387
2.39097
2.36806
2.34574
2.32362
2.30229
2.28194
2.26343
4.05655
3.87695
3.71803
3.57066
3.4297
3.29592
3.17093
3.05585
2.9517
2.85972
2.78581
2.72798
2.7204
2.722
2.74786
2.82146
2.99698
3.35357
3.61476
3.69169
3.68896
3.66925
3.6176
3.53039
3.44572
3.36913
3.29741
3.22802
3.15922
3.09119
3.02353
2.95757
2.8933
2.8322
2.77405
2.71986
2.66944
2.62355
2.58212
2.5461
2.51528
2.49191
2.47487
2.47148
2.46597
2.47041
2.4776
2.49425
2.52924
2.58413
2.65247
2.72545
2.79646
2.85562
2.90209
2.9335
2.9544
2.96656
2.97368
2.97645
2.97802
2.97848
2.97849
2.97613
2.97124
2.96367
2.95434
2.94279
2.93001
2.91566
2.90049
2.88401
2.86689
2.84858
2.82976
2.80991
2.78963
2.76854
2.74708
2.72504
2.70267
2.67992
2.6569
2.63365
2.6102
2.58666
2.56297
2.53935
2.5156
2.49209
2.46848
2.44523
2.42198
2.39915
2.37646
2.35425
2.33244
2.31131
2.2913
2.27294
4.1298
3.93771
3.77282
3.62436
3.48438
3.35238
3.22838
3.11476
3.01246
2.9254
2.85391
2.83684
2.834
2.8556
2.92339
3.08849
3.44417
3.71912
3.81586
3.81371
3.79702
3.75201
3.67071
3.59045
3.5192
3.45227
3.38807
3.3228
3.25662
3.18859
3.12092
3.05325
2.98784
2.92416
2.86365
2.80571
2.75168
2.70063
2.65413
2.61117
2.57309
2.54017
2.51219
2.49095
2.47903
2.47298
2.46959
2.47427
2.48336
2.50279
2.54377
2.60311
2.67411
2.74704
2.81431
2.86897
2.90971
2.93623
2.95227
2.96091
2.96436
2.9653
2.96585
2.96502
2.9625
2.95719
2.94988
2.94013
2.9287
2.91541
2.90103
2.88524
2.86872
2.85098
2.83268
2.81331
2.79349
2.77281
2.75173
2.73002
2.70792
2.68541
2.66257
2.63951
2.61618
2.5928
2.56922
2.54574
2.52213
2.49875
2.47533
2.45224
2.42921
2.40662
2.38419
2.36235
2.34087
2.3202
2.30063
2.28272
4.21666
4.00919
3.83286
3.67947
3.54056
3.40908
3.28732
3.1749
3.07862
2.99794
2.96598
2.96053
2.97862
3.04064
3.19717
3.54846
3.83182
3.93897
3.93695
3.92174
3.88028
3.79999
3.72405
3.65686
3.59686
3.53744
3.47746
3.4136
3.34836
3.28048
3.21306
3.14521
3.07932
3.01419
2.95203
2.89168
2.83464
2.78034
2.72968
2.68213
2.63862
2.59815
2.5628
2.53164
2.50632
2.48833
2.47896
2.47057
2.46868
2.47392
2.48544
2.50947
2.5582
2.62089
2.69163
2.76457
2.82706
2.87759
2.91181
2.93378
2.94519
2.94975
2.95099
2.95113
2.95029
2.94707
2.9418
2.93402
2.9244
2.91266
2.89954
2.88478
2.86905
2.85201
2.83425
2.81549
2.79608
2.77592
2.75516
2.73386
2.71203
2.68985
2.66722
2.64441
2.62126
2.59808
2.57467
2.55138
2.52794
2.50474
2.48149
2.45862
2.4358
2.41347
2.39136
2.3699
2.34889
2.32885
2.30992
2.29289
4.25107
4.09605
3.90218
3.74095
3.59878
3.46991
3.35057
3.245
3.15491
3.10959
3.10128
3.11595
3.17353
3.3244
3.67245
3.9596
4.07205
4.06999
4.05347
4.00964
3.92779
3.85159
3.78825
3.7317
3.67792
3.62186
3.56331
3.50089
3.43639
3.36936
3.30225
3.23434
3.16794
3.10205
3.03866
2.97662
2.91787
2.86097
2.8074
2.75604
2.70787
2.66276
2.62125
2.58318
2.54976
2.52099
2.49758
2.48337
2.47252
2.46397
2.46682
2.47256
2.48616
2.51448
2.56875
2.63395
2.7058
2.77554
2.83451
2.87855
2.90816
2.92415
2.93187
2.9328
2.93315
2.9319
2.92876
2.92295
2.91513
2.9053
2.89386
2.88062
2.86606
2.85004
2.83306
2.815
2.79621
2.77659
2.75634
2.73549
2.71408
2.6923
2.67002
2.64757
2.62469
2.60183
2.57864
2.55564
2.53243
2.50953
2.48658
2.46404
2.44161
2.41974
2.39815
2.37735
2.35705
2.33798
2.31996
2.30436
4.26129
4.16852
3.97795
3.80574
3.66151
3.5324
3.41933
3.32329
3.26753
3.25616
3.26809
3.32293
3.47197
3.81995
4.10691
4.21833
4.21538
4.19551
4.14455
4.05641
3.97853
3.9163
3.86281
3.81252
3.76058
3.70572
3.64702
3.58515
3.52068
3.45455
3.38776
3.32057
3.25418
3.18832
3.12429
3.06142
3.00094
2.94193
2.8857
2.83147
2.78002
2.73129
2.68505
2.64232
2.60239
2.56657
2.53493
2.50788
2.48834
2.47427
2.4635
2.45581
2.45991
2.46766
2.4844
2.51875
2.57604
2.6425
2.71492
2.78024
2.83514
2.87291
2.89713
2.90845
2.91131
2.91138
2.9106
2.90721
2.90112
2.89293
2.88334
2.87189
2.85886
2.84427
2.82837
2.81138
2.79331
2.77451
2.75481
2.73467
2.71374
2.69258
2.67072
2.64882
2.62633
2.60391
2.58111
2.55847
2.53563
2.51311
2.49053
2.46847
2.4465
2.4253
2.40434
2.38451
2.36519
2.3476
2.33093
2.3177
4.23596
4.1915
4.07559
3.89008
3.73336
3.60631
3.50018
3.43659
3.42262
3.43299
3.48824
3.64117
3.9958
4.28138
4.38472
4.37969
4.35284
4.28883
4.19369
4.11278
4.04812
3.99578
3.94679
3.89794
3.84543
3.79002
3.73053
3.669
3.60463
3.53952
3.47285
3.40649
3.33977
3.27406
3.20899
3.1454
3.08323
3.02288
2.96452
2.90806
2.85401
2.80186
2.75244
2.70527
2.66116
2.61985
2.58218
2.54783
2.51833
2.49293
2.47625
2.46063
2.44957
2.44442
2.44882
2.45838
2.47878
2.52111
2.57922
2.64749
2.71825
2.77997
2.82888
2.86118
2.87917
2.88597
2.88631
2.88536
2.88245
2.87601
2.86832
2.85842
2.84694
2.8338
2.81937
2.80365
2.7867
2.7689
2.75002
2.73071
2.71047
2.69002
2.66886
2.64757
2.62579
2.60398
2.58182
2.55982
2.53754
2.51568
2.49364
2.47232
2.45098
2.4307
2.41067
2.39214
2.37426
2.35877
2.34415
2.33449
4.21419
4.19406
4.1318
3.98254
3.81927
3.69055
3.61655
3.59963
3.60876
3.66834
3.83182
4.19936
4.48367
4.57289
4.56447
4.52791
4.44454
4.34065
4.25462
4.18611
4.13234
4.08252
4.03491
3.98335
3.92996
3.87207
3.8127
3.75016
3.6867
3.62128
3.55537
3.48875
3.42218
3.35614
3.29059
3.22654
3.16332
3.10201
3.04187
2.98375
2.92723
2.87285
2.82061
2.77051
2.72311
2.67779
2.63564
2.59578
2.55974
2.52681
2.49828
2.47594
2.45831
2.44328
2.43072
2.43188
2.43618
2.44697
2.46923
2.51899
2.57833
2.64808
2.71438
2.77315
2.8145
2.84153
2.8546
2.85539
2.85507
2.85301
2.84808
2.83986
2.82955
2.81814
2.80513
2.791
2.77546
2.75887
2.74132
2.72284
2.70379
2.68401
2.66384
2.64327
2.62232
2.60133
2.57993
2.55884
2.53735
2.51648
2.49534
2.47512
2.4549
2.43594
2.41744
2.40072
2.38515
2.37267
2.36136
2.35404
4.12189
4.18283
4.15214
4.07477
3.91893
3.81103
3.79041
3.7974
3.86354
4.04448
4.4322
4.7156
4.7865
4.77362
4.72676
4.61502
4.50051
4.40483
4.33308
4.27422
4.224
4.17368
4.124
4.06967
4.01431
3.95458
3.89452
3.83112
3.76793
3.70216
3.63683
3.56988
3.50372
3.43707
3.37154
3.30648
3.2427
3.18003
3.11875
3.05903
3.00087
2.94468
2.89007
2.83782
2.78712
2.73898
2.69264
2.64895
2.60767
2.56922
2.53404
2.50253
2.4751
2.45519
2.43491
2.42047
2.40911
2.41191
2.41757
2.43078
2.45872
2.51025
2.57226
2.64113
2.70422
2.7572
2.79213
2.81457
2.82043
2.82054
2.81899
2.81456
2.80624
2.79639
2.78524
2.77252
2.7588
2.74388
2.72787
2.71101
2.69301
2.6747
2.65528
2.63609
2.61581
2.59615
2.57549
2.5557
2.53512
2.51561
2.49562
2.47696
2.45829
2.4413
2.42505
2.4111
2.39956
2.39065
2.38216
2.37901
3.82923
4.15637
4.16191
4.13209
4.04769
4.02035
4.01604
4.07773
4.27578
4.69985
4.98474
5.029
5.00931
4.94693
4.80464
4.67446
4.57123
4.49124
4.42918
4.37394
4.32257
4.2688
4.21463
4.1569
4.09864
4.03696
3.9755
3.91123
3.84762
3.78158
3.71628
3.64913
3.5829
3.51588
3.44995
3.38428
3.31979
3.25622
3.19404
3.13302
3.07373
3.01567
2.95956
2.90484
2.852
2.801
2.75155
2.70465
2.65902
2.61652
2.57562
2.53815
2.50359
2.4725
2.44722
2.4253
2.40553
2.39002
2.38375
2.38591
2.39269
2.40868
2.44324
2.496
2.55966
2.6259
2.6858
2.73166
2.76126
2.77595
2.77806
2.77754
2.77518
2.76894
2.75909
2.74791
2.73557
2.7225
2.70818
2.69331
2.67702
2.66049
2.64259
2.62483
2.60595
2.58751
2.56824
2.54966
2.53059
2.51247
2.49431
2.47742
2.46117
2.4467
2.43379
2.42462
2.41716
2.41133
2.40934
2.41093
3.08325
3.99345
4.1604
4.18177
4.18538
4.21443
4.31856
4.60178
5.01142
5.279
5.29295
5.26437
5.18123
5.01532
4.86693
4.7521
4.66528
4.59645
4.53627
4.48006
4.42394
4.36686
4.30783
4.24747
4.18538
4.12217
4.05788
3.99278
3.92716
3.8609
3.79448
3.72765
3.66097
3.5942
3.5279
3.46194
3.3967
3.33233
3.26889
3.20672
3.14575
3.08612
3.02804
2.97118
2.9162
2.86231
2.81061
2.76007
2.71173
2.665
2.62054
2.57823
2.53834
2.5012
2.46725
2.43734
2.41253
2.38846
2.36916
2.35269
2.35235
2.35442
2.36189
2.37878
2.42059
2.47433
2.53937
2.6019
2.65826
2.69557
2.71881
2.72766
2.72811
2.72683
2.72291
2.71466
2.70437
2.69318
2.68037
2.66771
2.65323
2.63902
2.62301
2.60738
2.59035
2.57384
2.55645
2.5398
2.52279
2.50683
2.49117
2.477
2.46418
2.45314
2.44687
2.4411
2.43934
2.43904
2.44155
2.45666
2.19504
3.57041
4.10328
4.26383
4.36457
4.55801
4.94719
5.39853
5.6267
5.61329
5.55392
5.41416
5.23655
5.07754
4.94907
4.85415
4.77854
4.71247
4.64949
4.58753
4.52529
4.46265
4.3993
4.33568
4.27118
4.20626
4.14025
4.07386
4.00653
3.93917
3.87119
3.80358
3.73561
3.6683
3.60091
3.53441
3.46819
3.40309
3.33862
3.27542
3.21315
3.15222
3.09251
3.0341
2.97705
2.92139
2.86727
2.81451
2.76348
2.71378
2.66581
2.61944
2.57504
2.53266
2.49284
2.45575
2.4219
2.39308
2.36623
2.34124
2.32269
2.31002
2.30996
2.31285
2.32264
2.34451
2.39049
2.44729
2.51047
2.57102
2.61766
2.64983
2.66591
2.67083
2.67075
2.66895
2.66405
2.65473
2.64428
2.63298
2.6211
2.60868
2.59569
2.5821
2.56807
2.55365
2.53917
2.52476
2.51084
2.49764
2.48565
2.47539
2.4672
2.46318
2.46175
2.46142
2.46398
2.47322
2.4862
2.52397
1.86877
2.60528
3.85704
4.35481
4.7031
5.27677
5.83557
6.01598
5.9889
5.88912
5.65626
5.45964
5.29428
5.15795
5.05669
4.9753
4.90381
4.83511
4.76662
4.69827
4.63013
4.56286
4.49522
4.42785
4.35919
4.29032
4.22034
4.15106
4.08122
4.01239
3.94304
3.87475
3.80614
3.73861
3.67105
3.60446
3.53803
3.47254
3.40749
3.34342
3.2802
3.21772
3.15644
3.09584
3.03684
2.97848
2.92171
2.86586
2.81164
2.75861
2.70723
2.65727
2.60908
2.56256
2.51807
2.47567
2.43594
2.39877
2.36629
2.33604
2.30808
2.28459
2.26592
2.26022
2.26
2.26375
2.27588
2.30597
2.3535
2.41412
2.47478
2.52983
2.56859
2.59392
2.60591
2.60743
2.60725
2.60566
2.5995
2.59108
2.58097
2.57118
2.56032
2.54987
2.53842
2.52752
2.51602
2.50539
2.49501
2.48628
2.47887
2.47434
2.47384
2.47434
2.47728
2.48597
2.50063
2.52869
2.55264
2.60727
1.71715
2.06976
3.22355
4.39991
5.42179
6.27362
6.44376
6.3939
6.21724
5.91949
5.6791
5.50175
5.36332
5.26277
5.17859
5.10233
5.02751
4.95365
4.87802
4.80266
4.72622
4.6518
4.5771
4.50555
4.43429
4.36561
4.29599
4.22736
4.15678
4.08704
4.01581
3.94592
3.87515
3.80604
3.73648
3.66862
3.60072
3.53421
3.46799
3.4027
3.33786
3.27387
3.21074
3.14827
3.08707
3.02645
2.9674
2.90901
2.85219
2.79633
2.74198
2.68887
2.63733
2.58723
2.53897
2.49234
2.44803
2.40576
2.36638
2.33045
2.29765
2.26702
2.23909
2.21807
2.20223
2.20042
2.20102
2.2064
2.22302
2.26029
2.31384
2.37309
2.43161
2.47685
2.51082
2.52832
2.53754
2.53865
2.53919
2.53743
2.53155
2.52457
2.51693
2.50905
2.5014
2.49396
2.487
2.48097
2.47591
2.47308
2.47361
2.47533
2.47906
2.48816
2.50161
2.52585
2.55647
2.60036
2.63626
2.70044
1.62942
1.87105
2.50501
4.18233
6.60383
6.86875
6.78621
6.47842
6.15385
5.88374
5.69445
5.55021
5.45036
5.37038
5.29337
5.21535
5.13552
5.0548
4.97385
4.89386
4.8147
4.73687
4.66005
4.58441
4.50904
4.43508
4.36079
4.28787
4.21452
4.14254
4.07023
3.99944
3.92836
3.85875
3.78884
3.72035
3.65154
3.58407
3.51639
3.44986
3.38347
3.31796
3.25293
3.18868
3.12523
3.06258
3.00094
2.94032
2.88068
2.82241
2.76508
2.70938
2.65477
2.60183
2.5504
2.50054
2.45276
2.40659
2.36312
2.32161
2.28374
2.24868
2.21575
2.18593
2.16127
2.14231
2.13384
2.13215
2.13457
2.14328
2.16806
2.21214
2.26922
2.32632
2.37822
2.417
2.44283
2.45768
2.46464
2.46657
2.46773
2.4669
2.46279
2.45868
2.45472
2.45215
2.44927
2.45069
2.45257
2.45605
2.46284
2.47377
2.48781
2.51022
2.54219
2.5833
2.629
2.68405
2.72708
2.79008
1.58936
1.82431
2.3905
4.04393
6.86925
6.84946
6.53741
6.19922
5.93623
5.77732
5.65244
5.56728
5.49879
5.42958
5.35499
5.27554
5.19319
5.10954
5.02673
4.94431
4.8639
4.78348
4.70523
4.62617
4.54956
4.4719
4.39692
4.3209
4.2477
4.17368
4.10237
4.03017
3.96029
3.8894
3.8205
3.75054
3.68235
3.61318
3.54562
3.47721
3.41034
3.34276
3.27678
3.21029
3.14547
3.08051
3.01714
2.9542
2.8926
2.83209
2.77263
2.71483
2.65793
2.603
2.54907
2.49722
2.44663
2.39821
2.35143
2.30703
2.26476
2.22555
2.18917
2.15497
2.12368
2.09688
2.07632
2.06134
2.05882
2.05903
2.06347
2.07858
2.11365
2.16436
2.21987
2.27468
2.31825
2.35166
2.37196
2.38466
2.39232
2.39557
2.39864
2.40043
2.40182
2.40504
2.40907
2.41393
2.42251
2.43904
2.45401
2.47602
2.50639
2.54747
2.59589
2.65101
2.70617
2.76341
2.80442
2.85661
1.58095
1.81022
2.39577
4.19387
6.43368
6.32198
5.99909
5.79288
5.69227
5.62548
5.57933
5.53196
5.47511
5.40821
5.33509
5.25685
5.17559
5.09254
5.01104
4.93101
4.85296
4.7742
4.69598
4.61622
4.53791
4.45914
4.38349
4.30736
4.23499
4.16183
4.09224
4.02121
3.95321
3.8834
3.81611
3.74701
3.67993
3.61123
3.54413
3.47574
3.40862
3.34067
3.27379
3.20665
3.14047
3.07469
3.00976
2.94592
2.88274
2.82134
2.76031
2.70167
2.64322
2.58742
2.53197
2.4791
2.42695
2.37728
2.32863
2.28266
2.23794
2.19632
2.15649
2.12031
2.08531
2.05418
2.0264
2.00447
1.98714
1.98151
1.98078
1.98272
1.99351
2.01805
2.06223
2.11564
2.1711
2.21826
2.25681
2.28289
2.30162
2.31422
2.32379
2.332
2.33983
2.34939
2.36046
2.37725
2.3966
2.42079
2.44982
2.49001
2.53895
2.59554
2.65578
2.71662
2.77133
2.82097
2.85276
2.89146
1.58379
1.80036
2.37017
4.22845
6.18215
5.928
5.65825
5.55096
5.51566
5.49715
5.46744
5.42139
5.36292
5.29771
5.22665
5.1532
5.07708
5.00125
4.92351
4.84602
4.76652
4.68772
4.60703
4.52773
4.44791
4.37144
4.29651
4.22622
4.15673
4.09114
4.02492
3.96155
3.89659
3.83363
3.76875
3.70508
3.6396
3.57469
3.50837
3.44227
3.37526
3.3085
3.24127
3.17472
3.10797
3.04253
2.97706
2.91342
2.84995
2.78857
2.7276
2.66875
2.61063
2.55443
2.49945
2.4459
2.39433
2.34357
2.29557
2.24801
2.20375
2.15998
2.11987
2.08077
2.04554
2.01096
1.98084
1.953
1.93071
1.91296
1.90423
1.90274
1.90444
1.91121
1.93025
1.96835
2.0192
2.07193
2.12269
2.16376
2.19703
2.22112
2.24031
2.25719
2.27304
2.29042
2.3127
2.33956
2.3692
2.40675
2.45523
2.51284
2.57569
2.64138
2.70336
2.7598
2.80459
2.84277
2.86353
2.89288
1.58374
1.8013
2.37839
4.26825
6.1354
5.82705
5.55635
5.44894
5.41357
5.3862
5.34546
5.29473
5.23548
5.17216
5.10302
5.03014
4.95298
4.87325
4.79129
4.70832
4.62601
4.54467
4.46673
4.39108
4.31989
4.25111
4.18586
4.12318
4.06246
4.00327
3.94389
3.88536
3.82508
3.76545
3.70306
3.64155
3.57657
3.5132
3.44593
3.38136
3.31275
3.24798
3.17938
3.11533
3.04797
2.98532
2.92002
2.85919
2.79637
2.73764
2.6775
2.62097
2.56374
2.50942
2.45531
2.40331
2.35246
2.30305
2.25549
2.20908
2.16486
2.12188
2.08119
2.04213
2.00561
1.97094
1.9385
1.90894
1.8825
1.86013
1.84294
1.83232
1.83105
1.83212
1.83738
1.85189
1.88549
1.9325
1.98487
2.03669
2.08221
2.1209
2.1521
2.17976
2.20547
2.23396
2.26668
2.3032
2.34821
2.40348
2.46657
2.53446
2.60209
2.6649
2.71911
2.76343
2.79722
2.82441
2.83908
2.86393
1.58154
1.80302
2.38342
4.27729
6.11206
5.7885
5.50754
5.39442
5.34914
5.31206
5.26794
5.21387
5.15159
5.08028
5.00315
4.92062
4.83599
4.75017
4.66595
4.58379
4.50569
4.43115
4.36094
4.29411
4.2303
4.16871
4.10838
4.04897
3.99017
3.93135
3.87239
3.81217
3.75173
3.68902
3.62675
3.56171
3.49807
3.43173
3.36755
3.30122
3.23729
3.172
3.10895
3.04523
2.98355
2.92153
2.86167
2.80139
2.74363
2.68525
2.6297
2.57348
2.52017
2.46638
2.41541
2.36418
2.3157
2.26713
2.22125
2.17558
2.1323
2.08991
2.04934
2.0106
1.97323
1.93862
1.90493
1.87455
1.84562
1.82087
1.79885
1.78246
1.77147
1.77069
1.77149
1.77658
1.78859
1.81939
1.86355
1.91682
1.97015
2.02179
2.06664
2.10892
2.14725
2.19086
2.23394
2.28702
2.34802
2.41669
2.48713
2.55617
2.61799
2.67066
2.71301
2.74618
2.7716
2.79248
2.80449
2.82729
1.57806
1.80411
2.38499
4.26527
6.11028
5.77978
5.48257
5.36113
5.31871
5.28418
5.23846
5.18071
5.11421
5.03643
4.95038
4.85831
4.76628
4.67599
4.59156
4.51146
4.43789
4.36761
4.30206
4.23777
4.17621
4.11431
4.05357
3.99162
3.92989
3.86727
3.80441
3.74105
3.67709
3.61328
3.54874
3.48512
3.42079
3.35792
3.29449
3.23262
3.1705
3.10963
3.04904
2.9891
2.93016
2.87122
2.81397
2.75626
2.70072
2.64458
2.59073
2.53662
2.48445
2.43274
2.38235
2.33322
2.28482
2.23839
2.1922
2.14848
2.10489
2.06381
2.02319
1.98497
1.94757
1.91268
1.87894
1.84756
1.81821
1.79125
1.76749
1.74691
1.73122
1.72174
1.72144
1.72287
1.72754
1.74185
1.77036
1.81716
1.87033
1.93038
1.98832
2.04703
2.10337
2.16238
2.22485
2.29456
2.36689
2.44092
2.5091
2.57024
2.62014
2.66116
2.69274
2.71862
2.7387
2.75665
2.76742
2.78816
1.57969
1.80036
2.38554
4.24702
6.1231
5.78548
5.46954
5.34251
5.30346
5.27397
5.23167
5.17276
5.10234
5.02378
4.93675
4.84234
4.74475
4.64974
4.5607
4.47956
4.40486
4.33586
4.26972
4.20589
4.14222
4.07895
4.01472
3.95035
3.88496
3.81966
3.75402
3.68894
3.62413
3.56004
3.49665
3.4339
3.37204
3.31065
3.25015
3.18996
3.13059
3.07144
3.01304
2.95492
2.8975
2.8405
2.78419
2.72849
2.67355
2.61933
2.56607
2.51344
2.46222
2.41119
2.36236
2.31298
2.26678
2.21916
2.17572
2.13014
2.08937
2.04633
2.0081
1.96814
1.93245
1.89611
1.86318
1.83093
1.80127
1.77353
1.74824
1.72608
1.70722
1.6927
1.68672
1.68689
1.68916
1.6959
1.71021
1.74516
1.79258
1.85338
1.92051
1.99483
2.0707
2.15061
2.23117
2.31402
2.39093
2.46229
2.52121
2.57127
2.60957
2.64173
2.66636
2.68821
2.70538
2.72191
2.73175
2.75002
1.57762
1.79983
2.3835
4.23127
6.1394
5.79319
5.46336
5.33056
5.29378
5.26829
5.22936
5.17296
5.10197
5.02302
4.93747
4.84451
4.7456
4.64762
4.55467
4.47074
4.39396
4.324
4.25689
4.1923
4.1272
4.06259
3.99644
3.93057
3.8635
3.7972
3.73074
3.66528
3.60055
3.53674
3.47412
3.41205
3.35129
3.29067
3.2313
3.17183
3.1135
3.05502
2.99755
2.94005
2.88342
2.82708
2.77138
2.71646
2.66184
2.60863
2.55526
2.50397
2.45208
2.40281
2.35271
2.30543
2.25752
2.21217
2.16682
2.12339
2.08088
2.03952
2.00002
1.96105
1.9246
1.88858
1.85524
1.82277
1.79268
1.76429
1.73814
1.71474
1.69386
1.67756
1.66474
1.66437
1.66522
1.66903
1.67743
1.70026
1.73939
1.79795
1.86967
1.95671
2.05077
2.1504
2.24539
2.33523
2.4103
2.47461
2.52328
2.56417
2.59446
2.62159
2.64239
2.66243
2.678
2.69367
2.70282
2.71895
1.57597
1.79999
2.38186
4.22243
6.15039
5.79877
5.46121
5.32461
5.2887
5.26576
5.22896
5.17442
5.10411
5.02508
4.94017
4.84817
4.74939
4.65036
4.55578
4.47034
4.3925
4.3219
4.25436
4.1894
4.12385
4.05871
3.99204
3.92572
3.85838
3.79186
3.72528
3.65984
3.59516
3.5315
3.46903
3.40714
3.34655
3.28612
3.22693
3.16764
3.10948
3.05116
2.99386
2.93653
2.88008
2.82389
2.76837
2.7136
2.65913
2.60606
2.55277
2.50166
2.44968
2.40072
2.35026
2.30356
2.25489
2.2105
2.16396
2.12183
2.07786
2.03791
1.99694
1.95918
1.92156
1.88621
1.85216
1.81976
1.78937
1.76061
1.73415
1.71012
1.68835
1.6713
1.65557
1.65361
1.65393
1.65654
1.66308
1.68032
1.71436
1.76972
1.84337
1.9385
2.0446
2.15732
2.26044
2.35208
2.42334
2.48168
2.52381
2.55964
2.58589
2.61069
2.62966
2.64885
2.66353
2.67871
2.68743
2.70231
)
;

boundaryField
{
    inlet
    {
        type            calculated;
        value           uniform 1.40001;
    }
    outlet
    {
        type            calculated;
        value           nonuniform List<scalar> 
40
(
1.74817
1.82499
1.88244
1.96092
2.0136
2.05974
2.10078
2.131
2.15639
2.17879
2.19375
2.20925
2.21981
2.23096
2.23975
2.2492
2.25799
2.2675
2.27728
2.28744
2.2989
2.31219
2.32893
2.3484
2.37325
2.40497
2.45036
2.51711
2.59967
2.69197
2.78076
2.84665
2.88111
2.88234
2.85333
2.81667
2.77755
2.73944
2.70842
2.69181
)
;
    }
    bottom
    {
        type            symmetryPlane;
    }
    top
    {
        type            symmetryPlane;
    }
    obstacle
    {
        type            calculated;
        value           nonuniform List<scalar> 
110
(
5.98605
5.98694
5.97464
5.9488
5.91781
5.86877
5.79981
5.69705
5.5346
5.2712
2.07221
1.44202
1.4782
1.97814
1.83753
1.75813
1.73875
1.72887
1.71881
1.6951
1.66982
1.64639
1.6271
1.60551
1.58152
1.55578
1.53091
1.50873
1.48877
1.46716
1.44207
1.42959
1.42535
1.42525
1.43248
1.45839
1.50236
1.55932
1.62612
1.69393
1.76313
1.82747
1.89114
1.9473
2.00169
2.04815
2.09249
2.13158
2.169
2.20091
2.23125
2.25799
2.28158
2.3025
2.32145
2.33805
2.35163
2.36221
2.37086
2.37665
2.38154
2.38391
2.38624
2.38476
2.38353
2.3787
2.37539
2.36877
2.36252
2.35444
2.34611
2.33623
2.32629
2.31514
2.30363
2.29118
2.27864
2.2651
2.25139
2.23686
2.22232
2.20698
2.19161
2.1756
2.15959
2.14312
2.12651
2.10956
2.09248
2.0752
2.05778
2.04024
2.02252
2.00485
1.98699
1.9693
1.95144
1.93375
1.91599
1.89846
1.88093
1.86374
1.84664
1.83008
1.81378
1.79841
1.78371
1.77075
1.75945
1.75251
)
;
    }
    defaultFaces
    {
        type            empty;
    }
}


// ************************************************************************* //
