/*--------------------------------*- C++ -*----------------------------------*\
  =========                 |
  \\      /  F ield         | OpenFOAM: The Open Source CFD Toolbox
   \\    /   O peration     | Website:  https://openfoam.org
    \\  /    A nd           | Version:  9
     \\/     M anipulation  |
\*---------------------------------------------------------------------------*/
FoamFile
{
    format      ascii;
    class       volScalarField;
    location    "4.5";
    object      Ma;
}
// * * * * * * * * * * * * * * * * * * * * * * * * * * * * * * * * * * * * * //

dimensions      [0 0 0 0 0 0 0];

internalField   nonuniform List<scalar> 
5250
(
3
2.99997
2.99991
2.99977
2.99939
2.99851
2.99631
2.99078
2.97769
2.94347
2.86201
2.65357
2.1787
1.2955
0.535776
0.266374
0.323369
0.33913
0.305546
0.250363
0.199096
0.158139
0.117624
0.0728555
0.0398725
3
2.99997
2.99991
2.99977
2.9994
2.99853
2.99637
2.99093
2.97806
2.94437
2.86426
2.659
2.19019
1.31295
0.544823
0.267334
0.325639
0.342213
0.308873
0.254521
0.204468
0.164849
0.126425
0.0866372
0.062597
3
2.99997
2.99991
2.99978
2.99943
2.99858
2.9965
2.99119
2.97888
2.9461
2.86914
2.67036
2.21525
1.35245
0.565984
0.272174
0.332715
0.351183
0.318735
0.266457
0.21909
0.182543
0.14866
0.116715
0.100186
3
2.99998
2.99992
2.99979
2.99945
2.99866
2.99667
2.99171
2.97991
2.94903
2.87603
2.68784
2.25331
1.41487
0.5989
0.281767
0.344919
0.366194
0.335164
0.285691
0.241542
0.208716
0.179678
0.154082
0.141512
3
2.99998
2.99993
2.99979
2.99953
2.99866
2.99709
2.99189
2.98193
2.95185
2.88588
2.70916
2.30406
1.49995
0.643248
0.299301
0.363548
0.387635
0.358109
0.311739
0.270634
0.241317
0.216653
0.195792
0.185733
3
2.99998
2.99993
2.99983
2.99953
2.99887
2.99714
2.99299
2.98283
2.957
2.89477
2.73663
2.36245
1.6076
0.700825
0.330397
0.391747
0.417004
0.388829
0.345268
0.306865
0.280686
0.259886
0.243358
0.235903
3
2.99998
2.99994
2.99984
2.99956
2.99902
2.99726
2.99404
2.98347
2.9629
2.90221
2.76471
2.4198
1.71811
0.76433
0.366675
0.423851
0.448852
0.423433
0.384443
0.349425
0.326785
0.310306
0.298665
0.295684
3
2.99998
2.99995
2.99984
2.99965
2.99899
2.99778
2.99396
2.98622
2.96401
2.9142
2.78215
2.47088
1.80643
0.832995
0.404714
0.450274
0.471852
0.454482
0.423918
0.395648
0.37853
0.36836
0.364306
0.371357
3
2.99999
2.99995
2.99988
2.99963
2.9992
2.99773
2.99507
2.98647
2.96918
2.91954
2.8057
2.51527
1.89801
0.927728
0.46455
0.470676
0.485755
0.482352
0.462499
0.443488
0.434842
0.433999
0.444193
0.474298
3
2.99999
2.99996
2.99988
2.9997
2.99921
2.99817
2.9951
2.98894
2.9703
2.93122
2.82213
2.56719
1.99427
1.04677
0.536231
0.486064
0.501826
0.509175
0.500043
0.492248
0.493604
0.509036
0.549071
0.650609
3
2.99999
2.99996
2.99989
2.99974
2.9993
2.99839
2.99568
2.99029
2.97384
2.93962
2.84354
2.61864
2.09992
1.19212
0.620416
0.503713
0.521062
0.53627
0.537087
0.53993
0.554521
0.592678
0.675722
0.844171
3
2.99999
2.99997
2.99991
2.99977
2.99942
2.99857
2.99642
2.99143
2.97801
2.94772
2.86679
2.67296
2.21742
1.37077
0.719378
0.528963
0.54606
0.565484
0.574403
0.586443
0.61441
0.671513
0.778293
0.960296
3
3
2.99997
2.99993
2.9998
2.99955
2.99874
2.9972
2.99249
2.98265
2.95518
2.89223
2.72782
2.34731
1.58726
0.835514
0.572438
0.584439
0.601561
0.615141
0.6333
0.670184
0.735977
0.844065
1.0033
3
3
2.99998
2.99994
2.99985
2.99961
2.99905
2.99757
2.99432
2.98519
2.96562
2.91147
2.78651
2.47566
1.83372
0.967631
0.635991
0.633657
0.645781
0.661566
0.681692
0.72036
0.785798
0.884255
1.02014
3.00001
3
2.99999
2.99996
2.99987
2.99969
2.99919
2.99814
2.99501
2.98886
2.96993
2.93108
2.82159
2.56956
2.00602
1.1097
0.704294
0.672832
0.686675
0.704559
0.726999
0.765108
0.825897
0.912799
1.02928
3.00001
3
2.99999
2.99997
2.9999
2.99976
2.99935
2.99846
2.99614
2.99054
2.97687
2.94236
2.85844
2.64826
2.17225
1.32141
0.809084
0.704156
0.716635
0.737293
0.765438
0.803446
0.859574
0.936279
1.03627
3.00001
3
2.99999
2.99997
2.99992
2.99981
2.9995
2.99877
2.99701
2.99247
2.98214
2.95427
2.89036
2.72384
2.33973
1.5832
0.939956
0.745654
0.747845
0.767428
0.79895
0.836769
0.88873
0.956641
1.04342
3.00001
3
3
2.99998
2.99994
2.99986
2.9996
2.99913
2.9976
2.99468
2.98589
2.96735
2.91661
2.79895
2.50802
1.90186
1.10205
0.812103
0.791279
0.805354
0.833687
0.870059
0.916578
0.976547
1.05129
3.00001
3
3
2.99999
2.99996
2.99988
2.99973
2.99927
2.99833
2.99567
2.98973
2.97434
2.93744
2.84513
2.62025
2.11898
1.28554
0.887762
0.828363
0.840443
0.865746
0.901298
0.943417
0.996341
1.06112
3.00001
3.00001
3
2.99999
2.99997
2.99991
2.9998
2.99944
2.99879
2.99663
2.9926
2.98013
2.95413
2.88237
2.7149
2.31484
1.55701
1.01505
0.871383
0.873037
0.893759
0.92767
0.968097
1.0154
1.07232
3.00001
3.00001
3
3
2.99998
2.99995
2.99985
2.99963
2.99906
2.99772
2.99443
2.9862
2.96695
2.91719
2.79943
2.51309
1.91278
1.18516
0.936538
0.913071
0.926266
0.955275
0.993199
1.03558
1.08513
3.00001
3.00001
3
3
2.99999
2.99996
2.99989
2.99974
2.9993
2.99843
2.99576
2.99066
2.97475
2.94284
2.85235
2.64694
2.17335
1.39166
1.01698
0.950605
0.959295
0.98315
1.01742
1.05583
1.09973
3.00001
3.00001
3.00001
3
2.99999
2.99997
2.99993
2.9998
2.99955
2.99877
2.99726
2.99276
2.9833
2.95732
2.89789
2.74488
2.39399
1.69671
1.1524
1.00054
0.99369
1.00867
1.03835
1.0754
1.11566
3.00001
3.00001
3.00001
3
3
2.99998
2.99995
2.99987
2.99967
2.99922
2.99798
2.9954
2.98791
2.97261
2.92897
2.83262
2.58854
2.06648
1.34709
1.07608
1.0331
1.03993
1.06255
1.0955
1.13249
3.00001
3.00001
3.00001
3
3
2.99999
2.99997
2.99992
2.99977
2.99948
2.99858
2.99692
2.99158
2.98138
2.95106
2.88554
2.71302
2.32902
1.61536
1.18611
1.07679
1.07166
1.08526
1.11387
1.14915
3.00001
3.00001
3.00001
3.00001
3
3
2.99998
2.99994
2.99986
2.99964
2.99911
2.99789
2.99459
2.98766
2.96791
2.92612
2.81296
2.55895
2.00443
1.36137
1.13957
1.10751
1.11352
1.13547
1.1664
3.00001
3.00001
3.00001
3.00001
3
3
2.99999
2.99997
2.9999
2.99977
2.99938
2.99865
2.99629
2.99199
2.97841
2.95124
2.87495
2.70326
2.29777
1.60269
1.2315
1.14668
1.1427
1.15602
1.18231
3.00001
3.00001
3.00001
3.00001
3.00001
3
3
2.99998
2.99994
2.99985
2.99961
2.99909
2.99772
2.99453
2.98674
2.96739
2.92172
2.80765
2.54124
1.9788
1.39607
1.20338
1.17556
1.18149
1.20211
3.00001
3.00001
3.00001
3.00001
3.00001
3
3
2.99999
2.99997
2.9999
2.99976
2.99939
2.9986
2.99634
2.99182
2.9784
2.95119
2.87506
2.70521
2.30353
1.63891
1.29677
1.21648
1.21034
1.22117
3.00001
3.00001
3.00001
3.00001
3.00001
3.00001
3
3
2.99998
2.99995
2.99984
2.99965
2.99904
2.99791
2.99445
2.9875
2.96798
2.92516
2.81426
2.56177
2.02094
1.46308
1.27367
1.24268
1.24542
3.00001
3.00001
3.00001
3.00001
3.00001
3.00001
3
3
2.99999
2.99997
2.99991
2.99978
2.99941
2.99871
2.99648
2.99241
2.97961
2.95433
2.88319
2.72532
2.34882
1.71655
1.37238
1.28377
1.27344
3.00001
3.00001
3.00001
3.00001
3.00001
3.00001
3.00001
3
3
2.99998
2.99995
2.99986
2.99967
2.99915
2.99803
2.99515
2.98835
2.97209
2.93168
2.8371
2.61023
2.12383
1.55326
1.34415
1.30695
3.00001
3.00001
3.00001
3.00001
3.00001
3.00001
3.00001
3.00001
3
2.99999
2.99997
2.99992
2.9998
2.99948
2.99884
2.99688
2.99328
2.98187
2.95992
2.89676
2.75903
2.4246
1.82557
1.44586
1.34452
3.00001
3.00001
3.00001
3.00001
3.00001
3.00001
3.00001
3.00001
3
3
2.99998
2.99996
2.99988
2.99971
2.99928
2.99824
2.99586
2.98961
2.97625
2.93959
2.8601
2.65939
2.22551
1.64851
1.41543
3.00001
3.00001
3.00001
3.00001
3.00001
3.00001
3.00001
3.00001
3.00001
3
2.99999
2.99998
2.99993
2.99983
2.99955
2.99902
2.99736
2.99432
2.98473
2.96636
2.91347
2.79911
2.51679
1.97559
1.54466
3.00001
3.00001
3.00001
3.00001
3.00001
3.00001
3.00001
3.00001
3.00001
3
3
2.99999
2.99996
2.9999
2.99977
2.99937
2.99863
2.9963
2.99207
2.97884
2.95297
2.8807
2.72207
2.3484
1.78164
3.00001
3.00001
3.00001
3.00001
3.00001
3.00001
3.00001
3.00001
3.00001
3.00001
3
3
2.99998
2.99995
2.99986
2.99968
2.99913
2.99812
2.99508
2.98901
2.97222
2.93578
2.84275
2.6326
2.17892
3.00001
3.00001
3.00001
3.00001
3.00001
3.00001
3.00001
3.00001
3.00001
3.00001
3.00001
3
2.99999
2.99997
2.99993
2.9998
2.99955
2.99885
2.99731
2.99348
2.98431
2.96289
2.90908
2.78593
2.49351
3.00001
3.00001
3.00001
3.00001
3.00001
3.00001
3.00001
3.00001
3.00001
3.00001
3.00001
3
3
2.99999
2.99996
2.9999
2.99973
2.99941
2.9984
2.99657
2.99092
2.97996
2.9489
2.8826
2.71445
3.00001
3.00001
3.00001
3.00001
3.00001
3.00001
3.00001
3.00001
3.00001
3.00001
3.00001
3.00001
3
3
2.99998
2.99995
2.99986
2.99966
2.99916
2.99802
2.99528
2.98853
2.97347
2.93434
2.8482
3.00001
3.00001
3.00001
3.00001
3.00001
3.00001
3.00001
3.00001
3.00001
3.00001
3.00001
3.00001
3
3
2.99999
2.99997
2.99992
2.99981
2.99954
2.99889
2.99741
2.99353
2.98541
2.96294
2.91607
3.00001
3.00001
3.00001
3.00001
3.00001
3.00001
3.00001
3.00001
3.00001
3.00001
3.00001
3.00001
3.00001
3
3
2.99999
2.99996
2.9999
2.99975
2.99941
2.9985
2.99669
2.99135
2.98125
2.95127
3.00001
3.00001
3.00001
3.00001
3.00001
3.00001
3.00001
3.00001
3.00001
3.00001
3.00001
3.00001
3.00001
3.00001
3
3
2.99998
2.99995
2.99986
2.99967
2.99919
2.99804
2.99545
2.98872
2.97445
3.00001
3.00001
3.00001
3.00001
3.00001
3.00001
3.00001
3.00001
3.00001
3.00001
3.00001
3.00001
3.00001
3.00001
3
3
2.99999
2.99997
2.99992
2.99979
2.99949
2.99876
2.99709
2.99271
2.98347
3.00001
3.00001
3.00001
3.00001
3.00001
3.00001
3.00001
3.00001
3.00001
3.00001
3.00001
3.00001
3.00001
3.00001
3.00001
3
3
2.99998
2.99994
2.99984
2.99963
2.99898
2.9978
2.99396
2.98677
3.00001
3.00001
3.00001
3.00001
3.00001
3.00001
3.00001
3.00001
3.00001
3.00001
3.00001
3.00001
3.00001
3.00001
3.00001
3
3
2.99998
2.99995
2.99987
2.99964
2.9992
2.99775
2.99514
2.98654
3.00001
3.00001
3.00001
3.00001
3.00001
3.00001
3.00001
3.00001
3.00001
3.00001
3.00001
3.00001
3.00001
3.00001
3.00001
3
3
2.99998
2.99995
2.99986
2.99969
2.99913
2.99811
2.99471
2.98823
3.00001
3.00001
3.00001
3.00001
3.00001
3.00001
3.00001
3.00001
3.00001
3.00001
3.00001
3.00001
3.00001
3.00001
3.00001
3
3
2.99999
2.99995
2.99988
2.99967
2.99922
2.99797
2.99507
2.98783
3.00001
3.00001
3.00001
3.00001
3.00001
3.00001
3.00001
3.00001
3.00001
3.00001
3.00001
3.00001
3.00001
3.00001
3.00001
3
3
2.99999
2.99995
2.99988
2.99966
2.99924
2.99795
2.99521
2.98765
3.00001
3.00001
3.00001
3.00001
3.00001
3.00001
3.00001
3.00001
3.00001
3.00001
3.00001
3.00001
3.00001
3.00001
3.00001
3
3
2.99999
2.99995
2.99988
2.99966
2.99925
2.99788
2.99541
2.98718
1.11954
1.32416
1.38636
1.34629
1.26918
1.17255
1.07082
0.994862
0.921178
0.796849
0.548611
0.288951
0.137807
0.0765422
0.134501
0.220031
0.301764
0.372587
0.419907
0.448356
0.471168
0.494509
0.518692
0.542914
0.566081
0.58638
0.60015
0.607381
0.609337
0.60105
0.577868
0.541075
0.493919
0.439844
0.383886
0.328796
0.275934
0.225791
0.177283
0.131995
0.0893967
0.0508464
0.024283
0.0424855
0.0742868
0.107523
0.139271
0.169068
0.197004
0.224313
0.25272
0.280382
0.307015
0.332274
0.357016
0.380767
0.404195
0.426691
0.448999
0.470376
0.491702
0.512113
0.532567
0.552111
0.571746
0.590494
0.609382
0.627439
0.645681
0.663093
0.680768
0.697591
0.714745
0.731041
0.747705
0.76351
0.779706
0.795035
0.810777
0.825628
0.84092
0.855293
0.87013
0.884023
0.898414
0.911821
0.925771
0.938696
0.952185
0.964607
0.97758
0.98942
1.00176
1.01281
1.02423
1.03405
1.04381
1.05137
1.05759
1.06229
1.13385
1.25203
1.31781
1.36094
1.40255
1.42727
1.42485
1.39642
1.32439
1.1651
0.915902
0.661795
0.49827
0.402391
0.317886
0.241052
0.174795
0.109745
0.0652793
0.103541
0.169111
0.231914
0.283541
0.323792
0.353853
0.377393
0.392195
0.397711
0.39694
0.385343
0.359755
0.320184
0.273256
0.219775
0.16881
0.121294
0.081624
0.0590847
0.0658094
0.0921464
0.124946
0.157154
0.18814
0.217423
0.246878
0.275871
0.304182
0.331176
0.356672
0.381073
0.406392
0.431552
0.455703
0.47858
0.501059
0.522656
0.544061
0.564624
0.585038
0.604649
0.624185
0.642982
0.661752
0.679815
0.697875
0.715263
0.73269
0.749427
0.766268
0.782413
0.79873
0.814349
0.830194
0.845341
0.86075
0.875461
0.890453
0.904737
0.919329
0.933177
0.947382
0.960787
0.974602
0.98758
1.00099
1.01356
1.02655
1.03873
1.05128
1.06301
1.0751
1.08631
1.09782
1.10831
1.119
1.1284
1.1376
1.14496
1.15085
1.15555
1.13375
1.24198
1.33875
1.43186
1.51566
1.57629
1.5938
1.5803
1.53702
1.42987
1.21731
0.941206
0.769402
0.680959
0.607623
0.536699
0.474439
0.410888
0.342854
0.275985
0.213295
0.154109
0.102537
0.0660483
0.0667791
0.0978628
0.136954
0.157485
0.163183
0.149626
0.123039
0.0989016
0.0909718
0.0999515
0.122964
0.154677
0.187402
0.219249
0.248823
0.278341
0.307254
0.335194
0.361916
0.387528
0.412658
0.437318
0.461492
0.484835
0.506946
0.527875
0.549313
0.571231
0.592567
0.612761
0.632411
0.651479
0.670289
0.688608
0.706693
0.724307
0.74171
0.75868
0.775467
0.79184
0.808081
0.823896
0.839628
0.854922
0.87019
0.885001
0.899858
0.914238
0.92873
0.942728
0.956882
0.97052
0.984347
0.997617
1.01112
1.02401
1.03718
1.04969
1.06252
1.07467
1.08714
1.09893
1.11103
1.12247
1.13422
1.14533
1.15672
1.16739
1.1783
1.18832
1.19844
1.20738
1.21606
1.22304
1.22855
1.23304
1.14215
1.24999
1.34955
1.43989
1.52119
1.58525
1.63037
1.64334
1.63239
1.58883
1.47074
1.22215
0.996623
0.881328
0.815458
0.760553
0.705964
0.64872
0.593201
0.539317
0.48337
0.428008
0.375324
0.323684
0.273062
0.225703
0.181549
0.146009
0.129518
0.128294
0.163257
0.208014
0.253035
0.291149
0.325311
0.356537
0.385189
0.411025
0.435189
0.458214
0.480857
0.502825
0.524222
0.544956
0.565427
0.585503
0.605422
0.624822
0.64341
0.66079
0.678408
0.696742
0.71531
0.73283
0.749936
0.76648
0.782939
0.798975
0.814943
0.830498
0.846022
0.861128
0.876263
0.890949
0.905721
0.919993
0.934413
0.948295
0.962379
0.975919
0.989691
1.00293
1.01641
1.02937
1.04257
1.05524
1.06818
1.08054
1.09321
1.10526
1.11766
1.12939
1.14148
1.15293
1.1647
1.17592
1.18742
1.19842
1.20962
1.22023
1.23101
1.24111
1.25135
1.2608
1.27025
1.27866
1.28672
1.29327
1.29828
1.30267
1.14438
1.2492
1.34505
1.43235
1.51121
1.58206
1.64003
1.68254
1.69281
1.67888
1.62648
1.48371
1.23166
1.06139
0.980787
0.924817
0.878498
0.835979
0.791535
0.743591
0.69683
0.652918
0.607029
0.559692
0.514162
0.469778
0.427788
0.395034
0.375303
0.372951
0.392599
0.42707
0.464329
0.498981
0.527817
0.551463
0.571291
0.588949
0.605469
0.621484
0.637471
0.653354
0.669221
0.684919
0.700632
0.716277
0.731963
0.747566
0.762676
0.776795
0.790824
0.805688
0.821294
0.836305
0.850905
0.865114
0.879225
0.89314
0.907015
0.920686
0.934343
0.947745
0.961167
0.974303
0.987504
1.00039
1.01337
1.02598
1.03873
1.05108
1.06362
1.07579
1.08814
1.10015
1.11235
1.12418
1.1362
1.14778
1.15956
1.17089
1.18238
1.19346
1.2047
1.2156
1.22668
1.23735
1.24815
1.25847
1.26891
1.27882
1.28881
1.29818
1.30762
1.31626
1.32493
1.33248
1.33983
1.34561
1.35004
1.35412
1.14187
1.24096
1.33343
1.41707
1.49494
1.56483
1.62742
1.67811
1.71155
1.71461
1.69518
1.63191
1.47246
1.24698
1.12218
1.06484
1.01971
0.9774
0.942715
0.908904
0.871112
0.83045
0.790181
0.750733
0.708441
0.66525
0.62483
0.589633
0.561075
0.554894
0.573693
0.607081
0.644324
0.677716
0.704994
0.724107
0.73638
0.745452
0.754048
0.762975
0.772731
0.782972
0.793747
0.804708
0.816011
0.827481
0.839309
0.851298
0.863319
0.874549
0.885605
0.897127
0.909814
0.922572
0.935141
0.947288
0.959528
0.971529
0.983707
0.995628
1.00775
1.0196
1.03168
1.04342
1.05544
1.06709
1.07903
1.09063
1.10248
1.11398
1.12572
1.13706
1.1487
1.15991
1.17144
1.18255
1.19395
1.20491
1.21616
1.22689
1.23801
1.24859
1.25954
1.26987
1.28049
1.29059
1.30087
1.31065
1.3206
1.32993
1.33952
1.34824
1.35728
1.36516
1.37325
1.37995
1.3865
1.3914
1.39507
1.39894
1.13766
1.23085
1.31726
1.39928
1.47346
1.54346
1.60601
1.66185
1.70749
1.73193
1.73102
1.70687
1.6334
1.46786
1.27612
1.1771
1.13497
1.10058
1.06551
1.03366
1.00507
0.975449
0.940342
0.901159
0.860389
0.821017
0.777981
0.731632
0.694927
0.688599
0.70834
0.74337
0.783802
0.820315
0.849044
0.868941
0.877699
0.879926
0.880951
0.883074
0.88689
0.892022
0.898391
0.905342
0.912978
0.920933
0.929406
0.938147
0.947275
0.95601
0.964512
0.973204
0.983093
0.993751
1.00444
1.01491
1.02535
1.03575
1.04628
1.05676
1.06738
1.0779
1.0886
1.0992
1.10999
1.12063
1.13149
1.14213
1.15304
1.16369
1.1746
1.18525
1.1961
1.2067
1.21748
1.22799
1.23873
1.2491
1.25982
1.2701
1.28071
1.29076
1.30112
1.31093
1.321
1.33051
1.34028
1.34941
1.35882
1.36748
1.37646
1.38447
1.39275
1.39985
1.40706
1.4128
1.41836
1.4221
1.42495
1.42884
1.13509
1.21996
1.30232
1.3791
1.45213
1.51901
1.58157
1.6387
1.68789
1.72852
1.74482
1.73866
1.71074
1.62952
1.46731
1.31039
1.23177
1.19495
1.16843
1.14099
1.11266
1.08579
1.05638
1.02287
0.983692
0.94064
0.888306
0.828882
0.786406
0.782491
0.804767
0.842095
0.887617
0.928992
0.959938
0.983297
0.996085
0.997621
0.993091
0.988417
0.985769
0.985547
0.987336
0.990457
0.994664
0.99946
1.00501
1.01095
1.01759
1.02418
1.03064
1.03702
1.04441
1.05286
1.06202
1.071
1.08013
1.08909
1.09838
1.10758
1.1171
1.1265
1.13621
1.14579
1.15575
1.16553
1.17573
1.18565
1.19593
1.20593
1.21622
1.22624
1.23652
1.24649
1.25674
1.26661
1.2769
1.28679
1.2971
1.30689
1.31707
1.32672
1.33668
1.34605
1.35573
1.36471
1.37405
1.38255
1.39148
1.39948
1.40782
1.41513
1.42257
1.42886
1.43499
1.43977
1.44412
1.44674
1.44891
1.45314
1.1348
1.21153
1.28788
1.36118
1.4305
1.49577
1.55695
1.61285
1.66515
1.70885
1.74337
1.75286
1.744
1.71139
1.62452
1.47401
1.34498
1.28186
1.24844
1.22493
1.20245
1.17834
1.14761
1.11541
1.07836
1.03113
0.961654
0.885999
0.846222
0.847462
0.872131
0.913128
0.964468
1.01226
1.04615
1.06848
1.08424
1.09209
1.08988
1.08186
1.0734
1.06722
1.0637
1.06266
1.0634
1.06539
1.06841
1.07205
1.0765
1.08129
1.08621
1.0909
1.09626
1.10267
1.11034
1.11826
1.12639
1.1345
1.14284
1.15121
1.15988
1.16849
1.17742
1.18621
1.1954
1.20448
1.21397
1.22334
1.23306
1.24258
1.2524
1.26194
1.27183
1.28132
1.29122
1.30069
1.31057
1.31998
1.32979
1.33918
1.34891
1.3582
1.36775
1.3767
1.38593
1.39435
1.40314
1.41097
1.41922
1.42641
1.43388
1.44025
1.44662
1.45186
1.4567
1.46042
1.46331
1.46529
1.46724
1.47165
1.13704
1.20625
1.27591
1.34465
1.41034
1.47339
1.53217
1.58824
1.63911
1.68647
1.72592
1.75414
1.75866
1.74749
1.71149
1.62214
1.48168
1.37553
1.32573
1.29487
1.27124
1.25006
1.22377
1.19044
1.14753
1.08669
0.997023
0.91352
0.884316
0.892307
0.919227
0.965785
1.02181
1.07245
1.11023
1.1347
1.15039
1.16098
1.16563
1.16185
1.15249
1.14187
1.13322
1.12726
1.12388
1.12263
1.123
1.12455
1.12715
1.13043
1.1342
1.1378
1.14174
1.14645
1.15264
1.1596
1.16705
1.17448
1.18228
1.19001
1.19812
1.20614
1.21451
1.2228
1.23142
1.24001
1.24897
1.25791
1.26723
1.2764
1.28594
1.29519
1.30479
1.31405
1.32369
1.33285
1.34234
1.35139
1.36079
1.36977
1.37915
1.38797
1.39722
1.40568
1.41451
1.42239
1.43057
1.43782
1.44516
1.4516
1.45784
1.46327
1.46811
1.47229
1.47552
1.47812
1.48013
1.48183
1.48325
1.48765
1.14215
1.2037
1.26776
1.33105
1.39327
1.45269
1.50991
1.56345
1.61444
1.66115
1.70385
1.73903
1.76125
1.76304
1.74967
1.71048
1.62083
1.49059
1.40158
1.36199
1.33254
1.30771
1.28141
1.2467
1.19388
1.10916
1.00004
0.924451
0.908623
0.922092
0.955031
1.0069
1.06471
1.11416
1.15306
1.1817
1.2002
1.21211
1.21927
1.22187
1.21797
1.20852
1.19725
1.18701
1.1794
1.17443
1.17193
1.17134
1.17229
1.17436
1.17735
1.18043
1.18375
1.18737
1.19243
1.19858
1.20558
1.21271
1.22024
1.22776
1.2356
1.24343
1.25153
1.25958
1.26792
1.27617
1.28483
1.29339
1.30244
1.31132
1.32063
1.32962
1.33901
1.34798
1.35725
1.36609
1.37529
1.38399
1.39314
1.40166
1.41071
1.41901
1.42782
1.43577
1.44403
1.45142
1.45886
1.4655
1.47175
1.4773
1.48221
1.48635
1.48983
1.49247
1.49454
1.49645
1.49815
1.49953
1.50009
1.50445
1.15004
1.20491
1.26225
1.32081
1.37854
1.43501
1.4893
1.54148
1.59085
1.63749
1.68059
1.71922
1.75056
1.76694
1.76661
1.75131
1.70952
1.6211
1.50163
1.42329
1.38811
1.35862
1.32647
1.28172
1.21238
1.09638
0.980419
0.927629
0.924944
0.943162
0.98343
1.03883
1.09423
1.14139
1.17983
1.2101
1.23288
1.24842
1.25784
1.26298
1.26524
1.26238
1.25437
1.24379
1.23315
1.22512
1.21932
1.21662
1.21579
1.21676
1.21906
1.2219
1.22515
1.22841
1.2327
1.23807
1.24475
1.25169
1.25911
1.26648
1.27418
1.28182
1.2898
1.29768
1.30593
1.31402
1.32251
1.33082
1.33964
1.34826
1.35739
1.36626
1.37547
1.38417
1.39321
1.40171
1.41065
1.41897
1.42779
1.43589
1.44443
1.45221
1.46023
1.46759
1.47491
1.48174
1.48815
1.49394
1.49904
1.50338
1.50693
1.50969
1.51167
1.51339
1.515
1.51631
1.51725
1.51862
1.51975
1.52391
1.16022
1.20912
1.26073
1.31397
1.36721
1.42027
1.47136
1.52145
1.56897
1.61477
1.65751
1.69749
1.73231
1.76025
1.77177
1.76896
1.75224
1.70761
1.62176
1.51064
1.43921
1.39974
1.35991
1.29954
1.19626
1.05415
0.951936
0.92465
0.932262
0.959031
1.00673
1.06276
1.1134
1.15682
1.19371
1.22454
1.2498
1.26959
1.28388
1.29277
1.29787
1.30079
1.30059
1.2954
1.28679
1.27765
1.27016
1.26453
1.26182
1.26103
1.2624
1.26501
1.26856
1.272
1.27603
1.28071
1.28684
1.29344
1.30066
1.30775
1.31532
1.32266
1.33055
1.33816
1.34636
1.35423
1.36268
1.37075
1.37943
1.38775
1.39671
1.40518
1.41416
1.42252
1.43138
1.43951
1.44811
1.45603
1.46429
1.47201
1.47978
1.4871
1.49413
1.50078
1.50704
1.5128
1.51793
1.52239
1.52609
1.52898
1.53104
1.53261
1.53396
1.5351
1.53586
1.53668
1.5381
1.53998
1.54214
1.54644
1.17222
1.2154
1.26181
1.30987
1.35949
1.40821
1.45739
1.50405
1.55059
1.59421
1.63679
1.67609
1.71308
1.74442
1.76858
1.77531
1.77034
1.75167
1.70344
1.619
1.51248
1.43803
1.37924
1.29257
1.1424
0.993274
0.928246
0.922497
0.936915
0.973565
1.0254
1.07702
1.1225
1.16215
1.19719
1.22799
1.25511
1.27825
1.29748
1.31282
1.32338
1.33069
1.33611
1.33926
1.33845
1.33347
1.32626
1.31951
1.31424
1.31149
1.31082
1.31228
1.31528
1.31876
1.32256
1.32645
1.33159
1.33754
1.34431
1.35107
1.3583
1.36536
1.37292
1.38023
1.38812
1.39568
1.40388
1.41164
1.42009
1.42802
1.43654
1.44444
1.45289
1.46082
1.46912
1.47702
1.485
1.49264
1.50014
1.50733
1.51422
1.52073
1.52686
1.53259
1.5377
1.54212
1.54578
1.5486
1.5507
1.55211
1.55325
1.55414
1.55455
1.55492
1.55579
1.55734
1.55964
1.56238
1.56571
1.57029
1.18515
1.22368
1.26532
1.30917
1.3543
1.40013
1.4454
1.49064
1.534
1.57702
1.61756
1.65713
1.69364
1.7275
1.75629
1.77554
1.77824
1.77035
1.74744
1.69261
1.60268
1.48998
1.38746
1.25156
1.06257
0.937656
0.908551
0.91568
0.941122
0.985357
1.0359
1.08164
1.12242
1.15923
1.19299
1.2244
1.25361
1.28041
1.30484
1.32603
1.34411
1.35811
1.36908
1.37773
1.38381
1.38723
1.38566
1.3804
1.37422
1.36873
1.36538
1.36413
1.3649
1.36727
1.37062
1.37372
1.37751
1.38199
1.38791
1.39397
1.40073
1.40725
1.41442
1.42122
1.42872
1.43572
1.44349
1.45076
1.4588
1.46629
1.47422
1.48177
1.48953
1.49707
1.50464
1.51206
1.51936
1.52641
1.53317
1.53949
1.54538
1.55081
1.55577
1.56013
1.56366
1.56646
1.56844
1.56967
1.57054
1.57111
1.57106
1.57087
1.57116
1.57207
1.57399
1.57648
1.5797
1.58407
1.58973
1.59445
1.19932
1.23429
1.2716
1.31148
1.35241
1.39528
1.43723
1.47997
1.52117
1.56213
1.60123
1.63984
1.67537
1.71064
1.7398
1.7667
1.77815
1.77663
1.76412
1.73214
1.6629
1.54557
1.39504
1.17968
0.973346
0.896683
0.893308
0.907834
0.943303
0.990897
1.03583
1.07686
1.11502
1.15108
1.18614
1.21995
1.25275
1.28392
1.31313
1.34014
1.36429
1.38524
1.40239
1.41609
1.42683
1.43479
1.4391
1.44002
1.43652
1.43054
1.42475
1.41986
1.4172
1.41626
1.41749
1.41953
1.42218
1.425
1.42926
1.43424
1.44033
1.44617
1.4528
1.45903
1.46593
1.47248
1.47953
1.48645
1.49363
1.50066
1.50785
1.51494
1.52208
1.52909
1.53602
1.54276
1.54928
1.55549
1.56131
1.56665
1.57153
1.5759
1.57947
1.58221
1.584
1.58509
1.58562
1.58585
1.58533
1.58435
1.58382
1.58405
1.58526
1.58729
1.58998
1.59389
1.59954
1.60633
1.61302
1.61789
1.21485
1.24743
1.28085
1.31693
1.35438
1.3928
1.43281
1.4718
1.51177
1.54992
1.58837
1.62447
1.66062
1.69342
1.72542
1.75169
1.77028
1.77222
1.76347
1.73932
1.68294
1.57578
1.38517
1.10733
0.907879
0.8657
0.873427
0.898269
0.938957
0.983495
1.02695
1.06897
1.10982
1.14974
1.18855
1.22629
1.2625
1.297
1.32963
1.35993
1.38765
1.41239
1.43376
1.45129
1.4651
1.47612
1.48386
1.48844
1.49062
1.48875
1.48328
1.47637
1.46995
1.46538
1.46293
1.46241
1.46372
1.46554
1.46811
1.47133
1.4762
1.4814
1.48729
1.49308
1.49922
1.50535
1.51183
1.51831
1.52489
1.53146
1.53804
1.54458
1.55106
1.55743
1.56362
1.56959
1.5752
1.58039
1.58504
1.58927
1.59285
1.59564
1.59753
1.59854
1.59902
1.59912
1.5984
1.59689
1.59575
1.59501
1.5957
1.59735
1.59965
1.60289
1.60781
1.61442
1.62196
1.62977
1.63723
1.642
1.23084
1.261
1.2923
1.32433
1.35917
1.39412
1.43071
1.4674
1.5044
1.5407
1.57751
1.61171
1.64732
1.67844
1.71049
1.73596
1.7552
1.75661
1.74747
1.72401
1.66965
1.55874
1.35326
1.07494
0.90758
0.883292
0.898887
0.929126
0.971762
1.01633
1.06002
1.10203
1.14207
1.18066
1.21776
1.2537
1.28819
1.32141
1.35277
1.38235
1.40985
1.43509
1.45785
1.47766
1.49436
1.50765
1.51855
1.52704
1.53218
1.53436
1.53386
1.52958
1.52284
1.51605
1.51023
1.50644
1.50457
1.50486
1.50628
1.50795
1.51059
1.51447
1.51954
1.52491
1.53052
1.53627
1.5422
1.54819
1.55426
1.56034
1.56641
1.57242
1.57829
1.58397
1.58936
1.59438
1.59888
1.60283
1.60632
1.60905
1.6109
1.61182
1.61213
1.61183
1.61089
1.60869
1.6068
1.60537
1.60468
1.60591
1.60775
1.61028
1.61421
1.62004
1.62719
1.63506
1.64345
1.65181
1.6594
1.6641
1.24488
1.27525
1.30512
1.3345
1.36571
1.39813
1.4317
1.46545
1.50069
1.53391
1.56957
1.60161
1.63559
1.6659
1.69498
1.71956
1.73152
1.72833
1.7153
1.68439
1.61721
1.49155
1.3124
1.13283
1.00762
0.970301
0.975734
0.990126
1.01913
1.05931
1.09911
1.13687
1.17248
1.20674
1.24
1.27269
1.30462
1.33579
1.3658
1.39466
1.422
1.44781
1.47173
1.49375
1.51331
1.53035
1.54409
1.55547
1.565
1.5711
1.57401
1.57514
1.57302
1.56778
1.56057
1.55407
1.54883
1.54583
1.54478
1.54539
1.54667
1.54856
1.55176
1.55619
1.56115
1.56641
1.57173
1.57705
1.58235
1.58762
1.59284
1.59795
1.60291
1.60756
1.61184
1.61555
1.61862
1.62121
1.62292
1.62371
1.62388
1.62351
1.62227
1.61982
1.61744
1.61528
1.61404
1.61425
1.61569
1.61781
1.62103
1.62584
1.63265
1.6401
1.64842
1.65707
1.66595
1.67445
1.68207
1.68671
1.26318
1.2891
1.31746
1.34562
1.37408
1.40395
1.43499
1.46619
1.49888
1.53055
1.56314
1.59474
1.6252
1.65475
1.67957
1.69781
1.69922
1.68922
1.66593
1.61439
1.51901
1.38849
1.28724
1.20409
1.11498
1.05456
1.038
1.04339
1.05519
1.07969
1.1146
1.15109
1.18596
1.21918
1.25157
1.28316
1.31437
1.34455
1.37405
1.40234
1.42973
1.45581
1.48085
1.50425
1.52612
1.54569
1.5631
1.57759
1.58988
1.60046
1.60801
1.61234
1.61378
1.61322
1.60931
1.60292
1.59586
1.58997
1.58554
1.58339
1.58295
1.58383
1.58501
1.58707
1.59066
1.59533
1.60022
1.6051
1.60988
1.61452
1.61897
1.62317
1.62702
1.63039
1.63315
1.63527
1.63675
1.63741
1.63734
1.63675
1.6349
1.63203
1.629
1.62615
1.62404
1.62293
1.62413
1.62581
1.62826
1.63219
1.63819
1.64523
1.65327
1.66172
1.67058
1.67943
1.68829
1.69657
1.70389
1.70832
1.28134
1.3022
1.32972
1.35726
1.38392
1.41151
1.4402
1.46918
1.49943
1.52921
1.55957
1.58878
1.61727
1.6422
1.66181
1.66578
1.657
1.63703
1.59312
1.51005
1.39444
1.31797
1.28171
1.25279
1.20808
1.15143
1.11025
1.09598
1.09907
1.10846
1.12836
1.15922
1.1937
1.22723
1.2596
1.29088
1.32145
1.35105
1.38001
1.40797
1.43535
1.46174
1.48736
1.51192
1.53514
1.55698
1.57686
1.59472
1.61019
1.62332
1.63487
1.64402
1.64963
1.65196
1.65247
1.65058
1.64547
1.63878
1.63192
1.62665
1.62277
1.62117
1.62075
1.62147
1.62272
1.62516
1.62874
1.63272
1.63674
1.64051
1.64392
1.64683
1.64915
1.65079
1.65172
1.65209
1.65179
1.65089
1.64853
1.64508
1.64149
1.6379
1.63484
1.63318
1.63281
1.63421
1.63626
1.63949
1.64438
1.65096
1.6586
1.66676
1.67556
1.68438
1.69332
1.70201
1.71056
1.71842
1.72534
1.72954
1.30569
1.31948
1.34194
1.36938
1.39506
1.42065
1.44719
1.47403
1.50195
1.52974
1.55742
1.58422
1.60825
1.62766
1.63217
1.62354
1.60475
1.5637
1.4844
1.37949
1.31123
1.29028
1.28735
1.28493
1.27205
1.24222
1.19932
1.16147
1.14433
1.14426
1.15212
1.16917
1.19726
1.23072
1.26408
1.29627
1.32716
1.357
1.38574
1.41385
1.44103
1.46778
1.49368
1.51903
1.54335
1.56648
1.58815
1.6082
1.62632
1.64256
1.65647
1.66906
1.67933
1.68642
1.68992
1.69089
1.69027
1.68683
1.6805
1.67366
1.66679
1.66194
1.65832
1.65696
1.65646
1.65698
1.658
1.66002
1.66274
1.66529
1.66734
1.66861
1.66914
1.66903
1.66848
1.66684
1.6637
1.65994
1.6556
1.65114
1.64732
1.64438
1.64298
1.64387
1.64535
1.6477
1.65171
1.65755
1.6647
1.67255
1.68112
1.68971
1.69869
1.70742
1.71616
1.72443
1.73245
1.7397
1.746
1.74984
1.33093
1.33745
1.35589
1.38104
1.40615
1.43049
1.45533
1.48038
1.50595
1.53164
1.55648
1.57894
1.59693
1.60093
1.59175
1.5726
1.53096
1.45291
1.35357
1.28851
1.2747
1.28249
1.29374
1.30611
1.30889
1.30303
1.2816
1.24284
1.20443
1.18585
1.18504
1.19277
1.20846
1.23503
1.26764
1.30078
1.33259
1.36305
1.39213
1.42033
1.44764
1.4744
1.50062
1.52641
1.55139
1.57544
1.59821
1.61969
1.63976
1.65829
1.67515
1.68992
1.70309
1.71428
1.72264
1.72729
1.72896
1.72919
1.72726
1.72229
1.71471
1.70758
1.70065
1.6958
1.69201
1.68993
1.68881
1.68848
1.68856
1.68864
1.68862
1.68813
1.68711
1.68481
1.68123
1.6768
1.67174
1.6664
1.66135
1.65737
1.65507
1.65418
1.65554
1.65744
1.66054
1.66514
1.67186
1.67924
1.68748
1.69588
1.70475
1.71341
1.7221
1.73033
1.73848
1.74607
1.75337
1.75986
1.7654
1.76883
1.36746
1.36272
1.37178
1.39164
1.41698
1.44104
1.46439
1.48779
1.51098
1.53382
1.55449
1.57058
1.57333
1.56301
1.54249
1.49941
1.41915
1.32172
1.25963
1.2486
1.25876
1.27775
1.30454
1.3266
1.33611
1.33729
1.33191
1.31366
1.28061
1.24713
1.23069
1.22973
1.23693
1.25087
1.27488
1.30559
1.33761
1.36888
1.39896
1.42779
1.45544
1.48225
1.50859
1.53438
1.55968
1.584
1.60738
1.62975
1.65101
1.67136
1.69026
1.7076
1.72294
1.73643
1.74835
1.75764
1.7636
1.76629
1.76678
1.7656
1.76161
1.75453
1.74624
1.73813
1.73084
1.72485
1.72034
1.71675
1.71383
1.71101
1.70803
1.70477
1.70086
1.696
1.69018
1.68397
1.67794
1.6727
1.66873
1.66695
1.66714
1.66846
1.67069
1.67447
1.68034
1.68698
1.69493
1.70306
1.71178
1.7202
1.72878
1.73693
1.74508
1.75268
1.76011
1.7669
1.77335
1.77897
1.78362
1.78652
1.41126
1.38884
1.39075
1.40476
1.42657
1.45077
1.47347
1.49504
1.51582
1.53431
1.54835
1.54939
1.53757
1.51486
1.46895
1.3846
1.28686
1.23076
1.22231
1.23345
1.25597
1.28758
1.31786
1.34199
1.35639
1.36237
1.36368
1.35984
1.34569
1.32006
1.29228
1.27756
1.27594
1.28226
1.29395
1.31469
1.34344
1.37435
1.40525
1.43479
1.46302
1.49017
1.51685
1.54297
1.56855
1.59311
1.61688
1.63971
1.66191
1.68319
1.70365
1.72254
1.74013
1.75552
1.76951
1.78182
1.79203
1.7992
1.80258
1.80299
1.80219
1.79886
1.79206
1.78271
1.77272
1.76293
1.75374
1.7458
1.73856
1.73178
1.7252
1.71836
1.71116
1.70385
1.69672
1.69012
1.68495
1.68157
1.68024
1.68135
1.68289
1.68553
1.69003
1.69607
1.70351
1.71125
1.71968
1.72781
1.73628
1.74428
1.75237
1.75992
1.76739
1.77425
1.78089
1.78681
1.79229
1.79687
1.80046
1.80277
1.50242
1.42884
1.41658
1.42139
1.4375
1.45951
1.48135
1.50117
1.51826
1.52977
1.52893
1.51517
1.48966
1.4395
1.34924
1.25134
1.20149
1.19601
1.20772
1.23283
1.26658
1.29961
1.32749
1.35045
1.36875
1.38131
1.38828
1.39099
1.39028
1.38168
1.36241
1.33986
1.32616
1.32336
1.32864
1.33789
1.35511
1.38158
1.41136
1.44136
1.47017
1.49815
1.52543
1.5521
1.57779
1.60254
1.62631
1.64962
1.67223
1.69445
1.71555
1.73576
1.75439
1.77191
1.7875
1.80188
1.81433
1.82499
1.83253
1.83634
1.83682
1.83622
1.83313
1.82599
1.81504
1.80242
1.7891
1.77575
1.76305
1.75117
1.74006
1.72963
1.72
1.71141
1.70423
1.69892
1.6964
1.69579
1.69694
1.69881
1.70214
1.70714
1.71364
1.72083
1.72886
1.73667
1.74487
1.75262
1.76061
1.768
1.77548
1.7823
1.78904
1.79502
1.80073
1.80551
1.8098
1.8131
1.81554
1.81724
1.67776
1.48625
1.44836
1.44375
1.45069
1.46712
1.4874
1.50473
1.51498
1.51186
1.49584
1.46663
1.41062
1.31311
1.2163
1.1739
1.17114
1.1832
1.20979
1.24633
1.27973
1.30866
1.3335
1.35529
1.37592
1.39323
1.40785
1.41714
1.42254
1.4239
1.4204
1.4078
1.3897
1.37623
1.37183
1.37574
1.38296
1.39702
1.42024
1.44854
1.47749
1.50612
1.53415
1.56121
1.58715
1.61193
1.63604
1.65972
1.68299
1.70556
1.72727
1.74779
1.76752
1.78583
1.80349
1.81905
1.83365
1.8454
1.8559
1.86302
1.86652
1.86691
1.86608
1.86241
1.85382
1.84039
1.82414
1.8063
1.78821
1.77095
1.75517
1.74148
1.73025
1.72195
1.71621
1.71389
1.71403
1.71505
1.71709
1.72075
1.72644
1.73286
1.74005
1.74716
1.75498
1.76235
1.7701
1.77721
1.7846
1.79127
1.79805
1.804
1.80984
1.81473
1.81928
1.8227
1.82569
1.82764
1.82873
1.82969
1.96305
1.59398
1.48522
1.46595
1.46553
1.47471
1.48981
1.50217
1.49817
1.47935
1.44422
1.38095
1.27649
1.18195
1.14596
1.14778
1.16089
1.19034
1.22808
1.26186
1.29045
1.31462
1.33804
1.35949
1.38156
1.40224
1.4212
1.43759
1.44897
1.4571
1.46013
1.46017
1.45367
1.44062
1.42757
1.42157
1.42378
1.42953
1.44022
1.45967
1.48636
1.51457
1.54284
1.57014
1.59643
1.62136
1.64615
1.67033
1.69386
1.71682
1.73806
1.75952
1.77905
1.79893
1.81695
1.83402
1.84953
1.86253
1.87438
1.8828
1.88878
1.89
1.89012
1.88812
1.88204
1.87031
1.85428
1.83524
1.8144
1.7937
1.7748
1.75918
1.74738
1.73938
1.73576
1.73536
1.73648
1.7386
1.74254
1.74771
1.75439
1.76096
1.76803
1.77482
1.78194
1.78869
1.7955
1.80188
1.80826
1.81406
1.81975
1.82464
1.82927
1.83289
1.83599
1.83803
1.83954
1.83982
1.83931
1.84025
2.34848
1.81622
1.56806
1.50222
1.48727
1.48535
1.48961
1.4862
1.46481
1.42311
1.3481
1.23905
1.14928
1.11959
1.1243
1.14114
1.17322
1.21194
1.2452
1.2726
1.29687
1.31902
1.34163
1.36432
1.38708
1.41034
1.43186
1.45276
1.46989
1.48397
1.49393
1.49973
1.50114
1.49902
1.49085
1.47876
1.47242
1.47221
1.47685
1.48528
1.50033
1.52401
1.55108
1.57888
1.60562
1.63105
1.65665
1.68108
1.70509
1.72746
1.7489
1.77025
1.79029
1.81055
1.82884
1.84619
1.86208
1.87564
1.8884
1.89777
1.90473
1.90627
1.90645
1.90482
1.89945
1.88854
1.87393
1.8562
1.83668
1.81714
1.79859
1.78342
1.77168
1.76419
1.76111
1.76148
1.76256
1.76505
1.76969
1.77593
1.78246
1.78911
1.79572
1.80234
1.80875
1.81491
1.8208
1.8264
1.83172
1.83655
1.84095
1.84456
1.84761
1.84959
1.85103
1.85136
1.85087
1.84978
1.84776
1.84794
2.63704
2.20417
1.73693
1.55451
1.51165
1.49557
1.48171
1.45318
1.39939
1.30633
1.19685
1.12063
1.09761
1.1042
1.12598
1.16202
1.19994
1.23233
1.25872
1.28133
1.3035
1.32521
1.34798
1.37152
1.39491
1.41924
1.44231
1.46517
1.48617
1.50436
1.52007
1.53158
1.53989
1.5425
1.5429
1.53889
1.53002
1.52332
1.5204
1.52388
1.52978
1.54133
1.56111
1.58563
1.61209
1.63873
1.66539
1.69053
1.71429
1.73695
1.75844
1.78012
1.80023
1.8199
1.83812
1.85475
1.87069
1.88408
1.89652
1.90559
1.91168
1.91306
1.91326
1.91176
1.90642
1.89666
1.88479
1.87085
1.8558
1.84103
1.82649
1.81413
1.80355
1.79606
1.7918
1.79117
1.79153
1.79308
1.79678
1.80229
1.8082
1.81437
1.8204
1.8264
1.83223
1.83774
1.84301
1.84778
1.85222
1.85599
1.85923
1.86156
1.86308
1.86367
1.86336
1.86223
1.86059
1.85756
1.85318
1.85145
2.79271
2.52363
2.02126
1.66026
1.53996
1.4971
1.45101
1.37594
1.26177
1.14756
1.08615
1.07342
1.08363
1.11221
1.15198
1.18891
1.21968
1.24458
1.26686
1.28795
1.30959
1.33188
1.35469
1.37878
1.40249
1.42693
1.45106
1.47433
1.49765
1.51823
1.5379
1.55366
1.56722
1.57714
1.58185
1.58303
1.58204
1.57691
1.56942
1.56585
1.56763
1.57204
1.58063
1.59664
1.61884
1.64329
1.66921
1.69428
1.71854
1.74228
1.76457
1.78655
1.80667
1.82561
1.8435
1.8592
1.87441
1.88685
1.89761
1.90546
1.90873
1.90962
1.90953
1.90745
1.90179
1.89456
1.8869
1.87846
1.87
1.86171
1.85402
1.84577
1.83806
1.83095
1.82577
1.82287
1.82234
1.82242
1.82356
1.82671
1.83116
1.83635
1.84164
1.84703
1.85209
1.85694
1.8613
1.86521
1.86845
1.87108
1.87275
1.87365
1.87351
1.87267
1.87122
1.86839
1.86436
1.85909
1.85336
1.85107
2.89078
2.73258
2.39261
1.88195
1.60497
1.48787
1.37218
1.21626
1.09039
1.04217
1.04237
1.05941
1.09543
1.13891
1.17612
1.20609
1.22988
1.25064
1.27097
1.29187
1.31383
1.33663
1.36003
1.38417
1.40835
1.43271
1.45717
1.48096
1.5047
1.52717
1.54847
1.5679
1.58431
1.59915
1.60985
1.61671
1.61865
1.61868
1.61619
1.61019
1.60662
1.60522
1.60866
1.61526
1.62737
1.64667
1.66942
1.69329
1.7169
1.74055
1.76349
1.78488
1.8055
1.82392
1.84105
1.85671
1.86957
1.88098
1.88872
1.89341
1.89484
1.89516
1.89444
1.89142
1.88798
1.8842
1.88152
1.87885
1.87725
1.87599
1.87381
1.87082
1.86614
1.86117
1.85586
1.8514
1.84807
1.84647
1.84626
1.84666
1.84814
1.85137
1.85558
1.86012
1.86455
1.86884
1.8725
1.87555
1.87772
1.87886
1.8791
1.87855
1.87737
1.87485
1.87117
1.86565
1.85986
1.8537
1.84771
1.84566
2.9361
2.85404
2.65105
2.237
1.73359
1.43639
1.19503
1.02606
0.983497
0.995152
1.02561
1.07062
1.11537
1.15321
1.18353
1.20732
1.2278
1.24775
1.26847
1.29027
1.31325
1.33677
1.36058
1.38485
1.40905
1.43326
1.45756
1.48129
1.50497
1.52784
1.54979
1.57071
1.58933
1.60632
1.62072
1.6325
1.6405
1.64359
1.64413
1.64352
1.64003
1.63594
1.63318
1.63577
1.64068
1.65011
1.66567
1.68579
1.7077
1.73041
1.75272
1.77385
1.79314
1.81122
1.82731
1.84101
1.85302
1.86087
1.86606
1.86772
1.86826
1.86779
1.86695
1.86553
1.86578
1.86674
1.86868
1.87185
1.87579
1.87983
1.88242
1.88335
1.88208
1.88021
1.87708
1.87302
1.86802
1.86418
1.86123
1.85965
1.8595
1.86033
1.86183
1.86456
1.86802
1.87147
1.87427
1.87626
1.87708
1.87713
1.87639
1.87438
1.87117
1.86606
1.86057
1.85389
1.84759
1.84157
1.83631
1.83494
2.95793
2.90401
2.7633
2.46031
1.89446
1.28427
0.921625
0.844248
0.88035
0.933329
0.997559
1.05286
1.0971
1.13185
1.15923
1.18282
1.20537
1.22822
1.25176
1.27591
1.30059
1.32546
1.34996
1.37427
1.3984
1.42215
1.44594
1.46922
1.49217
1.51487
1.53643
1.55762
1.57722
1.59532
1.6118
1.62601
1.63827
1.64669
1.65127
1.65257
1.6521
1.65092
1.64746
1.64459
1.64659
1.65075
1.65782
1.66953
1.68746
1.70778
1.72841
1.74775
1.7662
1.78277
1.79744
1.80948
1.81786
1.82358
1.82569
1.82657
1.82704
1.82771
1.82843
1.83046
1.83411
1.84007
1.84748
1.85543
1.86296
1.87027
1.87609
1.88081
1.88314
1.88364
1.88219
1.8803
1.87712
1.87272
1.86802
1.86403
1.86123
1.85969
1.85936
1.85992
1.86139
1.86298
1.86429
1.86527
1.86519
1.86388
1.86142
1.85719
1.85223
1.84574
1.83943
1.83271
1.82688
1.82197
1.81805
1.8177
2.96492
2.91896
2.79511
2.5137
1.91977
1.08541
0.637555
0.614248
0.692681
0.787624
0.875321
0.942166
0.992987
1.03321
1.06782
1.09974
1.13017
1.15965
1.18842
1.21661
1.24441
1.27188
1.29899
1.32542
1.35097
1.37614
1.40071
1.42485
1.44837
1.47149
1.49373
1.51533
1.53609
1.5554
1.57374
1.59008
1.6051
1.61778
1.62732
1.63403
1.63639
1.63703
1.63701
1.63578
1.63408
1.63493
1.63843
1.64448
1.65431
1.66865
1.68594
1.70317
1.71961
1.73441
1.74613
1.75533
1.76148
1.76527
1.767
1.76831
1.77005
1.77298
1.77795
1.78487
1.79381
1.80334
1.81464
1.82494
1.83571
1.84506
1.85417
1.86129
1.86738
1.8708
1.87207
1.87121
1.86997
1.86766
1.86352
1.8582
1.85316
1.84902
1.84605
1.84409
1.84299
1.84232
1.84157
1.84047
1.83867
1.83577
1.83102
1.82585
1.81924
1.81311
1.80652
1.80136
1.79648
1.79374
1.79116
1.79211
2.96985
2.92057
2.80976
2.52621
1.92227
0.987241
0.452424
0.418543
0.50981
0.617458
0.706465
0.775559
0.831958
0.881124
0.925739
0.967311
1.00619
1.04308
1.07804
1.11154
1.14362
1.17465
1.20464
1.23424
1.26272
1.29037
1.31741
1.3436
1.36932
1.39422
1.41851
1.44194
1.46469
1.48623
1.50693
1.52606
1.5438
1.56018
1.57401
1.58565
1.59379
1.59841
1.60038
1.6016
1.60173
1.60137
1.60077
1.60366
1.60909
1.61664
1.62627
1.6383
1.65124
1.66281
1.67179
1.67852
1.68336
1.68687
1.69002
1.69407
1.70009
1.7075
1.71753
1.72852
1.7413
1.75411
1.76757
1.78037
1.79301
1.80484
1.81564
1.82545
1.8334
1.84014
1.84408
1.84592
1.84556
1.84475
1.84265
1.83862
1.83258
1.82689
1.82115
1.8167
1.81231
1.80908
1.80517
1.80174
1.79705
1.79233
1.78601
1.78002
1.77326
1.76768
1.76224
1.75861
1.75556
1.75455
1.75351
1.7553
2.96849
2.92597
2.8098
2.53597
1.93158
0.966666
0.418724
0.369061
0.433046
0.513445
0.579759
0.636814
0.689534
0.739696
0.787517
0.833062
0.876179
0.917106
0.955923
0.992995
1.02833
1.06252
1.0953
1.1273
1.15864
1.189
1.21866
1.24734
1.27531
1.30245
1.32885
1.3543
1.37921
1.40302
1.42602
1.44807
1.46868
1.48816
1.50604
1.52154
1.53493
1.54451
1.5506
1.55325
1.55506
1.55574
1.55464
1.55282
1.55259
1.55338
1.55643
1.56138
1.56717
1.57263
1.578
1.58292
1.58803
1.59347
1.60064
1.60982
1.62091
1.63382
1.64785
1.6629
1.67822
1.69373
1.70859
1.72351
1.73725
1.75098
1.76317
1.77491
1.78502
1.79388
1.80092
1.80535
1.80739
1.80811
1.80796
1.8057
1.80113
1.79501
1.78737
1.78024
1.77247
1.76563
1.75814
1.75126
1.74352
1.73634
1.72872
1.72216
1.71574
1.71112
1.70699
1.70492
1.70334
1.70354
1.70375
1.70574
2.96951
2.92529
2.8123
2.53587
1.93248
0.957058
0.408061
0.36371
0.417963
0.479693
0.52466
0.563858
0.60362
0.645051
0.687334
0.729454
0.770827
0.811247
0.850447
0.888678
0.925645
0.961763
0.996717
1.03083
1.06388
1.09635
1.12773
1.15857
1.18831
1.21756
1.24597
1.2736
1.30075
1.32684
1.35242
1.37678
1.4003
1.4224
1.44301
1.46226
1.47844
1.49269
1.50284
1.50818
1.51055
1.51206
1.51165
1.50767
1.5009
1.49548
1.48993
1.48512
1.48341
1.48205
1.48503
1.48912
1.49403
1.5013
1.51246
1.52625
1.54216
1.55888
1.57674
1.59453
1.61271
1.63011
1.64768
1.66417
1.68068
1.69596
1.7107
1.72415
1.73652
1.74723
1.75659
1.76338
1.76753
1.76866
1.76989
1.76866
1.765
1.75827
1.74903
1.73829
1.72662
1.71466
1.7027
1.69097
1.67999
1.66961
1.66083
1.65303
1.64734
1.64266
1.64014
1.63818
1.63824
1.63859
1.63959
1.64172
2.97013
2.9249
2.81379
2.53669
1.93487
0.959497
0.41258
0.370773
0.423412
0.480117
0.516094
0.5444
0.573507
0.60556
0.639864
0.67549
0.711857
0.748585
0.78537
0.822123
0.858536
0.894578
0.930112
0.965047
0.999242
1.03284
1.0656
1.09769
1.12902
1.15962
1.18952
1.21872
1.24731
1.27493
1.30213
1.32812
1.3533
1.3772
1.39989
1.42072
1.43949
1.45632
1.46881
1.47748
1.48054
1.48188
1.48123
1.47635
1.46592
1.45309
1.4388
1.42621
1.41465
1.40922
1.40916
1.41277
1.41813
1.42725
1.44178
1.45914
1.47841
1.49816
1.51919
1.53935
1.5598
1.57904
1.59832
1.61635
1.63409
1.65046
1.66638
1.68051
1.69404
1.70533
1.71546
1.72313
1.72784
1.72951
1.72935
1.72797
1.72417
1.71647
1.70504
1.69088
1.67504
1.65782
1.64129
1.62446
1.61049
1.59714
1.58752
1.57901
1.57395
1.56972
1.56819
1.56697
1.56779
1.56859
1.56972
1.57179
2.97114
2.92347
2.81563
2.53571
1.93575
0.959633
0.412969
0.372435
0.42529
0.481508
0.515815
0.541328
0.567359
0.596099
0.627131
0.659438
0.69273
0.72674
0.761296
0.796327
0.831564
0.866852
0.902113
0.937025
0.971655
1.00565
1.03909
1.07169
1.10377
1.13483
1.16547
1.19519
1.22439
1.25264
1.28045
1.30702
1.33289
1.35747
1.38089
1.40239
1.42229
1.43995
1.45368
1.46411
1.46766
1.46866
1.46768
1.46226
1.44979
1.43268
1.41203
1.39348
1.37693
1.36818
1.36591
1.36926
1.37487
1.38483
1.40041
1.4188
1.4391
1.45993
1.48187
1.50267
1.52369
1.54318
1.56284
1.58082
1.59868
1.61472
1.63049
1.64427
1.65754
1.66847
1.67847
1.6857
1.69072
1.69177
1.69131
1.68959
1.68549
1.67717
1.66465
1.64844
1.63013
1.60993
1.58989
1.57085
1.55388
1.53962
1.52854
1.5196
1.5142
1.50965
1.50789
1.50654
1.50711
1.50746
1.50816
1.51024
)
;

boundaryField
{
    inlet
    {
        type            calculated;
        value           uniform 3.00001;
    }
    outlet
    {
        type            calculated;
        value           nonuniform List<scalar> 
40
(
1.06229
1.15555
1.23304
1.30267
1.35412
1.39894
1.42884
1.45314
1.47165
1.48765
1.50445
1.52391
1.54644
1.57029
1.59445
1.61789
1.642
1.6641
1.68671
1.70832
1.72954
1.74984
1.76883
1.78652
1.80277
1.81724
1.82969
1.84025
1.84794
1.85145
1.85107
1.84566
1.83494
1.8177
1.79211
1.7553
1.70574
1.64172
1.57179
1.51024
)
;
    }
    bottom
    {
        type            symmetryPlane;
    }
    top
    {
        type            symmetryPlane;
    }
    obstacle
    {
        type            calculated;
        value           uniform 0;
    }
    defaultFaces
    {
        type            empty;
    }
}


// ************************************************************************* //
