/*--------------------------------*- C++ -*----------------------------------*\
  =========                 |
  \\      /  F ield         | OpenFOAM: The Open Source CFD Toolbox
   \\    /   O peration     | Website:  https://openfoam.org
    \\  /    A nd           | Version:  9
     \\/     M anipulation  |
\*---------------------------------------------------------------------------*/
FoamFile
{
    format      ascii;
    class       volVectorField;
    location    "0.85";
    object      U;
}
// * * * * * * * * * * * * * * * * * * * * * * * * * * * * * * * * * * * * * //

dimensions      [0 1 -1 0 0 0 0];

internalField   nonuniform List<vector> 
4096
(
(-0.00231365 0.00227849 0)
(-0.00689373 0.00220805 0)
(-0.011226 0.00204475 0)
(-0.0151438 0.00179863 0)
(-0.0184866 0.00148111 0)
(-0.0211224 0.00110532 0)
(-0.0229482 0.000686005 0)
(-0.0238909 0.000239103 0)
(-0.0239142 -0.000216446 0)
(-0.0230156 -0.000665263 0)
(-0.0212274 -0.00108914 0)
(-0.0186179 -0.00147136 0)
(-0.0152869 -0.00179695 0)
(-0.0113631 -0.00205312 0)
(-0.00699807 -0.00222974 0)
(-0.00236126 -0.00231983 0)
(0.0023674 -0.00231982 0)
(0.00700416 -0.0022297 0)
(0.011369 -0.00205305 0)
(0.0152927 -0.00179685 0)
(0.0186234 -0.00147124 0)
(0.0212327 -0.001089 0)
(0.0230205 -0.000665095 0)
(0.0239187 -0.000216258 0)
(0.0238951 0.000239309 0)
(0.0229518 0.000686227 0)
(0.0211256 0.00110556 0)
(0.0184891 0.00148136 0)
(0.0151457 0.00179889 0)
(0.0112272 0.00204502 0)
(0.00689447 0.0022084 0)
(0.00231398 0.0022787 0)
(-0.00241771 0.00695109 0)
(-0.00720335 0.00673644 0)
(-0.01173 0.00623813 0)
(-0.0158241 0.00548729 0)
(-0.0193178 0.00451876 0)
(-0.022073 0.0033725 0)
(-0.0239819 0.00209355 0)
(-0.0249689 0.000731233 0)
(-0.024994 -0.000660838 0)
(-0.0240556 -0.00202962 0)
(-0.0221876 -0.00332259 0)
(-0.0194608 -0.0044888 0)
(-0.0159796 -0.00548235 0)
(-0.0118783 -0.0062641 0)
(-0.00731558 -0.00680313 0)
(-0.00246849 -0.00707807 0)
(0.00247467 -0.00707803 0)
(0.0073217 -0.006803 0)
(0.0118843 -0.00626389 0)
(0.0159855 -0.00548206 0)
(0.0194664 -0.00448842 0)
(0.0221929 -0.00332214 0)
(0.0240606 -0.00202911 0)
(0.0249986 -0.000660264 0)
(0.024973 0.000731864 0)
(0.0239855 0.00209423 0)
(0.0220761 0.00337322 0)
(0.0193203 0.00451952 0)
(0.015826 0.0054881 0)
(0.0117313 0.00623896 0)
(0.00720406 0.00673732 0)
(0.00241793 0.00695185 0)
(-0.00260387 0.0119104 0)
(-0.00775795 0.011543 0)
(-0.0126333 0.0106894 0)
(-0.0170435 0.00940323 0)
(-0.0208077 0.00774419 0)
(-0.0237773 0.00578062 0)
(-0.0258358 0.00358958 0)
(-0.0269019 0.00125556 0)
(-0.0269318 -0.00113056 0)
(-0.0259229 -0.00347678 0)
(-0.023912 -0.00569285 0)
(-0.0209749 -0.00769198 0)
(-0.0172242 -0.00939543 0)
(-0.0128042 -0.0107359 0)
(-0.00788619 -0.0116602 0)
(-0.00266123 -0.0121317 0)
(0.00266747 -0.0121316 0)
(0.00789237 -0.01166 0)
(0.0128103 -0.0107355 0)
(0.01723 -0.00939493 0)
(0.0209806 -0.00769136 0)
(0.0239173 -0.0056921 0)
(0.0259279 -0.00347591 0)
(0.0269364 -0.00112959 0)
(0.026906 0.00125663 0)
(0.0258395 0.00359073 0)
(0.0237804 0.00578185 0)
(0.0208102 0.00774548 0)
(0.0170454 0.00940459 0)
(0.0126346 0.0106908 0)
(0.00775869 0.0115444 0)
(0.00260411 0.0119118 0)
(-0.00288358 0.0173302 0)
(-0.00859136 0.016796 0)
(-0.0139911 0.015555 0)
(-0.0188766 0.0136846 0)
(-0.023048 0.0112718 0)
(-0.0263405 0.00841573 0)
(-0.0286248 0.00522829 0)
(-0.0298102 0.00183231 0)
(-0.0298481 -0.00164068 0)
(-0.0287341 -0.00505635 0)
(-0.0265087 -0.00828281 0)
(-0.0232556 -0.0111939 0)
(-0.0190991 -0.0136749 0)
(-0.0141992 -0.0156275 0)
(-0.00874599 -0.016974 0)
(-0.00295165 -0.017661 0)
(0.00295801 -0.0176609 0)
(0.00875228 -0.0169737 0)
(0.0142054 -0.0156269 0)
(0.019105 -0.0136742 0)
(0.0232613 -0.011193 0)
(0.0265141 -0.00828174 0)
(0.0287392 -0.00505511 0)
(0.0298527 -0.00163929 0)
(0.0298144 0.00183383 0)
(0.0286285 0.00522994 0)
(0.0263436 0.00841749 0)
(0.0230505 0.0112736 0)
(0.0188785 0.0136865 0)
(0.0139924 0.0155569 0)
(0.00859213 0.016798 0)
(0.00288383 0.0173321 0)
(-0.00326935 0.0234063 0)
(-0.00974095 0.0226858 0)
(-0.0158642 0.0210112 0)
(-0.021406 0.0184873 0)
(-0.0261399 0.0152308 0)
(-0.0298789 0.0113754 0)
(-0.0324759 0.00707146 0)
(-0.0338273 0.00248478 0)
(-0.033877 -0.00220755 0)
(-0.0326191 -0.006824 0)
(-0.0300984 -0.0111857 0)
(-0.0264091 -0.0151219 0)
(-0.021692 -0.0184774 0)
(-0.0161288 -0.0211187 0)
(-0.00993537 -0.0229406 0)
(-0.00335341 -0.02387 0)
(0.00335996 -0.0238699 0)
(0.00994185 -0.0229401 0)
(0.0161351 -0.021118 0)
(0.0216981 -0.0184765 0)
(0.026415 -0.0151208 0)
(0.030104 -0.0111843 0)
(0.0326243 -0.00682237 0)
(0.0338818 -0.00220574 0)
(0.0338316 0.00248678 0)
(0.0324796 0.00707362 0)
(0.0298821 0.0113777 0)
(0.0261425 0.0152333 0)
(0.021408 0.0184898 0)
(0.0158656 0.0210138 0)
(0.00974178 0.0226883 0)
(0.00326962 0.0234088 0)
(-0.00377643 0.030364 0)
(-0.0112521 0.0294307 0)
(-0.0183269 0.0272613 0)
(-0.0247322 0.0239909 0)
(-0.0302067 0.0197705 0)
(-0.0345342 0.0147722 0)
(-0.0375443 0.00919081 0)
(-0.039116 0.00324052 0)
(-0.0391832 -0.00284939 0)
(-0.0377375 -0.00884335 0)
(-0.0348292 -0.0145085 0)
(-0.0305663 -0.0196228 0)
(-0.0251111 -0.0239836 0)
(-0.0186736 -0.0274172 0)
(-0.0115042 -0.029786 0)
(-0.00388338 -0.0309946 0)
(0.00389019 -0.0309945 0)
(0.0115109 -0.0297855 0)
(0.0186802 -0.0274164 0)
(0.0251175 -0.0239825 0)
(0.0305725 -0.0196213 0)
(0.034835 -0.0145068 0)
(0.0377428 -0.00884132 0)
(0.0391881 -0.00284712 0)
(0.0391204 0.00324301 0)
(0.0375482 0.0091935 0)
(0.0345376 0.0147751 0)
(0.0302094 0.0197735 0)
(0.0247342 0.023994 0)
(0.0183284 0.0272644 0)
(0.011253 0.0294338 0)
(0.00377672 0.0303671 0)
(-0.00442382 0.0384621 0)
(-0.0131816 0.0372822 0)
(-0.0214716 0.0345388 0)
(-0.0289804 0.0304025 0)
(-0.0354025 0.025063 0)
(-0.0404843 0.0187371 0)
(-0.0440249 0.0116701 0)
(-0.0458812 0.00413241 0)
(-0.0459737 -0.00358606 0)
(-0.0442905 -0.0111869 0)
(-0.0408885 -0.0183743 0)
(-0.0358929 -0.0248654 0)
(-0.0294932 -0.0304023 0)
(-0.021936 -0.0347633 0)
(-0.0135157 -0.0377725 0)
(-0.00456295 -0.0393082 0)
(0.00457011 -0.0393079 0)
(0.0135228 -0.0377719 0)
(0.0219429 -0.0347623 0)
(0.0294999 -0.0304009 0)
(0.0358993 -0.0248636 0)
(0.0408945 -0.0183722 0)
(0.0442961 -0.0111845 0)
(0.0459788 -0.00358331 0)
(0.0458858 0.00413542 0)
(0.0440289 0.0116733 0)
(0.0404877 0.0187405 0)
(0.0354053 0.0250666 0)
(0.0289827 0.0304062 0)
(0.0214732 0.0345426 0)
(0.0131825 0.0372859 0)
(0.00442413 0.0384658 0)
(-0.00523514 0.0480014 0)
(-0.0155997 0.0465324 0)
(-0.0254138 0.0431161 0)
(-0.0343076 0.0379635 0)
(-0.0419203 0.03131 0)
(-0.0479516 0.0234236 0)
(-0.0521622 0.0146083 0)
(-0.0543805 0.00520048 0)
(-0.0545095 -0.00443917 0)
(-0.0525322 -0.0139381 0)
(-0.0485131 -0.0229257 0)
(-0.0425986 -0.0310469 0)
(-0.0350121 -0.0379775 0)
(-0.0260459 -0.0434383 0)
(-0.0160503 -0.0472075 0)
(-0.00541932 -0.0491313 0)
(0.00542691 -0.049131 0)
(0.0160578 -0.0472068 0)
(0.0260532 -0.0434371 0)
(0.0350191 -0.0379759 0)
(0.0426054 -0.0310448 0)
(0.0485195 -0.0229232 0)
(0.0525382 -0.0139352 0)
(0.054515 -0.00443592 0)
(0.0543854 0.00520404 0)
(0.0521665 0.0146122 0)
(0.0479552 0.0234276 0)
(0.0419233 0.0313142 0)
(0.0343099 0.0379679 0)
(0.0254155 0.0431205 0)
(0.0156008 0.0465369 0)
(0.00523548 0.0480058 0)
(-0.00623961 0.059335 0)
(-0.0185939 0.0575248 0)
(-0.030296 0.053313 0)
(-0.0409075 0.0469589 0)
(-0.0499992 0.0387499 0)
(-0.0572127 0.0290143 0)
(-0.0622607 0.0181247 0)
(-0.0649354 0.0064943 0)
(-0.0651171 -0.00543192 0)
(-0.0627811 -0.0171934 0)
(-0.0580006 -0.0283298 0)
(-0.0509472 -0.0383995 0)
(-0.0418862 -0.0469978 0)
(-0.0311669 -0.0537758 0)
(-0.0192092 -0.0584557 0)
(-0.0064868 -0.0608448 0)
(0.0064949 -0.0608445 0)
(0.0192172 -0.0584548 0)
(0.0311747 -0.0537744 0)
(0.0418938 -0.0469959 0)
(0.0509544 -0.038397 0)
(0.0580074 -0.0283269 0)
(0.0627874 -0.01719 0)
(0.0651229 -0.00542813 0)
(0.0649406 0.00649845 0)
(0.0622653 0.0181291 0)
(0.0572166 0.029019 0)
(0.0500024 0.0387548 0)
(0.04091 0.0469639 0)
(0.0302978 0.0533181 0)
(0.0185949 0.0575299 0)
(0.00623997 0.0593401 0)
(-0.00747288 0.0728803 0)
(-0.0222704 0.0706652 0)
(-0.0362929 0.0655089 0)
(-0.0490178 0.0577268 0)
(-0.0599329 0.0476674 0)
(-0.068608 0.0357286 0)
(-0.0746963 0.0223635 0)
(-0.0779438 0.00807621 0)
(-0.0782015 -0.0065886 0)
(-0.0754334 -0.0210647 0)
(-0.0697218 -0.0347839 0)
(-0.0612684 -0.0471989 0)
(-0.0503894 -0.0578074 0)
(-0.0375042 -0.0661745 0)
(-0.0231196 -0.0719541 0)
(-0.00780845 -0.0749052 0)
(0.00781715 -0.0749049 0)
(0.0231282 -0.0719531 0)
(0.0375127 -0.0661728 0)
(0.0503975 -0.0578051 0)
(0.0612761 -0.0471961 0)
(0.069729 -0.0347805 0)
(0.0754402 -0.0210608 0)
(0.0782076 -0.00658422 0)
(0.0779493 0.00808099 0)
(0.0747012 0.0223686 0)
(0.0686122 0.035734 0)
(0.0599363 0.047673 0)
(0.0490205 0.0577326 0)
(0.0362948 0.0655148 0)
(0.0222716 0.0706711 0)
(0.00747326 0.0728862 0)
(-0.00897813 0.0891329 0)
(-0.0267584 0.0864364 0)
(-0.043616 0.0801556 0)
(-0.0589275 0.0706717 0)
(-0.0720792 0.0584041 0)
(-0.0825536 0.0438319 0)
(-0.0899296 0.0275017 0)
(-0.0938951 0.0100255 0)
(-0.0942624 -0.0079336 0)
(-0.0909796 -0.0256824 0)
(-0.0841372 -0.0425214 0)
(-0.0739723 -0.0577746 0)
(-0.0608628 -0.0708192 0)
(-0.0453141 -0.0811146 0)
(-0.0279403 -0.0882296 0)
(-0.00943809 -0.0918638 0)
(0.0094475 -0.0918634 0)
(0.0279496 -0.0882285 0)
(0.0453232 -0.0811127 0)
(0.0608715 -0.0708165 0)
(0.0739807 -0.0577713 0)
(0.084145 -0.0425174 0)
(0.0909869 -0.0256779 0)
(0.0942691 -0.0079286 0)
(0.093901 0.010031 0)
(0.0899348 0.0275075 0)
(0.0825581 0.043838 0)
(0.0720829 0.0584105 0)
(0.0589303 0.0706782 0)
(0.043618 0.0801622 0)
(0.0267597 0.0864431 0)
(0.00897854 0.0891395 0)
(-0.0108072 0.108683 0)
(-0.0322128 0.105413 0)
(-0.0525199 0.0977926 0)
(-0.0709845 0.0862786 0)
(-0.086871 0.0713725 0)
(-0.0995546 0.0536469 0)
(-0.108522 0.0337581 0)
(-0.113388 0.0124445 0)
(-0.113914 -0.00948951 0)
(-0.110025 -0.0311971 0)
(-0.101817 -0.0518192 0)
(-0.0895681 -0.0705212 0)
(-0.0737306 -0.0865312 0)
(-0.0549155 -0.0991773 0)
(-0.0338693 -0.107922 0)
(-0.0114429 -0.11239 0)
(0.0114531 -0.112389 0)
(0.0338794 -0.10792 0)
(0.0549253 -0.0991751 0)
(0.0737401 -0.0865282 0)
(0.0895771 -0.0705174 0)
(0.101825 -0.0518147 0)
(0.110032 -0.031192 0)
(0.113921 -0.00948381 0)
(0.113395 0.0124507 0)
(0.108528 0.0337647 0)
(0.0995593 0.0536538 0)
(0.0868749 0.0713798 0)
(0.0709876 0.086286 0)
(0.0525221 0.0978001 0)
(0.0322141 0.105421 0)
(0.0108076 0.10869 0)
(-0.0130217 0.132232 0)
(-0.0388179 0.128282 0)
(-0.0633086 0.119066 0)
(-0.0856059 0.105131 0)
(-0.104828 0.087072 0)
(-0.120221 0.065569 0)
(-0.131155 0.0414048 0)
(-0.137154 0.0154661 0)
(-0.13791 -0.0112737 0)
(-0.133313 -0.0377828 0)
(-0.123464 -0.063006 0)
(-0.108687 -0.0859131 0)
(-0.0895206 -0.105546 0)
(-0.0667058 -0.121069 0)
(-0.0411537 -0.131809 0)
(-0.0139067 -0.1373 0)
(0.0139178 -0.137299 0)
(0.0411647 -0.131808 0)
(0.0667166 -0.121066 0)
(0.0895309 -0.105543 0)
(0.108697 -0.0859088 0)
(0.123474 -0.0630009 0)
(0.133322 -0.0377769 0)
(0.137917 -0.0112673 0)
(0.13716 0.0154731 0)
(0.131161 0.0414123 0)
(0.120226 0.0655768 0)
(0.104832 0.0870801 0)
(0.0856092 0.105139 0)
(0.0633109 0.119074 0)
(0.0388193 0.12829 0)
(0.0130221 0.13224 0)
(-0.0156942 0.160617 0)
(-0.0467914 0.15586 0)
(-0.0763413 0.144747 0)
(-0.103287 0.12793 0)
(-0.126572 0.106109 0)
(-0.145284 0.0800836 0)
(-0.158653 0.0507825 0)
(-0.16608 0.0192654 0)
(-0.16717 -0.0132931 0)
(-0.161762 -0.0456374 0)
(-0.149951 -0.0764714 0)
(-0.132112 -0.104521 0)
(-0.108889 -0.128595 0)
(-0.0811807 -0.14765 0)
(-0.0501017 -0.160845 0)
(-0.0169341 -0.167593 0)
(0.0169464 -0.167592 0)
(0.0501138 -0.160844 0)
(0.0811924 -0.147647 0)
(0.1089 -0.128592 0)
(0.132122 -0.104516 0)
(0.149961 -0.0764655 0)
(0.161771 -0.0456307 0)
(0.167178 -0.0132858 0)
(0.166087 0.0192733 0)
(0.158659 0.0507909 0)
(0.145289 0.0800924 0)
(0.126577 0.106118 0)
(0.10329 0.12794 0)
(0.0763438 0.144757 0)
(0.0467929 0.155869 0)
(0.0156947 0.160627 0)
(-0.0189096 0.194832 0)
(-0.0563876 0.189121 0)
(-0.09204 0.175762 0)
(-0.124612 0.155524 0)
(-0.15284 0.129221 0)
(-0.175621 0.09779 0)
(-0.192007 0.0623212 0)
(-0.201245 0.0240752 0)
(-0.20282 -0.0155353 0)
(-0.196498 -0.0549834 0)
(-0.182353 -0.0926754 0)
(-0.160816 -0.127032 0)
(-0.132654 -0.156568 0)
(-0.0989591 -0.179975 0)
(-0.0610992 -0.196199 0)
(-0.0206564 -0.204499 0)
(0.0206699 -0.204498 0)
(0.0611125 -0.196197 0)
(0.098972 -0.179972 0)
(0.132666 -0.156563 0)
(0.160827 -0.127026 0)
(0.182364 -0.0926687 0)
(0.196508 -0.0549759 0)
(0.202829 -0.015527 0)
(0.201253 0.0240841 0)
(0.192014 0.0623306 0)
(0.175626 0.0977998 0)
(0.152845 0.129232 0)
(0.124615 0.155534 0)
(0.0920425 0.175773 0)
(0.0563892 0.189132 0)
(0.0189101 0.194842 0)
(-0.0227656 0.236052 0)
(-0.0679006 0.229221 0)
(-0.110894 0.213214 0)
(-0.150262 0.188929 0)
(-0.1845 0.157309 0)
(-0.212271 0.119431 0)
(-0.232407 0.0765671 0)
(-0.243955 0.0302073 0)
(-0.246238 -0.0179551 0)
(-0.23891 -0.0660653 0)
(-0.222007 -0.112159 0)
(-0.196011 -0.154273 0)
(-0.161839 -0.190547 0)
(-0.120817 -0.219336 0)
(-0.0746301 -0.239309 0)
(-0.0252381 -0.249533 0)
(0.025253 -0.249532 0)
(0.0746448 -0.239306 0)
(0.120831 -0.219332 0)
(0.161852 -0.190542 0)
(0.196024 -0.154267 0)
(0.222019 -0.112152 0)
(0.238921 -0.0660568 0)
(0.246248 -0.0179457 0)
(0.243963 0.0302173 0)
(0.232415 0.0765777 0)
(0.212277 0.119442 0)
(0.184505 0.15732 0)
(0.150266 0.18894 0)
(0.110897 0.213225 0)
(0.0679022 0.229232 0)
(0.0227661 0.236063 0)
(-0.0273733 0.285662 0)
(-0.0816649 0.277525 0)
(-0.133464 0.258414 0)
(-0.181027 0.229372 0)
(-0.222565 0.19147 0)
(-0.256464 0.14593 0)
(-0.281277 0.0942197 0)
(-0.29579 0.0380842 0)
(-0.299105 -0.0204536 0)
(-0.290713 -0.079143 0)
(-0.270572 -0.135556 0)
(-0.239215 -0.187241 0)
(-0.197727 -0.231857 0)
(-0.14773 -0.267322 0)
(-0.0913039 -0.291954 0)
(-0.0308866 -0.30457 0)
(0.0309032 -0.304569 0)
(0.0913202 -0.291951 0)
(0.147746 -0.267318 0)
(0.197742 -0.231851 0)
(0.239229 -0.187234 0)
(0.270585 -0.135548 0)
(0.290725 -0.0791333 0)
(0.299115 -0.020443 0)
(0.295799 0.0380955 0)
(0.281285 0.0942315 0)
(0.25647 0.145943 0)
(0.22257 0.191482 0)
(0.181031 0.229385 0)
(0.133467 0.258427 0)
(0.0816666 0.277537 0)
(0.0273739 0.285674 0)
(-0.0328564 0.345283 0)
(-0.0980547 0.335638 0)
(-0.160381 0.312922 0)
(-0.217804 0.278327 0)
(-0.268206 0.233047 0)
(-0.30964 0.178444 0)
(-0.340309 0.116181 0)
(-0.358657 0.0482833 0)
(-0.36348 -0.0228455 0)
(-0.354029 -0.0944778 0)
(-0.330123 -0.163601 0)
(-0.29233 -0.227135 0)
(-0.241938 -0.282116 0)
(-0.18093 -0.325898 0)
(-0.111891 -0.356338 0)
(-0.0378642 -0.371938 0)
(0.0378827 -0.371937 0)
(0.111909 -0.356335 0)
(0.180947 -0.325893 0)
(0.241954 -0.282109 0)
(0.292346 -0.227127 0)
(0.330137 -0.163591 0)
(0.354042 -0.0944668 0)
(0.363492 -0.0228335 0)
(0.358667 0.048296 0)
(0.340318 0.116194 0)
(0.309646 0.178458 0)
(0.268211 0.23306 0)
(0.217808 0.278341 0)
(0.160384 0.312935 0)
(0.0980564 0.335652 0)
(0.032857 0.345297 0)
(-0.0393488 0.416798 0)
(-0.117477 0.405435 0)
(-0.192341 0.378572 0)
(-0.261595 0.337557 0)
(-0.322753 0.283682 0)
(-0.373469 0.218424 0)
(-0.411507 0.143623 0)
(-0.434854 0.0616004 0)
(-0.441887 -0.0248099 0)
(-0.431493 -0.112309 0)
(-0.403258 -0.197136 0)
(-0.357761 -0.2754 0)
(-0.296521 -0.343314 0)
(-0.22198 -0.397493 0)
(-0.137367 -0.435203 0)
(-0.0465033 -0.454537 0)
(0.046524 -0.454535 0)
(0.137387 -0.435199 0)
(0.221999 -0.397488 0)
(0.296539 -0.343306 0)
(0.357778 -0.27539 0)
(0.403274 -0.197125 0)
(0.431507 -0.112296 0)
(0.441899 -0.0247962 0)
(0.434864 0.0616146 0)
(0.411515 0.143638 0)
(0.373476 0.218439 0)
(0.322759 0.283697 0)
(0.261599 0.337572 0)
(0.192344 0.378587 0)
(0.117478 0.405449 0)
(0.0393494 0.416812 0)
(-0.04699 0.502366 0)
(-0.140358 0.489078 0)
(-0.230084 0.457517 0)
(-0.313491 0.409171 0)
(-0.387691 0.345389 0)
(-0.449863 0.267702 0)
(-0.497219 0.178085 0)
(-0.527142 0.0791418 0)
(-0.537418 -0.0258139 0)
(-0.526394 -0.132809 0)
(-0.493262 -0.237118 0)
(-0.438563 -0.333775 0)
(-0.364088 -0.417902 0)
(-0.27287 -0.485136 0)
(-0.168976 -0.531971 0)
(-0.0572275 -0.555989 0)
(0.0572508 -0.555988 0)
(0.168999 -0.531967 0)
(0.272892 -0.485129 0)
(0.364109 -0.417893 0)
(0.438582 -0.333764 0)
(0.49328 -0.237105 0)
(0.526409 -0.132795 0)
(0.537431 -0.0257984 0)
(0.527153 0.079158 0)
(0.497228 0.178101 0)
(0.44987 0.267718 0)
(0.387696 0.345406 0)
(0.313496 0.409187 0)
(0.230087 0.457533 0)
(0.14036 0.489094 0)
(0.0469906 0.502382 0)
(-0.0559167 0.604433 0)
(-0.167122 0.589038 0)
(-0.274361 0.552252 0)
(-0.374636 0.495675 0)
(-0.464628 0.420631 0)
(-0.54097 0.3286 0)
(-0.600178 0.221597 0)
(-0.638828 0.102459 0)
(-0.653881 -0.0249962 0)
(-0.642862 -0.156015 0)
(-0.60431 -0.284601 0)
(-0.538649 -0.404354 0)
(-0.447995 -0.508918 0)
(-0.336165 -0.592613 0)
(-0.208324 -0.650935 0)
(-0.0705857 -0.680838 0)
(0.0706121 -0.680836 0)
(0.20835 -0.65093 0)
(0.33619 -0.592605 0)
(0.448018 -0.508907 0)
(0.53867 -0.40434 0)
(0.604329 -0.284586 0)
(0.642878 -0.155999 0)
(0.653894 -0.0249784 0)
(0.63884 0.102477 0)
(0.600187 0.221615 0)
(0.540977 0.328618 0)
(0.464633 0.420649 0)
(0.37464 0.495693 0)
(0.274363 0.55227 0)
(0.167124 0.589055 0)
(0.0559172 0.60445 0)
(-0.0662492 0.725713 0)
(-0.198149 0.708087 0)
(-0.325875 0.665641 0)
(-0.446153 0.60003 0)
(-0.555236 0.512422 0)
(-0.64914 0.404076 0)
(-0.723513 0.276868 0)
(-0.773851 0.133742 0)
(-0.795956 -0.02099 0)
(-0.786105 -0.181705 0)
(-0.741749 -0.340738 0)
(-0.66308 -0.489729 0)
(-0.552632 -0.620233 0)
(-0.41525 -0.724747 0)
(-0.257534 -0.797531 0)
(-0.0873017 -0.83482 0)
(0.0873318 -0.834818 0)
(0.257563 -0.797525 0)
(0.415278 -0.724737 0)
(0.552658 -0.62022 0)
(0.663103 -0.489713 0)
(0.74177 -0.34072 0)
(0.786122 -0.181686 0)
(0.79597 -0.0209695 0)
(0.773862 0.133763 0)
(0.723522 0.276889 0)
(0.649147 0.404096 0)
(0.555241 0.512441 0)
(0.446157 0.600049 0)
(0.325877 0.66566 0)
(0.19815 0.708105 0)
(0.0662496 0.725731 0)
(-0.0780708 0.86914 0)
(-0.233715 0.849265 0)
(-0.385187 0.800912 0)
(-0.529035 0.725699 0)
(-0.661133 0.624442 0)
(-0.776837 0.497909 0)
(-0.870732 0.34754 0)
(-0.936857 0.176084 0)
(-0.969397 -0.0118833 0)
(-0.962726 -0.209279 0)
(-0.91253 -0.40685 0)
(-0.818572 -0.593129 0)
(-0.683824 -0.756622 0)
(-0.514443 -0.887585 0)
(-0.319174 -0.97877 0)
(-0.10822 -1.02548 0)
(0.108254 -1.02548 0)
(0.319207 -0.978763 0)
(0.514475 -0.887574 0)
(0.683853 -0.756607 0)
(0.818598 -0.59311 0)
(0.912553 -0.406829 0)
(0.962745 -0.209257 0)
(0.969412 -0.0118606 0)
(0.936868 0.176107 0)
(0.87074 0.347563 0)
(0.776844 0.497932 0)
(0.661138 0.624463 0)
(0.529038 0.72572 0)
(0.385189 0.800931 0)
(0.233716 0.849285 0)
(0.0780711 0.869159 0)
(-0.0913984 1.03778 0)
(-0.273908 1.01581 0)
(-0.452579 0.961622 0)
(-0.623962 0.876679 0)
(-0.78369 0.761157 0)
(-0.926468 0.614933 0)
(-1.04566 0.438524 0)
(-1.13345 0.233982 0)
(-1.18123 0.00587935 0)
(-1.18081 -0.237198 0)
(-1.12527 -0.483533 0)
(-1.01267 -0.716984 0)
(-0.846487 -0.923008 0)
(-0.635886 -1.08854 0)
(-0.393719 -1.20361 0)
(-0.133314 -1.26237 0)
(0.133354 -1.26237 0)
(0.393758 -1.2036 0)
(0.635923 -1.08853 0)
(0.846521 -0.922989 0)
(1.0127 -0.716961 0)
(1.1253 -0.483507 0)
(1.18083 -0.237171 0)
(1.18125 0.00590645 0)
(1.13346 0.234009 0)
(1.04567 0.43855 0)
(0.926473 0.614958 0)
(0.783693 0.76118 0)
(0.623964 0.8767 0)
(0.45258 0.961643 0)
(0.273908 1.01583 0)
(0.0913986 1.03779 0)
(-0.106143 1.23464 0)
(-0.318503 1.21099 0)
(-0.527849 1.15156 0)
(-0.731032 1.05749 0)
(-0.923711 0.927942 0)
(-1.10007 0.761318 0)
(-1.25208 0.556451 0)
(-1.36924 0.313969 0)
(-1.43896 0.0379169 0)
(-1.44801 -0.262166 0)
(-1.38386 -0.571341 0)
(-1.2402 -0.868092 0)
(-1.02594 -1.13205 0)
(-0.760577 -1.33972 0)
(-0.465444 -1.47997 0)
(-0.156481 -1.54999 0)
(0.156525 -1.54999 0)
(0.465488 -1.47996 0)
(0.76062 -1.33971 0)
(1.02598 -1.13202 0)
(1.24024 -0.868064 0)
(1.38389 -0.57131 0)
(1.44803 -0.262133 0)
(1.43897 0.0379498 0)
(1.36925 0.314 0)
(1.25209 0.55648 0)
(1.10008 0.761345 0)
(0.923713 0.927967 0)
(0.731032 1.05751 0)
(0.527849 1.15159 0)
(0.318503 1.21101 0)
(0.106143 1.23466 0)
(-0.122057 1.46245 0)
(-0.366812 1.43791 0)
(-0.610045 1.37458 0)
(-0.849368 1.27309 0)
(-1.08095 1.13114 0)
(-1.29873 0.944801 0)
(-1.49278 0.710003 0)
(-1.64789 0.424417 0)
(-1.74285 0.0891018 0)
(-1.75174 -0.288817 0)
(-1.64643 -0.693261 0)
(-1.42492 -1.07715 0)
(-1.12946 -1.3978 0)
(-0.803095 -1.64257 0)
(-0.47604 -1.80255 0)
(-0.157142 -1.87951 0)
(0.157184 -1.87951 0)
(0.476083 -1.80254 0)
(0.803139 -1.64255 0)
(1.12951 -1.39778 0)
(1.42496 -1.07711 0)
(1.64646 -0.693222 0)
(1.75176 -0.288777 0)
(1.74287 0.0891406 0)
(1.6479 0.424453 0)
(1.49278 0.710036 0)
(1.29873 0.94483 0)
(1.08095 1.13117 0)
(0.849367 1.27311 0)
(0.610044 1.3746 0)
(0.366811 1.43793 0)
(0.122057 1.46247 0)
(-0.138678 1.72328 0)
(-0.417491 1.69911 0)
(-0.697129 1.63424 0)
(-0.976633 1.52863 0)
(-1.25348 1.37798 0)
(-1.52149 1.17457 0)
(-1.7662 0.908207 0)
(-1.95992 0.566702 0)
(-2.05842 0.141434 0)
(-2.0011 -0.357136 0)
(-1.75043 -0.893209 0)
(-1.38342 -1.39484 0)
(-0.990162 -1.78441 0)
(-0.65539 -2.01622 0)
(-0.373541 -2.14068 0)
(-0.120856 -2.19498 0)
(0.120885 -2.19497 0)
(0.373572 -2.14067 0)
(0.655426 -2.01621 0)
(0.990204 -1.78438 0)
(1.38347 -1.3948 0)
(1.75047 -0.893161 0)
(2.00113 -0.357085 0)
(2.05844 0.141482 0)
(1.95993 0.566745 0)
(1.7662 0.908244 0)
(1.52149 1.1746 0)
(1.25348 1.378 0)
(0.976629 1.52865 0)
(0.697126 1.63426 0)
(0.417488 1.69913 0)
(0.138677 1.7233 0)
(-0.155262 2.01802 0)
(-0.468345 1.9961 0)
(-0.78561 1.93335 0)
(-1.10846 1.82908 0)
(-1.43676 1.67621 0)
(-1.76293 1.45931 0)
(-2.0597 1.14967 0)
(-2.26292 0.710269 0)
(-2.26045 0.132756 0)
(-1.97142 -0.592367 0)
(-1.47045 -1.36137 0)
(-1.06221 -1.83978 0)
(-0.753463 -2.10883 0)
(-0.504631 -2.26053 0)
(-0.292057 -2.34492 0)
(-0.0952899 -2.38292 0)
(0.0953101 -2.38292 0)
(0.292078 -2.34492 0)
(0.504656 -2.26053 0)
(0.753492 -2.10881 0)
(1.06224 -1.83975 0)
(1.4705 -1.36131 0)
(1.97146 -0.592298 0)
(2.26048 0.132818 0)
(2.26293 0.710323 0)
(2.0597 1.14972 0)
(1.76293 1.45934 0)
(1.43675 1.67624 0)
(1.10846 1.8291 0)
(0.785604 1.93337 0)
(0.468341 1.99611 0)
(0.15526 2.01803 0)
(-0.170737 2.34581 0)
(-0.516161 2.32867 0)
(-0.870225 2.27329 0)
(-1.23784 2.17855 0)
(-1.62196 2.0324 0)
(-2.00906 1.79635 0)
(-2.33101 1.39551 0)
(-2.41816 0.767977 0)
(-2.10912 -0.139039 0)
(-1.5328 -1.17006 0)
(-1.14787 -1.77312 0)
(-0.883046 -2.1247 0)
(-0.660452 -2.34134 0)
(-0.45733 -2.46477 0)
(-0.271389 -2.53469 0)
(-0.0901523 -2.56716 0)
(0.0901693 -2.56716 0)
(0.271407 -2.53468 0)
(0.45735 -2.46476 0)
(0.660475 -2.34132 0)
(0.883071 -2.12468 0)
(1.1479 -1.77308 0)
(1.53284 -1.17 0)
(2.10917 -0.138944 0)
(2.41818 0.768046 0)
(2.33101 1.39556 0)
(2.00905 1.79639 0)
(1.62195 2.03242 0)
(1.23783 2.17857 0)
(0.870215 2.2733 0)
(0.516155 2.32869 0)
(0.170735 2.34582 0)
(-0.18369 2.70332 0)
(-0.556659 2.6942 0)
(-0.943738 2.65329 0)
(-1.3541 2.57914 0)
(-1.79418 2.44335 0)
(-2.22382 2.14923 0)
(-2.45045 1.55907 0)
(-2.21665 0.537747 0)
(-1.59991 -0.791961 0)
(-1.22459 -1.56427 0)
(-1.04302 -2.00554 0)
(-0.899547 -2.3189 0)
(-0.701677 -2.54004 0)
(-0.492903 -2.65535 0)
(-0.294089 -2.71953 0)
(-0.0993122 -2.75135 0)
(0.0993287 -2.75135 0)
(0.294107 -2.71953 0)
(0.492923 -2.65534 0)
(0.7017 -2.54003 0)
(0.899567 -2.31887 0)
(1.04304 -2.0055 0)
(1.22461 -1.56422 0)
(1.59994 -0.791881 0)
(2.21669 0.53786 0)
(2.45046 1.55915 0)
(2.22381 2.14928 0)
(1.79416 2.44338 0)
(1.35408 2.57915 0)
(0.943725 2.6533 0)
(0.556651 2.69421 0)
(0.183688 2.70333 0)
(-0.192404 3.08412 0)
(-0.584534 3.08683 0)
(-0.996491 3.06922 0)
(-1.44227 3.02512 0)
(-1.92622 2.87932 0)
(-2.3138 2.44991 0)
(-2.29017 1.48412 0)
(-1.69733 -0.138999 0)
(-1.27057 -1.18168 0)
(-1.11692 -1.71046 0)
(-1.12052 -2.07676 0)
(-1.01446 -2.47504 0)
(-0.788541 -2.75094 0)
(-0.548117 -2.86743 0)
(-0.321536 -2.92517 0)
(-0.110897 -2.95565 0)
(0.110912 -2.95565 0)
(0.321553 -2.92517 0)
(0.548137 -2.86742 0)
(0.788565 -2.75093 0)
(1.01448 -2.47501 0)
(1.12053 -2.07672 0)
(1.11692 -1.71042 0)
(1.27058 -1.18162 0)
(1.69737 -0.138895 0)
(2.29019 1.48422 0)
(2.31379 2.44997 0)
(1.92619 2.87935 0)
(1.44225 3.02513 0)
(0.996473 3.06922 0)
(0.584523 3.08683 0)
(0.1924 3.08412 0)
(-0.195088 3.47751 0)
(-0.593895 3.49618 0)
(-1.01678 3.50962 0)
(-1.48298 3.48935 0)
(-1.95561 3.26984 0)
(-2.2041 2.57269 0)
(-1.83635 0.909598 0)
(-1.33715 -0.568091 0)
(-1.06808 -1.35022 0)
(-1.11858 -1.67867 0)
(-1.198 -2.08517 0)
(-1.10108 -2.65343 0)
(-0.849281 -3.00643 0)
(-0.585603 -3.11672 0)
(-0.333007 -3.15669 0)
(-0.118717 -3.18176 0)
(0.118728 -3.18176 0)
(0.333021 -3.15669 0)
(0.58562 -3.11672 0)
(0.849301 -3.00642 0)
(1.10109 -2.65339 0)
(1.198 -2.08511 0)
(1.11856 -1.67863 0)
(1.06808 -1.35018 0)
(1.33717 -0.568002 0)
(1.83639 0.909751 0)
(2.20409 2.57278 0)
(1.95557 3.26987 0)
(1.48295 3.48935 0)
(1.01675 3.50962 0)
(0.593882 3.49618 0)
(0.195084 3.47751 0)
(-0.190034 3.87127 0)
(-0.579427 3.90865 0)
(-0.99618 3.95511 0)
(-1.46236 3.93291 0)
(-1.87726 3.59409 0)
(-1.91563 2.50262 0)
(-1.46122 0.424341 0)
(-1.05902 -0.874449 0)
(-0.918612 -1.37117 0)
(-1.05996 -1.58066 0)
(-1.19754 -2.0932 0)
(-1.0965 -2.8488 0)
(-0.839277 -3.29027 0)
(-0.589024 -3.38624 0)
(-0.320992 -3.40136 0)
(-0.119471 -3.41114 0)
(0.119476 -3.41114 0)
(0.321 -3.40137 0)
(0.589034 -3.38625 0)
(0.839289 -3.29026 0)
(1.09651 -2.84875 0)
(1.19753 -2.09313 0)
(1.05993 -1.58062 0)
(0.918592 -1.37115 0)
(1.05903 -0.87438 0)
(1.46124 0.424473 0)
(1.91564 2.50277 0)
(1.87722 3.59413 0)
(1.46233 3.93292 0)
(0.996155 3.9551 0)
(0.579412 3.90864 0)
(0.190029 3.87125 0)
(-0.175684 4.24704 0)
(-0.535817 4.30576 0)
(-0.924795 4.37958 0)
(-1.35811 4.32529 0)
(-1.7036 3.81806 0)
(-1.56852 2.09006 0)
(-1.19699 0.074321 0)
(-0.856833 -1.09244 0)
(-0.786425 -1.36664 0)
(-0.924362 -1.44007 0)
(-1.12755 -2.07987 0)
(-0.976339 -3.03441 0)
(-0.72251 -3.56494 0)
(-0.543882 -3.63204 0)
(-0.283249 -3.63056 0)
(-0.110349 -3.62394 0)
(0.110347 -3.62395 0)
(0.283249 -3.63056 0)
(0.543882 -3.63205 0)
(0.722502 -3.56493 0)
(0.97634 -3.03434 0)
(1.12752 -2.07977 0)
(0.92432 -1.44003 0)
(0.786408 -1.36664 0)
(0.856843 -1.0924 0)
(1.19701 0.0744532 0)
(1.56853 2.09027 0)
(1.70356 3.81812 0)
(1.35807 4.32529 0)
(0.924766 4.37956 0)
(0.5358 4.30573 0)
(0.175678 4.24702 0)
(-0.151186 4.58412 0)
(-0.460125 4.66257 0)
(-0.797226 4.75305 0)
(-1.16682 4.65923 0)
(-1.4415 3.97707 0)
(-1.30565 1.7739 0)
(-1.03647 -0.199332 0)
(-0.818786 -1.26359 0)
(-0.756282 -1.35005 0)
(-0.758149 -1.1974 0)
(-0.823945 -1.96321 0)
(-0.715871 -3.18462 0)
(-0.523909 -3.76201 0)
(-0.447932 -3.82435 0)
(-0.227141 -3.82202 0)
(-0.0923297 -3.80513 0)
(0.0923194 -3.80514 0)
(0.227131 -3.82202 0)
(0.447921 -3.82436 0)
(0.523883 -3.762 0)
(0.715853 -3.18452 0)
(0.823896 -1.9631 0)
(0.758116 -1.19738 0)
(0.756276 -1.35008 0)
(0.818792 -1.26356 0)
(1.03648 -0.199199 0)
(1.30563 1.77413 0)
(1.44146 3.97716 0)
(1.16677 4.65923 0)
(0.797193 4.75302 0)
(0.460106 4.66253 0)
(0.151179 4.58408 0)
(-0.115931 4.86274 0)
(-0.35137 4.95609 0)
(-0.612831 5.05578 0)
(-0.897883 4.93368 0)
(-1.10376 4.09354 0)
(-1.07894 1.57541 0)
(-0.961981 -0.371507 0)
(-0.911139 -1.35782 0)
(-0.863917 -1.3941 0)
(-0.735669 -1.28913 0)
(-0.58217 -2.04948 0)
(-0.476383 -3.23837 0)
(-0.335986 -3.87191 0)
(-0.332386 -3.9548 0)
(-0.167041 -3.96443 0)
(-0.0706829 -3.94579 0)
(0.0706652 -3.94579 0)
(0.167022 -3.96443 0)
(0.332364 -3.95481 0)
(0.335952 -3.87189 0)
(0.476364 -3.23824 0)
(0.582149 -2.0494 0)
(0.735667 -1.28912 0)
(0.863937 -1.39416 0)
(0.911137 -1.35778 0)
(0.961982 -0.371359 0)
(1.07892 1.57561 0)
(1.10372 4.09365 0)
(0.897831 4.93366 0)
(0.612797 5.05574 0)
(0.351351 4.95604 0)
(0.115925 4.86269 0)
(-0.0708228 5.05921 0)
(-0.213629 5.16192 0)
(-0.377133 5.26906 0)
(-0.55944 5.14006 0)
(-0.690106 4.20696 0)
(-0.862039 1.58942 0)
(-0.930137 -0.355626 0)
(-1.00977 -1.35877 0)
(-1.0218 -1.53659 0)
(-0.796975 -1.51516 0)
(-0.465772 -2.27516 0)
(-0.295834 -3.31625 0)
(-0.191974 -3.92992 0)
(-0.225113 -4.0352 0)
(-0.112122 -4.06159 0)
(-0.049772 -4.04677 0)
(0.0497485 -4.04678 0)
(0.112097 -4.06159 0)
(0.225085 -4.0352 0)
(0.191934 -3.9299 0)
(0.295808 -3.31615 0)
(0.465762 -2.27511 0)
(0.796992 -1.51516 0)
(1.02179 -1.53665 0)
(1.00975 -1.35872 0)
(0.930112 -0.355457 0)
(0.861988 1.58966 0)
(0.690042 4.20709 0)
(0.559386 5.14003 0)
(0.3771 5.269 0)
(0.21361 5.16185 0)
(0.0708165 5.05914 0)
(-0.0142621 5.15702 0)
(-0.057761 5.2627 0)
(-0.102586 5.37686 0)
(-0.166979 5.26082 0)
(-0.172227 4.35653 0)
(-0.5242 1.79727 0)
(-0.796756 -0.159972 0)
(-0.987338 -1.29664 0)
(-1.06226 -1.71184 0)
(-0.842037 -1.86859 0)
(-0.386999 -2.62305 0)
(-0.156114 -3.45611 0)
(-0.0877727 -3.95065 0)
(-0.134915 -4.07738 0)
(-0.0655708 -4.12133 0)
(-0.031383 -4.1123 0)
(0.0313556 -4.1123 0)
(0.0655408 -4.12133 0)
(0.134885 -4.07737 0)
(0.0877324 -3.95064 0)
(0.156099 -3.45601 0)
(0.386996 -2.62301 0)
(0.842063 -1.8686 0)
(1.06225 -1.71186 0)
(0.987298 -1.29656 0)
(0.796703 -0.159799 0)
(0.524102 1.79752 0)
(0.172154 4.35663 0)
(0.166935 5.26077 0)
(0.102558 5.37679 0)
(0.0577466 5.26262 0)
(0.0142573 5.15695 0)
(0.0275481 5.14276 0)
(0.0964289 5.25237 0)
(0.178939 5.35978 0)
(0.2488 5.25654 0)
(0.417946 4.47173 0)
(0.101171 2.24381 0)
(-0.396799 0.157551 0)
(-0.663963 -1.11352 0)
(-0.823785 -1.80483 0)
(-0.678981 -2.26317 0)
(-0.234903 -2.98122 0)
(-0.023414 -3.5978 0)
(-0.00812257 -3.94008 0)
(-0.0584929 -4.08947 0)
(-0.0271306 -4.14997 0)
(-0.0158553 -4.14688 0)
(0.0158252 -4.14688 0)
(0.0270996 -4.14997 0)
(0.0584593 -4.08946 0)
(0.00808205 -3.94006 0)
(0.0233994 -3.59774 0)
(0.234896 -2.98119 0)
(0.678981 -2.26316 0)
(0.823699 -1.8048 0)
(0.663871 -1.11342 0)
(0.396702 0.157723 0)
(-0.101289 2.24408 0)
(-0.417983 4.47179 0)
(-0.248833 5.25648 0)
(-0.178957 5.35969 0)
(-0.0964389 5.25228 0)
(-0.0275514 5.14268 0)
(0.0738792 5.03701 0)
(0.238479 5.12846 0)
(0.432048 5.21013 0)
(0.633698 5.0973 0)
(0.89849 4.43274 0)
(0.872372 2.71641 0)
(0.344512 0.749752 0)
(0.0257021 -0.73716 0)
(-0.222629 -1.71619 0)
(-0.221803 -2.50173 0)
(0.0149185 -3.21897 0)
(0.105382 -3.64976 0)
(0.0575654 -3.89817 0)
(0.00378143 -4.07783 0)
(0.00386597 -4.15325 0)
(-0.00291889 -4.15614 0)
(0.00288668 -4.15614 0)
(-0.00389639 -4.15325 0)
(-0.00381609 -4.07782 0)
(-0.0576041 -3.89815 0)
(-0.105404 -3.64973 0)
(-0.0149357 -3.21894 0)
(0.221771 -2.50169 0)
(0.222523 -1.71609 0)
(-0.0258049 -0.737012 0)
(-0.344651 0.74997 0)
(-0.872474 2.71662 0)
(-0.898497 4.43276 0)
(-0.633714 5.09722 0)
(-0.432054 5.21003 0)
(-0.238482 5.12837 0)
(-0.0738802 5.03692 0)
(0.110676 4.84262 0)
(0.347075 4.9082 0)
(0.618902 4.95245 0)
(0.912596 4.81582 0)
(1.21435 4.23698 0)
(1.34788 2.85745 0)
(1.04743 1.06258 0)
(0.717875 -0.428416 0)
(0.41372 -1.55101 0)
(0.268649 -2.50184 0)
(0.2513 -3.26648 0)
(0.194373 -3.59971 0)
(0.114272 -3.82982 0)
(0.0510535 -4.04901 0)
(0.028358 -4.13735 0)
(0.00687252 -4.1489 0)
(-0.00690425 -4.1489 0)
(-0.0283891 -4.13735 0)
(-0.0510884 -4.04899 0)
(-0.114309 -3.8298 0)
(-0.194417 -3.59968 0)
(-0.25135 -3.26643 0)
(-0.26872 -2.50177 0)
(-0.413816 -1.5509 0)
(-0.717953 -0.428308 0)
(-1.04754 1.06274 0)
(-1.34792 2.85758 0)
(-1.21434 4.23697 0)
(-0.91259 4.81574 0)
(-0.618894 4.95236 0)
(-0.347071 4.90811 0)
(-0.110675 4.84253 0)
(0.134612 4.58384 0)
(0.416244 4.62408 0)
(0.730692 4.63129 0)
(1.07086 4.47588 0)
(1.39927 3.96114 0)
(1.58477 2.85831 0)
(1.47376 1.33315 0)
(1.16362 -0.142086 0)
(0.86476 -1.32749 0)
(0.62826 -2.34966 0)
(0.425413 -3.15854 0)
(0.253117 -3.4853 0)
(0.156201 -3.75172 0)
(0.08756 -4.00802 0)
(0.050321 -4.10471 0)
(0.0163605 -4.12241 0)
(-0.01639 -4.12241 0)
(-0.0503514 -4.10471 0)
(-0.0875924 -4.008 0)
(-0.156232 -3.75169 0)
(-0.253155 -3.48526 0)
(-0.425463 -3.15848 0)
(-0.628325 -2.34957 0)
(-0.864836 -1.32738 0)
(-1.16369 -0.141943 0)
(-1.47383 1.33331 0)
(-1.58477 2.85839 0)
(-1.39925 3.96111 0)
(-1.07084 4.47581 0)
(-0.730674 4.6312 0)
(-0.416235 4.62399 0)
(-0.134609 4.58375 0)
(0.146451 4.29025 0)
(0.449542 4.30928 0)
(0.778863 4.28629 0)
(1.13064 4.1229 0)
(1.46727 3.67222 0)
(1.68031 2.78583 0)
(1.6814 1.53366 0)
(1.465 0.178309 0)
(1.16264 -1.04418 0)
(0.863626 -2.0822 0)
(0.563072 -2.93239 0)
(0.311201 -3.30314 0)
(0.192748 -3.66191 0)
(0.118008 -3.95487 0)
(0.0669481 -4.06221 0)
(0.0225082 -4.08174 0)
(-0.0225351 -4.08174 0)
(-0.0669748 -4.0622 0)
(-0.118036 -3.95486 0)
(-0.192772 -3.66188 0)
(-0.311226 -3.3031 0)
(-0.563107 -2.93231 0)
(-0.863674 -2.08211 0)
(-1.1627 -1.04406 0)
(-1.46504 0.17843 0)
(-1.68141 1.53377 0)
(-1.68029 2.78587 0)
(-1.46723 3.67219 0)
(-1.13061 4.12283 0)
(-0.778839 4.28621 0)
(-0.449529 4.3092 0)
(-0.146447 4.29017 0)
(0.148702 3.9858 0)
(0.454335 3.98763 0)
(0.778893 3.94237 0)
(1.11933 3.77772 0)
(1.44391 3.384 0)
(1.67387 2.65431 0)
(1.72121 1.608 0)
(1.58526 0.425798 0)
(1.31726 -0.732656 0)
(0.99394 -1.76281 0)
(0.648664 -2.63423 0)
(0.353477 -3.08707 0)
(0.224311 -3.5575 0)
(0.143741 -3.88927 0)
(0.0809509 -4.00919 0)
(0.0271223 -4.03363 0)
(-0.0271459 -4.03363 0)
(-0.0809742 -4.00918 0)
(-0.143763 -3.88925 0)
(-0.224329 -3.55748 0)
(-0.353493 -3.08703 0)
(-0.648685 -2.63415 0)
(-0.993967 -1.76271 0)
(-1.31728 -0.732545 0)
(-1.58527 0.425899 0)
(-1.72119 1.60807 0)
(-1.67383 2.65433 0)
(-1.44386 3.38397 0)
(-1.11929 3.77767 0)
(-0.778867 3.9423 0)
(-0.45432 3.98756 0)
(-0.148697 3.98573 0)
(0.143936 3.68526 0)
(0.43798 3.67556 0)
(0.744421 3.61658 0)
(1.05961 3.4538 0)
(1.35778 3.10723 0)
(1.58293 2.50066 0)
(1.66294 1.62964 0)
(1.57565 0.601545 0)
(1.3496 -0.452701 0)
(1.0369 -1.43414 0)
(0.685945 -2.30798 0)
(0.381674 -2.87076 0)
(0.24728 -3.44768 0)
(0.163541 -3.81522 0)
(0.0921035 -3.94639 0)
(0.0309683 -3.9741 0)
(-0.0309882 -3.97409 0)
(-0.0921229 -3.94639 0)
(-0.16356 -3.81521 0)
(-0.247295 -3.44765 0)
(-0.381685 -2.87072 0)
(-0.685957 -2.30789 0)
(-1.03691 -1.43404 0)
(-1.3496 -0.4526 0)
(-1.57564 0.601631 0)
(-1.66291 1.6297 0)
(-1.58289 2.50068 0)
(-1.35774 3.1072 0)
(-1.05957 3.45375 0)
(-0.744394 3.61653 0)
(-0.437965 3.6755 0)
(-0.143931 3.6852 0)
(0.134349 3.40229 0)
(0.407323 3.38468 0)
(0.687466 3.31796 0)
(0.970214 3.16096 0)
(1.23463 2.85505 0)
(1.4404 2.34564 0)
(1.53166 1.61914 0)
(1.48001 0.736647 0)
(1.29621 -0.202584 0)
(1.01654 -1.11986 0)
(0.693513 -1.98631 0)
(0.4063 -2.65885 0)
(0.262056 -3.33307 0)
(0.177205 -3.7351 0)
(0.0999423 -3.87854 0)
(0.0333756 -3.90997 0)
(-0.0333925 -3.90997 0)
(-0.0999587 -3.87854 0)
(-0.17722 -3.73509 0)
(-0.262069 -3.33306 0)
(-0.406308 -2.65882 0)
(-0.693519 -1.98623 0)
(-1.01654 -1.11976 0)
(-1.2962 -0.202495 0)
(-1.47998 0.736718 0)
(-1.53162 1.61918 0)
(-1.44036 2.34564 0)
(-1.23459 2.85503 0)
(-0.970178 3.16093 0)
(-0.687441 3.31792 0)
(-0.407308 3.38463 0)
(-0.134344 3.40224 0)
(0.121937 3.14287 0)
(0.368503 3.12078 0)
(0.618253 3.05167 0)
(0.865893 2.90405 0)
(1.09438 2.63435 0)
(1.27338 2.20176 0)
(1.36299 1.59171 0)
(1.33463 0.836869 0)
(1.18938 0.00556776 0)
(0.954621 -0.843175 0)
(0.677514 -1.69315 0)
(0.4221 -2.45307 0)
(0.265314 -3.20666 0)
(0.182831 -3.65045 0)
(0.105057 -3.80546 0)
(0.0347592 -3.84142 0)
(-0.0347745 -3.84142 0)
(-0.105072 -3.80545 0)
(-0.182844 -3.65044 0)
(-0.265325 -3.20665 0)
(-0.422108 -2.45303 0)
(-0.67752 -1.69307 0)
(-0.954614 -0.843089 0)
(-1.18936 0.00564474 0)
(-1.3346 0.836927 0)
(-1.36295 1.59174 0)
(-1.27333 2.20177 0)
(-1.09434 2.63434 0)
(-0.865861 2.90403 0)
(-0.618229 3.05163 0)
(-0.368489 3.12075 0)
(-0.121932 3.14283 0)
(0.108294 2.91095 0)
(0.326367 2.88694 0)
(0.544744 2.81927 0)
(0.75779 2.6835 0)
(0.9517 2.44661 0)
(1.10299 2.07658 0)
(1.18336 1.55936 0)
(1.16885 0.910664 0)
(1.0562 0.173134 0)
(0.865574 -0.613695 0)
(0.637354 -1.44007 0)
(0.41898 -2.25998 0)
(0.255432 -3.08085 0)
(0.178633 -3.57022 0)
(0.106753 -3.73353 0)
(0.0352858 -3.77081 0)
(-0.0352999 -3.77081 0)
(-0.106767 -3.73352 0)
(-0.178647 -3.57022 0)
(-0.255444 -3.08084 0)
(-0.418992 -2.25994 0)
(-0.637362 -1.44001 0)
(-0.865567 -0.61362 0)
(-1.05618 0.173199 0)
(-1.16882 0.910712 0)
(-1.18332 1.55939 0)
(-1.10295 2.07659 0)
(-0.951665 2.4466 0)
(-0.757762 2.68348 0)
(-0.544723 2.81925 0)
(-0.326355 2.88691 0)
(-0.10829 2.91092 0)
(0.094577 2.70755 0)
(0.28436 2.68339 0)
(0.472533 2.6196 0)
(0.653487 2.49682 0)
(0.815992 2.28936 0)
(0.942024 1.97123 0)
(1.01012 1.52793 0)
(1.00283 0.96505 0)
(0.915225 0.305733 0)
(0.761305 -0.427459 0)
(0.578108 -1.22994 0)
(0.395159 -2.09461 0)
(0.246319 -2.97007 0)
(0.174277 -3.49971 0)
(0.107576 -3.66327 0)
(0.0358704 -3.70057 0)
(-0.0358834 -3.70057 0)
(-0.107589 -3.66327 0)
(-0.174288 -3.4997 0)
(-0.24633 -2.97006 0)
(-0.395171 -2.09458 0)
(-0.578116 -1.22989 0)
(-0.761298 -0.427396 0)
(-0.915207 0.305788 0)
(-1.0028 0.965091 0)
(-1.01009 1.52796 0)
(-0.941991 1.97123 0)
(-0.815962 2.28936 0)
(-0.653463 2.49681 0)
(-0.472515 2.61958 0)
(-0.284349 2.68337 0)
(-0.0945735 2.70753 0)
(0.0815577 2.53166 0)
(0.244734 2.50848 0)
(0.405166 2.44993 0)
(0.557544 2.34028 0)
(0.692684 2.15884 0)
(0.796768 1.88376 0)
(0.85356 1.5001 0)
(0.849878 1.00607 0)
(0.781466 0.410722 0)
(0.659942 -0.27954 0)
(0.519333 -1.06877 0)
(0.376145 -1.95153 0)
(0.257011 -2.87277 0)
(0.181373 -3.43201 0)
(0.110825 -3.5926 0)
(0.0371192 -3.62833 0)
(-0.0371312 -3.62833 0)
(-0.110837 -3.59259 0)
(-0.181383 -3.43201 0)
(-0.25702 -2.87276 0)
(-0.376154 -1.95149 0)
(-0.519337 -1.06873 0)
(-0.659935 -0.279488 0)
(-0.78145 0.410768 0)
(-0.849854 1.00611 0)
(-0.853533 1.50012 0)
(-0.796741 1.88377 0)
(-0.692659 2.15884 0)
(-0.557523 2.34027 0)
(-0.405151 2.44992 0)
(-0.244725 2.50846 0)
(-0.0815548 2.53164 0)
(0.0696974 2.3811 0)
(0.208805 2.35955 0)
(0.34463 2.30682 0)
(0.472343 2.20973 0)
(0.584452 2.05101 0)
(0.670381 1.81159 0)
(0.717998 1.47599 0)
(0.717724 1.03672 0)
(0.667499 0.491359 0)
(0.579225 -0.167402 0)
(0.476703 -0.947994 0)
(0.372614 -1.82813 0)
(0.277151 -2.77683 0)
(0.193773 -3.35467 0)
(0.115734 -3.51746 0)
(0.0385596 -3.55299 0)
(-0.0385707 -3.55299 0)
(-0.115745 -3.51746 0)
(-0.193782 -3.35467 0)
(-0.277159 -2.77682 0)
(-0.372619 -1.8281 0)
(-0.476703 -0.947955 0)
(-0.579217 -0.167359 0)
(-0.667484 0.491398 0)
(-0.717704 1.03675 0)
(-0.717976 1.47601 0)
(-0.670359 1.8116 0)
(-0.584432 2.05101 0)
(-0.472327 2.20972 0)
(-0.344618 2.30681 0)
(-0.208798 2.35954 0)
(-0.0696949 2.38109 0)
(0.0592218 2.25311 0)
(0.177196 2.23349 0)
(0.291782 2.18656 0)
(0.398747 2.10098 0)
(0.492052 1.96172 0)
(0.563677 1.75148 0)
(0.604771 1.45405 0)
(0.608839 1.05693 0)
(0.575896 0.548165 0)
(0.516403 -0.0887816 0)
(0.446647 -0.860471 0)
(0.368832 -1.74043 0)
(0.284193 -2.69025 0)
(0.201093 -3.26886 0)
(0.119694 -3.43736 0)
(0.0397776 -3.47438 0)
(-0.039788 -3.47438 0)
(-0.119704 -3.43736 0)
(-0.201102 -3.26886 0)
(-0.284202 -2.69024 0)
(-0.368837 -1.7404 0)
(-0.446646 -0.860438 0)
(-0.516396 -0.0887454 0)
(-0.575883 0.548199 0)
(-0.608822 1.05695 0)
(-0.604753 1.45407 0)
(-0.563659 1.75149 0)
(-0.492036 1.96173 0)
(-0.398734 2.10098 0)
(-0.291772 2.18656 0)
(-0.177189 2.23348 0)
(-0.0592198 2.2531 0)
(0.0501906 2.1447 0)
(0.150034 2.12704 0)
(0.24668 2.08552 0)
(0.336546 2.01002 0)
(0.414856 1.887 0)
(0.475636 1.70011 0)
(0.512633 1.43217 0)
(0.521829 1.06624 0)
(0.504547 0.583282 0)
(0.468621 -0.0365658 0)
(0.420822 -0.794479 0)
(0.355305 -1.6619 0)
(0.276965 -2.60883 0)
(0.201329 -3.1875 0)
(0.121165 -3.35657 0)
(0.0404745 -3.39394 0)
(-0.0404843 -3.39394 0)
(-0.121174 -3.35657 0)
(-0.201338 -3.1875 0)
(-0.276974 -2.60883 0)
(-0.35531 -1.66188 0)
(-0.420822 -0.794453 0)
(-0.468615 -0.0365351 0)
(-0.504537 0.583311 0)
(-0.521816 1.06627 0)
(-0.512618 1.43219 0)
(-0.475621 1.70012 0)
(-0.414843 1.88701 0)
(-0.336535 2.01002 0)
(-0.246672 2.08552 0)
(-0.150029 2.12704 0)
(-0.050189 2.1447 0)
(0.0425535 2.05293 0)
(0.127128 2.0371 0)
(0.208869 2.00032 0)
(0.28484 1.93332 0)
(0.351345 1.82344 0)
(0.404031 1.65474 0)
(0.438635 1.40894 0)
(0.452871 1.0655 0)
(0.448213 0.601065 0)
(0.428758 -0.00364897 0)
(0.394106 -0.744124 0)
(0.334907 -1.59354 0)
(0.265888 -2.53655 0)
(0.199439 -3.11229 0)
(0.120814 -3.27726 0)
(0.0406614 -3.31327 0)
(-0.0406706 -3.31327 0)
(-0.120823 -3.27726 0)
(-0.199447 -3.11229 0)
(-0.265897 -2.53655 0)
(-0.334913 -1.59352 0)
(-0.394107 -0.744103 0)
(-0.428754 -0.00362374 0)
(-0.448205 0.60109 0)
(-0.45286 1.06552 0)
(-0.438623 1.40896 0)
(-0.404019 1.65476 0)
(-0.351335 1.82344 0)
(-0.284831 1.93333 0)
(-0.208863 2.00032 0)
(-0.127124 2.03711 0)
(-0.0425522 2.05293 0)
(0.0361969 1.97507 0)
(0.108106 1.96084 0)
(0.177626 1.92804 0)
(0.242415 1.86796 0)
(0.299679 1.7684 0)
(0.346318 1.61351 0)
(0.379536 1.38392 0)
(0.398093 1.05666 0)
(0.402847 0.606659 0)
(0.394303 0.017484 0)
(0.367835 -0.702212 0)
(0.312697 -1.53176 0)
(0.256602 -2.47532 0)
(0.198882 -3.04154 0)
(0.120412 -3.19916 0)
(0.0407164 -3.23278 0)
(-0.040725 -3.23278 0)
(-0.120421 -3.19916 0)
(-0.19889 -3.04154 0)
(-0.25661 -2.47532 0)
(-0.312703 -1.53175 0)
(-0.367837 -0.702194 0)
(-0.394301 0.017505 0)
(-0.402842 0.606681 0)
(-0.398085 1.05668 0)
(-0.379527 1.38394 0)
(-0.346309 1.61352 0)
(-0.299671 1.76841 0)
(-0.242408 1.86797 0)
(-0.177621 1.92805 0)
(-0.108103 1.96085 0)
(-0.0361959 1.97508 0)
(0.0309783 1.90868 0)
(0.092521 1.89578 0)
(0.152139 1.8662 0)
(0.208021 1.81157 0)
(0.258112 1.71992 0)
(0.300274 1.57526 0)
(0.332747 1.35734 0)
(0.354831 1.04184 0)
(0.366451 0.603974 0)
(0.365346 0.0310495 0)
(0.344886 -0.666443 0)
(0.293962 -1.47687 0)
(0.253047 -2.42753 0)
(0.200887 -2.97262 0)
(0.121051 -3.12138 0)
(0.0409038 -3.15202 0)
(-0.040912 -3.15202 0)
(-0.12106 -3.12138 0)
(-0.200894 -2.97262 0)
(-0.253055 -2.42753 0)
(-0.293968 -1.47686 0)
(-0.344889 -0.666428 0)
(-0.365346 0.0310676 0)
(-0.366448 0.603993 0)
(-0.354825 1.04185 0)
(-0.332741 1.35736 0)
(-0.300267 1.57528 0)
(-0.258106 1.71994 0)
(-0.208016 1.81158 0)
(-0.152135 1.8662 0)
(-0.0925186 1.89579 0)
(-0.0309775 1.90869 0)
(0.0267484 1.85162 0)
(0.0799125 1.83978 0)
(0.131604 1.81269 0)
(0.180478 1.76222 0)
(0.225084 1.67643 0)
(0.264023 1.53912 0)
(0.296251 1.32941 0)
(0.321254 1.02259 0)
(0.338025 0.59544 0)
(0.342517 0.0388205 0)
(0.327846 -0.636861 0)
(0.283704 -1.42968 0)
(0.255458 -2.39055 0)
(0.203863 -2.90252 0)
(0.122322 -3.0428 0)
(0.0411524 -3.07044 0)
(-0.0411602 -3.07044 0)
(-0.12233 -3.0428 0)
(-0.20387 -2.90252 0)
(-0.255465 -2.39055 0)
(-0.28371 -1.42967 0)
(-0.327849 -0.636849 0)
(-0.342518 0.0388358 0)
(-0.338023 0.595457 0)
(-0.321251 1.02261 0)
(-0.296246 1.32943 0)
(-0.264018 1.53913 0)
(-0.225079 1.67644 0)
(-0.180474 1.76223 0)
(-0.131601 1.8127 0)
(-0.0799106 1.83979 0)
(-0.0267477 1.85162 0)
(0.023364 1.80206 0)
(0.0698436 1.79101 0)
(0.115272 1.76576 0)
(0.158709 1.71828 0)
(0.199201 1.63661 0)
(0.235909 1.50431 0)
(0.268253 1.30019 0)
(0.295691 0.999883 0)
(0.31641 0.582364 0)
(0.32546 0.0413185 0)
(0.316572 -0.614054 0)
(0.28022 -1.39028 0)
(0.257931 -2.35743 0)
(0.205022 -2.83111 0)
(0.123226 -2.96306 0)
(0.0413567 -2.98819 0)
(-0.041364 -2.98819 0)
(-0.123234 -2.96306 0)
(-0.205028 -2.83111 0)
(-0.257938 -2.35744 0)
(-0.280226 -1.39027 0)
(-0.316576 -0.614044 0)
(-0.325462 0.0413315 0)
(-0.31641 0.582379 0)
(-0.295689 0.999899 0)
(-0.26825 1.30021 0)
(-0.235905 1.50432 0)
(-0.199197 1.63662 0)
(-0.158706 1.71829 0)
(-0.11527 1.76577 0)
(-0.0698422 1.79102 0)
(-0.0233635 1.80206 0)
(0.0206959 1.75844 0)
(0.0619218 1.74794 0)
(0.102479 1.72393 0)
(0.141772 1.67844 0)
(0.179247 1.59941 0)
(0.214478 1.47024 0)
(0.247147 1.26972 0)
(0.276538 0.974379 0)
(0.300193 0.565586 0)
(0.312874 0.039087 0)
(0.308916 -0.597428 0)
(0.278141 -1.35683 0)
(0.258182 -2.32441 0)
(0.204746 -2.76117 0)
(0.123766 -2.88342 0)
(0.0415804 -2.90562 0)
(-0.0415874 -2.90562 0)
(-0.123773 -2.88342 0)
(-0.204753 -2.76117 0)
(-0.258189 -2.32441 0)
(-0.278147 -1.35683 0)
(-0.30892 -0.59742 0)
(-0.312876 0.0390982 0)
(-0.300194 0.565599 0)
(-0.276537 0.974394 0)
(-0.247145 1.26974 0)
(-0.214476 1.47026 0)
(-0.179244 1.59943 0)
(-0.141769 1.67845 0)
(-0.102477 1.72394 0)
(-0.0619207 1.74795 0)
(-0.0206955 1.75845 0)
(0.0186327 1.71946 0)
(0.0558102 1.70929 0)
(0.0926577 1.686 0)
(0.128869 1.64163 0)
(0.164204 1.56404 0)
(0.198517 1.43653 0)
(0.231591 1.23817 0)
(0.262458 0.946752 0)
(0.288201 0.545937 0)
(0.303681 0.0330165 0)
(0.303702 -0.585615 0)
(0.276881 -1.32723 0)
(0.260163 -2.29112 0)
(0.205821 -2.69219 0)
(0.124876 -2.80396 0)
(0.041969 -2.82257 0)
(-0.0419756 -2.82257 0)
(-0.124882 -2.80396 0)
(-0.205827 -2.69219 0)
(-0.26017 -2.29112 0)
(-0.276887 -1.32723 0)
(-0.303706 -0.585609 0)
(-0.303684 0.0330257 0)
(-0.288203 0.545948 0)
(-0.262458 0.946765 0)
(-0.23159 1.23818 0)
(-0.198516 1.43655 0)
(-0.164203 1.56405 0)
(-0.128867 1.64164 0)
(-0.0926565 1.68601 0)
(-0.0558094 1.7093 0)
(-0.0186325 1.71947 0)
(0.0170826 1.68402 0)
(0.0512312 1.67397 0)
(0.0853452 1.65095 0)
(0.119354 1.60698 0)
(0.153254 1.52987 0)
(0.187063 1.40293 0)
(0.220548 1.20577 0)
(0.25248 0.917623 0)
(0.279718 0.524188 0)
(0.297493 0.0237965 0)
(0.301254 -0.578094 0)
(0.279399 -1.30122 0)
(0.26663 -2.25796 0)
(0.209156 -2.62265 0)
(0.126996 -2.72363 0)
(0.0425968 -2.73841 0)
(-0.0426031 -2.73841 0)
(-0.127003 -2.72363 0)
(-0.209163 -2.62265 0)
(-0.266636 -2.25796 0)
(-0.279406 -1.30122 0)
(-0.301259 -0.578088 0)
(-0.297496 0.0238045 0)
(-0.27972 0.524198 0)
(-0.252481 0.917635 0)
(-0.220548 1.20578 0)
(-0.187062 1.40295 0)
(-0.153253 1.52988 0)
(-0.119353 1.60699 0)
(-0.0853444 1.65096 0)
(-0.0512307 1.67398 0)
(-0.0170824 1.68403 0)
(0.0159725 1.65117 0)
(0.0479654 1.64108 0)
(0.0801765 1.61794 0)
(0.112724 1.57379 0)
(0.145767 1.4964 0)
(0.179399 1.36928 0)
(0.21329 1.17272 0)
(0.245982 0.887438 0)
(0.27432 0.50078 0)
(0.294151 0.0115946 0)
(0.30168 -0.575532 0)
(0.286786 -1.27997 0)
(0.276376 -2.22326 0)
(0.213782 -2.55099 0)
(0.129866 -2.64145 0)
(0.0434536 -2.65261 0)
(-0.0434596 -2.65261 0)
(-0.129872 -2.64145 0)
(-0.213788 -2.55099 0)
(-0.276383 -2.22327 0)
(-0.286792 -1.27997 0)
(-0.301685 -0.575528 0)
(-0.294154 0.0116016 0)
(-0.274322 0.500789 0)
(-0.245983 0.887449 0)
(-0.21329 1.17274 0)
(-0.179399 1.36929 0)
(-0.145767 1.49641 0)
(-0.112724 1.5738 0)
(-0.080176 1.61795 0)
(-0.047965 1.64109 0)
(-0.0159724 1.65119 0)
(0.0152466 1.6201 0)
(0.0458443 1.60981 0)
(0.0768748 1.58624 0)
(0.108605 1.54145 0)
(0.1413 1.46325 0)
(0.175049 1.33545 0)
(0.209369 1.13917 0)
(0.242596 0.856527 0)
(0.27167 0.476032 0)
(0.293052 -0.00365225 0)
(0.303946 -0.578382 0)
(0.297188 -1.26487 0)
(0.287754 -2.18437 0)
(0.219119 -2.47692 0)
(0.133333 -2.55708 0)
(0.0445514 -2.56478 0)
(-0.0445571 -2.56478 0)
(-0.133338 -2.55708 0)
(-0.219125 -2.47692 0)
(-0.287759 -2.18437 0)
(-0.297193 -1.26487 0)
(-0.30395 -0.578379 0)
(-0.293055 -0.00364649 0)
(-0.271673 0.476041 0)
(-0.242597 0.856537 0)
(-0.20937 1.13919 0)
(-0.175049 1.33546 0)
(-0.1413 1.46327 0)
(-0.108605 1.54146 0)
(-0.0768746 1.58625 0)
(-0.0458441 1.60982 0)
(-0.0152465 1.62012 0)
(0.0148646 1.59012 0)
(0.0447491 1.5795 0)
(0.0752541 1.55524 0)
(0.106757 1.50942 0)
(0.139576 1.42999 0)
(0.173738 1.30123 0)
(0.208549 1.10519 0)
(0.242062 0.825258 0)
(0.271165 0.450642 0)
(0.292977 -0.0211934 0)
(0.305668 -0.587474 0)
(0.308109 -1.25764 0)
(0.300451 -2.1405 0)
(0.225434 -2.40047 0)
(0.137431 -2.47009 0)
(0.045906 -2.4744 0)
(-0.0459114 -2.4744 0)
(-0.137437 -2.47009 0)
(-0.22544 -2.40047 0)
(-0.300456 -2.1405 0)
(-0.308114 -1.25764 0)
(-0.305672 -0.587472 0)
(-0.29298 -0.0211884 0)
(-0.271167 0.450649 0)
(-0.242063 0.825267 0)
(-0.20855 1.1052 0)
(-0.173739 1.30124 0)
(-0.139576 1.43 0)
(-0.106757 1.50943 0)
(-0.0752541 1.55526 0)
(-0.0447491 1.57951 0)
(-0.0148645 1.59013 0)
(0.0148032 1.56052 0)
(0.0446105 1.54946 0)
(0.0752032 1.52427 0)
(0.107042 1.47714 0)
(0.140455 1.39627 0)
(0.175357 1.26646 0)
(0.210781 1.07087 0)
(0.244377 0.794198 0)
(0.272655 0.426054 0)
(0.292793 -0.0384842 0)
(0.303405 -0.600828 0)
(0.317296 -1.25898 0)
(0.314956 -2.09099 0)
(0.233215 -2.32124 0)
(0.142201 -2.37991 0)
(0.047508 -2.38093 0)
(-0.0475131 -2.38093 0)
(-0.142206 -2.37991 0)
(-0.23322 -2.32123 0)
(-0.314961 -2.09099 0)
(-0.3173 -1.25898 0)
(-0.303407 -0.600827 0)
(-0.292796 -0.0384796 0)
(-0.272657 0.426061 0)
(-0.244379 0.794207 0)
(-0.210782 1.07088 0)
(-0.175358 1.26647 0)
(-0.140455 1.39628 0)
(-0.107043 1.47716 0)
(-0.0752033 1.52428 0)
(-0.0446105 1.54947 0)
(-0.0148032 1.56053 0)
(0.0150437 1.53071 0)
(0.0453728 1.51911 0)
(0.0766309 1.49282 0)
(0.109346 1.44417 0)
(0.143836 1.36167 0)
(0.179874 1.23087 0)
(0.216177 1.03616 0)
(0.249926 0.763709 0)
(0.276991 0.403574 0)
(0.293711 -0.0523993 0)
(0.296628 -0.613336 0)
(0.32519 -1.26482 0)
(0.331414 -2.03578 0)
(0.24294 -2.23845 0)
(0.147672 -2.28597 0)
(0.0493291 -2.28392 0)
(-0.0493339 -2.28392 0)
(-0.147677 -2.28597 0)
(-0.242945 -2.23845 0)
(-0.331418 -2.03578 0)
(-0.325195 -1.26483 0)
(-0.296631 -0.613335 0)
(-0.293714 -0.0523948 0)
(-0.276994 0.403581 0)
(-0.249928 0.763718 0)
(-0.216178 1.03617 0)
(-0.179876 1.23088 0)
(-0.143837 1.36168 0)
(-0.109346 1.44418 0)
(-0.0766312 1.49283 0)
(-0.045373 1.51912 0)
(-0.0150438 1.53072 0)
(0.0155608 1.50013 0)
(0.0469616 1.4879 0)
(0.0794234 1.46034 0)
(0.113528 1.40995 0)
(0.149573 1.32572 0)
(0.187181 1.19404 0)
(0.224795 1.00071 0)
(0.259266 0.73346 0)
(0.28611 0.382876 0)
(0.301047 -0.0620493 0)
(0.29523 -0.621853 0)
(0.340956 -1.30996 0)
(0.348626 -1.97962 0)
(0.254087 -2.15092 0)
(0.153706 -2.1876 0)
(0.0513203 -2.18298 0)
(-0.0513247 -2.18298 0)
(-0.153711 -2.1876 0)
(-0.254091 -2.15092 0)
(-0.348631 -1.97962 0)
(-0.340961 -1.30996 0)
(-0.295234 -0.621852 0)
(-0.30105 -0.0620451 0)
(-0.286113 0.382882 0)
(-0.259269 0.733468 0)
(-0.224797 1.00072 0)
(-0.187183 1.19405 0)
(-0.149573 1.32573 0)
(-0.113529 1.40996 0)
(-0.0794238 1.46035 0)
(-0.0469618 1.48791 0)
(-0.0155609 1.50014 0)
(0.0163269 1.46823 0)
(0.0492926 1.45528 0)
(0.0834346 1.42629 0)
(0.119372 1.37401 0)
(0.157361 1.28797 0)
(0.196898 1.15552 0)
(0.236262 0.963889 0)
(0.2723 0.702232 0)
(0.300864 0.361653 0)
(0.318178 -0.0710787 0)
(0.311013 -0.627792 0)
(0.368027 -1.36189 0)
(0.365758 -1.91399 0)
(0.265704 -2.0582 0)
(0.160098 -2.08442 0)
(0.0534191 -2.0778 0)
(-0.0534232 -2.0778 0)
(-0.160102 -2.08442 0)
(-0.265708 -2.0582 0)
(-0.365762 -1.91399 0)
(-0.368032 -1.3619 0)
(-0.311018 -0.627791 0)
(-0.318182 -0.0710751 0)
(-0.300868 0.361659 0)
(-0.272302 0.70224 0)
(-0.236264 0.963897 0)
(-0.196899 1.15553 0)
(-0.157363 1.28798 0)
(-0.119373 1.37402 0)
(-0.0834351 1.4263 0)
(-0.0492928 1.45529 0)
(-0.016327 1.46824 0)
(0.0173094 1.43454 0)
(0.0522636 1.42081 0)
(0.0884752 1.39027 0)
(0.126571 1.336 0)
(0.166742 1.24813 0)
(0.208365 1.11501 0)
(0.249681 0.925111 0)
(0.287872 0.668621 0)
(0.319829 0.336684 0)
(0.343104 -0.0853884 0)
(0.344145 -0.636707 0)
(0.404745 -1.40704 0)
(0.383018 -1.84116 0)
(0.277525 -1.96004 0)
(0.16667 -1.97628 0)
(0.0555646 -1.96832 0)
(-0.0555685 -1.96832 0)
(-0.166673 -1.97628 0)
(-0.277529 -1.96004 0)
(-0.383022 -1.84116 0)
(-0.40475 -1.40704 0)
(-0.34415 -0.636706 0)
(-0.343108 -0.0853855 0)
(-0.319832 0.336689 0)
(-0.287874 0.668628 0)
(-0.249683 0.925119 0)
(-0.208366 1.11502 0)
(-0.166743 1.24814 0)
(-0.126572 1.33601 0)
(-0.0884757 1.39028 0)
(-0.0522639 1.42082 0)
(-0.0173095 1.43455 0)
(0.0184748 1.39868 0)
(0.0557686 1.38413 0)
(0.0943476 1.35199 0)
(0.134805 1.29572 0)
(0.177231 1.2061 0)
(0.220876 1.07247 0)
(0.263997 0.884233 0)
(0.30429 0.631931 0)
(0.340139 0.305766 0)
(0.371067 -0.110386 0)
(0.389883 -0.656203 0)
(0.447151 -1.43189 0)
(0.400453 -1.76089 0)
(0.288916 -1.85577 0)
(0.173159 -1.86295 0)
(0.0576855 -1.85451 0)
(-0.0576892 -1.85451 0)
(-0.173162 -1.86295 0)
(-0.28892 -1.85577 0)
(-0.400457 -1.76089 0)
(-0.447155 -1.43189 0)
(-0.389889 -0.656203 0)
(-0.371071 -0.110384 0)
(-0.340143 0.30577 0)
(-0.304292 0.631937 0)
(-0.263999 0.88424 0)
(-0.220877 1.07248 0)
(-0.177233 1.20611 0)
(-0.134806 1.29573 0)
(-0.0943483 1.352 0)
(-0.055769 1.38414 0)
(-0.0184749 1.39868 0)
(0.0197981 1.36031 0)
(0.0597288 1.34494 0)
(0.100909 1.31123 0)
(0.143857 1.25308 0)
(0.188523 1.16198 0)
(0.234005 1.02815 0)
(0.278554 0.841668 0)
(0.320245 0.592729 0)
(0.358687 0.269243 0)
(0.395128 -0.148335 0)
(0.438527 -0.695226 0)
(0.486458 -1.42883 0)
(0.417421 -1.67405 0)
(0.299583 -1.74529 0)
(0.179295 -1.74467 0)
(0.0596881 -1.7365 0)
(-0.0596916 -1.7365 0)
(-0.179299 -1.74467 0)
(-0.299587 -1.74529 0)
(-0.417424 -1.67405 0)
(-0.486462 -1.42884 0)
(-0.438532 -0.695227 0)
(-0.395132 -0.148334 0)
(-0.35869 0.269246 0)
(-0.320248 0.592734 0)
(-0.278556 0.841675 0)
(-0.234007 1.02816 0)
(-0.188524 1.16199 0)
(-0.143858 1.25309 0)
(-0.10091 1.31124 0)
(-0.0597293 1.34495 0)
(-0.0197982 1.36032 0)
(0.0212704 1.31916 0)
(0.064118 1.30301 0)
(0.108121 1.26785 0)
(0.153693 1.20805 0)
(0.200634 1.11587 0)
(0.247906 0.982354 0)
(0.293747 0.798066 0)
(0.336327 0.552556 0)
(0.375039 0.230936 0)
(0.410021 -0.191773 0)
(0.483499 -0.747528 0)
(0.525228 -1.39193 0)
(0.434223 -1.57885 0)
(0.309421 -1.62753 0)
(0.184808 -1.62151 0)
(0.061455 -1.61461 0)
(-0.0614584 -1.61461 0)
(-0.184811 -1.62151 0)
(-0.309424 -1.62753 0)
(-0.434227 -1.57885 0)
(-0.525232 -1.39193 0)
(-0.483503 -0.747529 0)
(-0.410024 -0.191772 0)
(-0.375042 0.230939 0)
(-0.33633 0.552561 0)
(-0.293749 0.798073 0)
(-0.247908 0.982361 0)
(-0.200636 1.11588 0)
(-0.153694 1.20806 0)
(-0.108121 1.26785 0)
(-0.0641184 1.30302 0)
(-0.0212706 1.31917 0)
(0.0229002 1.27493 0)
(0.0689643 1.25808 0)
(0.116048 1.22163 0)
(0.164462 1.16049 0)
(0.213904 1.06764 0)
(0.263333 0.934865 0)
(0.311283 0.752987 0)
(0.356649 0.510677 0)
(0.399435 0.190392 0)
(0.436211 -0.240024 0)
(0.54038 -0.829011 0)
(0.559438 -1.32847 0)
(0.449734 -1.47327 0)
(0.317452 -1.50241 0)
(0.189048 -1.49427 0)
(0.0627847 -1.48946 0)
(-0.0627879 -1.48946 0)
(-0.189051 -1.49427 0)
(-0.317455 -1.50241 0)
(-0.449737 -1.47327 0)
(-0.559441 -1.32847 0)
(-0.540384 -0.829014 0)
(-0.436214 -0.240023 0)
(-0.399439 0.190395 0)
(-0.356652 0.510682 0)
(-0.311285 0.752993 0)
(-0.263335 0.934872 0)
(-0.213906 1.06765 0)
(-0.164463 1.1605 0)
(-0.116049 1.22164 0)
(-0.0689648 1.25809 0)
(-0.0229004 1.27494 0)
(0.0247061 1.22729 0)
(0.0743273 1.20985 0)
(0.124807 1.17232 0)
(0.176371 1.11012 0)
(0.228692 1.01687 0)
(0.280896 0.884805 0)
(0.332157 0.704417 0)
(0.383049 0.462445 0)
(0.436644 0.137807 0)
(0.496409 -0.305766 0)
(0.610438 -0.925441 0)
(0.583878 -1.24978 0)
(0.459327 -1.35654 0)
(0.321923 -1.37089 0)
(0.191206 -1.36429 0)
(0.0634416 -1.36211 0)
(-0.0634446 -1.36211 0)
(-0.191209 -1.36429 0)
(-0.321926 -1.37089 0)
(-0.45933 -1.35654 0)
(-0.583881 -1.24978 0)
(-0.610441 -0.925443 0)
(-0.496413 -0.305765 0)
(-0.436647 0.137809 0)
(-0.383052 0.462449 0)
(-0.332159 0.704423 0)
(-0.280899 0.884811 0)
(-0.228694 1.01688 0)
(-0.176373 1.11012 0)
(-0.124808 1.17233 0)
(-0.0743278 1.20986 0)
(-0.0247062 1.2273 0)
(0.0267098 1.17589 0)
(0.0802763 1.15797 0)
(0.13453 1.11956 0)
(0.189641 1.05655 0)
(0.24532 0.963052 0)
(0.30093 0.831436 0)
(0.356184 0.651186 0)
(0.412714 0.406205 0)
(0.476295 0.0711651 0)
(0.579688 -0.393066 0)
(0.663946 -0.945035 0)
(0.594655 -1.15677 0)
(0.459495 -1.22945 0)
(0.321487 -1.23601 0)
(0.190737 -1.23394 0)
(0.0632623 -1.23443 0)
(-0.0632653 -1.23443 0)
(-0.19074 -1.23394 0)
(-0.32149 -1.23601 0)
(-0.459498 -1.22945 0)
(-0.594658 -1.15677 0)
(-0.663949 -0.945036 0)
(-0.579691 -0.393065 0)
(-0.476298 0.0711673 0)
(-0.412717 0.406209 0)
(-0.356186 0.651191 0)
(-0.300932 0.831442 0)
(-0.245321 0.963059 0)
(-0.189642 1.05656 0)
(-0.134531 1.11957 0)
(-0.0802768 1.15798 0)
(-0.02671 1.1759 0)
(0.028938 1.1203 0)
(0.086902 1.10201 0)
(0.145415 1.06292 0)
(0.20468 0.999234 0)
(0.264638 0.905394 0)
(0.325148 0.773579 0)
(0.387053 0.591462 0)
(0.454416 0.338671 0)
(0.534596 -0.0160737 0)
(0.672273 -0.50855 0)
(0.695954 -0.895912 0)
(0.592474 -1.04907 0)
(0.451508 -1.09473 0)
(0.315867 -1.10142 0)
(0.187353 -1.10504 0)
(0.0621402 -1.10804 0)
(-0.0621431 -1.10804 0)
(-0.187356 -1.10504 0)
(-0.31587 -1.10142 0)
(-0.451511 -1.09473 0)
(-0.592477 -1.04907 0)
(-0.695957 -0.895912 0)
(-0.672276 -0.50855 0)
(-0.534599 -0.0160717 0)
(-0.454419 0.338674 0)
(-0.387056 0.591467 0)
(-0.32515 0.773585 0)
(-0.26464 0.905401 0)
(-0.204682 0.999241 0)
(-0.145416 1.06292 0)
(-0.0869026 1.10202 0)
(-0.0289382 1.1203 0)
(0.0314329 1.06004 0)
(0.0943478 1.04147 0)
(0.157768 1.00176 0)
(0.222093 0.937281 0)
(0.287814 0.842442 0)
(0.355479 0.709 0)
(0.42696 0.522144 0)
(0.509758 0.255978 0)
(0.629762 -0.130441 0)
(0.741945 -0.586391 0)
(0.700844 -0.822722 0)
(0.574891 -0.926952 0)
(0.434957 -0.958347 0)
(0.304751 -0.970566 0)
(0.18087 -0.979845 0)
(0.0600119 -0.985042 0)
(-0.0600148 -0.985042 0)
(-0.180872 -0.979845 0)
(-0.304754 -0.970566 0)
(-0.43496 -0.958347 0)
(-0.574893 -0.926952 0)
(-0.700847 -0.822723 0)
(-0.741948 -0.586391 0)
(-0.629765 -0.130439 0)
(-0.509761 0.255981 0)
(-0.426963 0.522149 0)
(-0.355481 0.709006 0)
(-0.287816 0.842449 0)
(-0.222094 0.937288 0)
(-0.157769 1.00177 0)
(-0.0943484 1.04148 0)
(-0.0314331 1.06004 0)
(0.0342961 0.994503 0)
(0.102948 0.975675 0)
(0.172258 0.935208 0)
(0.243078 0.869281 0)
(0.317137 0.77163 0)
(0.396465 0.633529 0)
(0.485982 0.435487 0)
(0.598144 0.136556 0)
(0.736764 -0.262813 0)
(0.759454 -0.560409 0)
(0.673214 -0.725491 0)
(0.541363 -0.796572 0)
(0.410417 -0.826816 0)
(0.288415 -0.846562 0)
(0.171456 -0.860452 0)
(0.0569231 -0.867455 0)
(-0.056926 -0.867455 0)
(-0.171459 -0.860452 0)
(-0.288418 -0.846562 0)
(-0.41042 -0.826816 0)
(-0.541366 -0.796572 0)
(-0.673217 -0.725491 0)
(-0.759457 -0.560409 0)
(-0.736767 -0.262812 0)
(-0.598146 0.13656 0)
(-0.485985 0.435491 0)
(-0.396467 0.633534 0)
(-0.317138 0.771636 0)
(-0.24308 0.869288 0)
(-0.172259 0.935214 0)
(-0.102948 0.975682 0)
(-0.0342963 0.99451 0)
(0.0377746 0.922895 0)
(0.113493 0.903554 0)
(0.190345 0.861725 0)
(0.269774 0.792836 0)
(0.355813 0.687937 0)
(0.45295 0.538367 0)
(0.568847 0.312495 0)
(0.701067 0.00476377 0)
(0.768997 -0.295793 0)
(0.729153 -0.501356 0)
(0.62121 -0.613064 0)
(0.497226 -0.670093 0)
(0.37947 -0.705694 0)
(0.267838 -0.73163 0)
(0.159574 -0.748709 0)
(0.0530258 -0.757071 0)
(-0.0530286 -0.757071 0)
(-0.159577 -0.748709 0)
(-0.267841 -0.73163 0)
(-0.379473 -0.705694 0)
(-0.497229 -0.670093 0)
(-0.621213 -0.613064 0)
(-0.729156 -0.501356 0)
(-0.769 -0.295792 0)
(-0.701069 0.00476663 0)
(-0.568849 0.3125 0)
(-0.452951 0.538372 0)
(-0.355815 0.687942 0)
(-0.269775 0.792842 0)
(-0.190346 0.861731 0)
(-0.113494 0.90356 0)
(-0.0377747 0.922901 0)
(0.042274 0.842744 0)
(0.127427 0.822241 0)
(0.214966 0.777165 0)
(0.305911 0.701815 0)
(0.406896 0.581402 0)
(0.526313 0.410569 0)
(0.649651 0.194842 0)
(0.734554 -0.0621663 0)
(0.735147 -0.277916 0)
(0.66061 -0.416833 0)
(0.554791 -0.500976 0)
(0.44747 -0.556677 0)
(0.344379 -0.597642 0)
(0.244298 -0.62709 0)
(0.145929 -0.64603 0)
(0.0485507 -0.655275 0)
(-0.0485535 -0.655275 0)
(-0.145932 -0.64603 0)
(-0.244301 -0.62709 0)
(-0.344382 -0.597642 0)
(-0.447473 -0.556677 0)
(-0.554794 -0.500975 0)
(-0.660613 -0.416833 0)
(-0.73515 -0.277915 0)
(-0.734557 -0.0621648 0)
(-0.649653 0.194845 0)
(-0.526315 0.410574 0)
(-0.406897 0.581407 0)
(-0.305912 0.701821 0)
(-0.214967 0.777171 0)
(-0.127428 0.822247 0)
(-0.0422741 0.84275 0)
(0.0482406 0.754662 0)
(0.145876 0.732176 0)
(0.249006 0.681897 0)
(0.360485 0.600629 0)
(0.477965 0.47493 0)
(0.582207 0.313638 0)
(0.663455 0.114936 0)
(0.690125 -0.0797718 0)
(0.650984 -0.223806 0)
(0.573574 -0.327505 0)
(0.48531 -0.402969 0)
(0.396086 -0.460077 0)
(0.307412 -0.502959 0)
(0.219182 -0.533586 0)
(0.131319 -0.553296 0)
(0.0437543 -0.562943 0)
(-0.0437571 -0.562943 0)
(-0.131322 -0.553296 0)
(-0.219185 -0.533586 0)
(-0.307415 -0.502959 0)
(-0.396089 -0.460076 0)
(-0.485314 -0.402969 0)
(-0.573578 -0.327505 0)
(-0.650988 -0.223805 0)
(-0.690129 -0.0797703 0)
(-0.663458 0.114939 0)
(-0.582209 0.313642 0)
(-0.477967 0.474935 0)
(-0.360486 0.600634 0)
(-0.249006 0.681903 0)
(-0.145876 0.732182 0)
(-0.0482407 0.754668 0)
(0.0556587 0.646565 0)
(0.167161 0.621176 0)
(0.278436 0.566908 0)
(0.38668 0.484062 0)
(0.485207 0.371216 0)
(0.562797 0.22844 0)
(0.600807 0.0769739 0)
(0.591901 -0.0534807 0)
(0.548955 -0.16398 0)
(0.488039 -0.25311 0)
(0.418919 -0.323852 0)
(0.345803 -0.379107 0)
(0.270452 -0.42105 0)
(0.193819 -0.451259 0)
(0.116498 -0.470825 0)
(0.0388771 -0.480439 0)
(-0.0388798 -0.480439 0)
(-0.116501 -0.470825 0)
(-0.193821 -0.451259 0)
(-0.270454 -0.42105 0)
(-0.345806 -0.379107 0)
(-0.418922 -0.323852 0)
(-0.488042 -0.253109 0)
(-0.548958 -0.16398 0)
(-0.591905 -0.0534795 0)
(-0.600811 0.076976 0)
(-0.5628 0.228443 0)
(-0.485209 0.37122 0)
(-0.386681 0.484067 0)
(-0.278437 0.566914 0)
(-0.167161 0.621182 0)
(-0.0556589 0.646571 0)
(0.0544388 0.531803 0)
(0.162016 0.509222 0)
(0.264619 0.461255 0)
(0.356763 0.387315 0)
(0.431209 0.290764 0)
(0.480002 0.182934 0)
(0.4973 0.075473 0)
(0.487009 -0.0271991 0)
(0.456451 -0.118973 0)
(0.411856 -0.196778 0)
(0.358071 -0.260657 0)
(0.298436 -0.311691 0)
(0.235055 -0.351061 0)
(0.169293 -0.379736 0)
(0.102082 -0.398447 0)
(0.0341188 -0.40768 0)
(-0.0341214 -0.40768 0)
(-0.102084 -0.398447 0)
(-0.169295 -0.379736 0)
(-0.235058 -0.35106 0)
(-0.298438 -0.311691 0)
(-0.358074 -0.260657 0)
(-0.411859 -0.196777 0)
(-0.456455 -0.118972 0)
(-0.487013 -0.0271977 0)
(-0.497304 0.0754749 0)
(-0.480006 0.182937 0)
(-0.431212 0.290768 0)
(-0.356766 0.387319 0)
(-0.26462 0.46126 0)
(-0.162017 0.509227 0)
(-0.0544391 0.531808 0)
(0.0463528 0.430741 0)
(0.137218 0.411111 0)
(0.221681 0.370882 0)
(0.294844 0.312192 0)
(0.351424 0.239169 0)
(0.387479 0.1577 0)
(0.402699 0.0721781 0)
(0.398631 -0.0110941 0)
(0.378456 -0.087339 0)
(0.345644 -0.153968 0)
(0.303636 -0.210132 0)
(0.25518 -0.255946 0)
(0.20227 -0.291833 0)
(0.146352 -0.318259 0)
(0.0885132 -0.335632 0)
(0.0296268 -0.344241 0)
(-0.0296293 -0.344241 0)
(-0.0885157 -0.335632 0)
(-0.146355 -0.318259 0)
(-0.202273 -0.291832 0)
(-0.255183 -0.255945 0)
(-0.303639 -0.210131 0)
(-0.345647 -0.153967 0)
(-0.378459 -0.0873378 0)
(-0.398634 -0.0110925 0)
(-0.402702 0.0721801 0)
(-0.387482 0.157702 0)
(-0.351426 0.239172 0)
(-0.294846 0.312195 0)
(-0.221682 0.370887 0)
(-0.137219 0.411115 0)
(-0.0463531 0.430746 0)
(0.0373549 0.348163 0)
(0.110447 0.332779 0)
(0.177973 0.301506 0)
(0.236127 0.255951 0)
(0.281487 0.198892 0)
(0.31205 0.133936 0)
(0.327018 0.0655094 0)
(0.326787 -0.00180635 0)
(0.313275 -0.0648478 0)
(0.288838 -0.121212 0)
(0.255911 -0.169757 0)
(0.216605 -0.21006 0)
(0.172656 -0.24206 0)
(0.12544 -0.265863 0)
(0.0760713 -0.28162 0)
(0.0254958 -0.289461 0)
(-0.0254981 -0.289461 0)
(-0.0760737 -0.28162 0)
(-0.125443 -0.265862 0)
(-0.172658 -0.242059 0)
(-0.216608 -0.210059 0)
(-0.255914 -0.169757 0)
(-0.28884 -0.121211 0)
(-0.313277 -0.0648465 0)
(-0.32679 -0.00180478 0)
(-0.327021 0.0655113 0)
(-0.312052 0.133938 0)
(-0.281489 0.198895 0)
(-0.236129 0.255954 0)
(-0.177975 0.30151 0)
(-0.110448 0.332783 0)
(-0.0373552 0.348167 0)
(0.0298889 0.282759 0)
(0.0883798 0.270588 0)
(0.142484 0.245839 0)
(0.189406 0.20972 0)
(0.226703 0.164362 0)
(0.252667 0.112686 0)
(0.266454 0.0579611 0)
(0.268123 0.0033096 0)
(0.25897 -0.0486613 0)
(0.240619 -0.0959818 0)
(0.214688 -0.137451 0)
(0.182802 -0.172383 0)
(0.146413 -0.200445 0)
(0.106758 -0.221505 0)
(0.0648964 -0.235534 0)
(0.0217756 -0.242541 0)
(-0.0217779 -0.24254 0)
(-0.0648986 -0.235534 0)
(-0.10676 -0.221505 0)
(-0.146416 -0.200444 0)
(-0.182805 -0.172382 0)
(-0.21469 -0.13745 0)
(-0.240621 -0.0959807 0)
(-0.258973 -0.0486601 0)
(-0.268125 0.00331113 0)
(-0.266457 0.057963 0)
(-0.252669 0.112688 0)
(-0.226705 0.164365 0)
(-0.189408 0.209723 0)
(-0.142485 0.245842 0)
(-0.0883805 0.270592 0)
(-0.0298891 0.282762 0)
(0.0240358 0.230184 0)
(0.0711082 0.220466 0)
(0.114773 0.200706 0)
(0.152879 0.171907 0)
(0.183505 0.135776 0)
(0.205272 0.0944919 0)
(0.217495 0.0504264 0)
(0.220125 0.0059222 0)
(0.213932 -0.0368685 0)
(0.199988 -0.0764076 0)
(0.179456 -0.111536 0)
(0.153567 -0.141483 0)
(0.1235 -0.165779 0)
(0.0903293 -0.184153 0)
(0.0550237 -0.196459 0)
(0.0184814 -0.202625 0)
(-0.0184835 -0.202625 0)
(-0.0550257 -0.196459 0)
(-0.0903313 -0.184153 0)
(-0.123502 -0.165778 0)
(-0.153569 -0.141482 0)
(-0.179458 -0.111535 0)
(-0.19999 -0.0764066 0)
(-0.213934 -0.0368672 0)
(-0.220127 0.00592371 0)
(-0.217497 0.0504282 0)
(-0.205274 0.0944939 0)
(-0.183506 0.135779 0)
(-0.152881 0.17191 0)
(-0.114774 0.200709 0)
(-0.0711088 0.220469 0)
(-0.024036 0.230187 0)
(0.0194197 0.187716 0)
(0.057475 0.179936 0)
(0.0928454 0.164118 0)
(0.123846 0.141084 0)
(0.148974 0.112158 0)
(0.167155 0.0789807 0)
(0.177809 0.0433554 0)
(0.18081 0.00707671 0)
(0.176607 -0.0281802 0)
(0.165919 -0.0611141 0)
(0.149582 -0.0906903 0)
(0.128533 -0.116152 0)
(0.103723 -0.136979 0)
(0.0760635 -0.152833 0)
(0.046416 -0.163501 0)
(0.0156036 -0.168862 0)
(-0.0156056 -0.168862 0)
(-0.0464179 -0.163501 0)
(-0.0760654 -0.152833 0)
(-0.103725 -0.136979 0)
(-0.128535 -0.116151 0)
(-0.149584 -0.0906895 0)
(-0.165921 -0.0611131 0)
(-0.176609 -0.028179 0)
(-0.180812 0.00707812 0)
(-0.17781 0.0433571 0)
(-0.167157 0.0789826 0)
(-0.148975 0.11216 0)
(-0.123847 0.141086 0)
(-0.0928462 0.164121 0)
(-0.0574755 0.179939 0)
(-0.0194199 0.187718 0)
(0.015736 0.153306 0)
(0.0465876 0.147064 0)
(0.0753099 0.134366 0)
(0.10058 0.115872 0)
(0.12122 0.0926106 0)
(0.136375 0.0658419 0)
(0.145547 0.0369486 0)
(0.148578 0.00732039 0)
(0.145721 -0.0217197 0)
(0.13746 -0.0490858 0)
(0.124401 -0.073875 0)
(0.107262 -0.0953856 0)
(0.0868064 -0.113102 0)
(0.063799 -0.126661 0)
(0.0389905 -0.135821 0)
(0.0131169 -0.140435 0)
(-0.0131187 -0.140435 0)
(-0.0389923 -0.135821 0)
(-0.0638008 -0.126661 0)
(-0.0868082 -0.113102 0)
(-0.107264 -0.095385 0)
(-0.124403 -0.0738742 0)
(-0.137461 -0.0490849 0)
(-0.145723 -0.0217186 0)
(-0.14858 0.00732171 0)
(-0.145549 0.0369501 0)
(-0.136377 0.0658436 0)
(-0.121222 0.0926125 0)
(-0.100581 0.115874 0)
(-0.0753106 0.134368 0)
(-0.046588 0.147067 0)
(-0.0157361 0.153308 0)
(0.0127802 0.125359 0)
(0.0378486 0.120338 0)
(0.0612236 0.110113 0)
(0.0818614 0.0952137 0)
(0.0988288 0.0764421 0)
(0.111437 0.0547727 0)
(0.119261 0.0312772 0)
(0.122134 0.00704511 0)
(0.12019 -0.0168713 0)
(0.113754 -0.0395694 0)
(0.103273 -0.0602741 0)
(0.0892972 -0.0783573 0)
(0.0724401 -0.0933349 0)
(0.0533392 -0.10485 0)
(0.0326393 -0.112655 0)
(0.010987 -0.116594 0)
(-0.0109887 -0.116594 0)
(-0.032641 -0.112655 0)
(-0.0533409 -0.10485 0)
(-0.0724418 -0.0933344 0)
(-0.0892988 -0.0783567 0)
(-0.103274 -0.0602733 0)
(-0.113755 -0.0395685 0)
(-0.120191 -0.0168703 0)
(-0.122136 0.00704634 0)
(-0.119263 0.0312786 0)
(-0.111438 0.0547743 0)
(-0.0988298 0.0764438 0)
(-0.0818622 0.0952155 0)
(-0.0612242 0.110115 0)
(-0.037849 0.12034 0)
(-0.0127803 0.125361 0)
(0.0104007 0.102617 0)
(0.0308107 0.0985665 0)
(0.04987 0.0903097 0)
(0.0667495 0.0782695 0)
(0.0807041 0.063075 0)
(0.0911756 0.0454849 0)
(0.097804 0.0263379 0)
(0.100425 0.00649551 0)
(0.0991003 -0.0131996 0)
(0.0940511 -0.0319995 0)
(0.0856075 -0.0492459 0)
(0.0741962 -0.0643887 0)
(0.0603093 -0.0769891 0)
(0.0444759 -0.0867132 0)
(0.0272446 -0.0933223 0)
(0.0091757 -0.0966635 0)
(-0.00917724 -0.0966635 0)
(-0.0272461 -0.0933221 0)
(-0.0444774 -0.0867129 0)
(-0.0603108 -0.0769887 0)
(-0.0741977 -0.0643882 0)
(-0.0856089 -0.0492452 0)
(-0.0940525 -0.0319986 0)
(-0.0991016 -0.0131986 0)
(-0.100426 0.00649665 0)
(-0.0978052 0.0263392 0)
(-0.0911766 0.0454864 0)
(-0.0807049 0.0630765 0)
(-0.0667502 0.0782712 0)
(-0.0498706 0.0903114 0)
(-0.030811 0.0985683 0)
(-0.0104008 0.102619 0)
(0.00847923 0.0840785 0)
(0.0251254 0.0808018 0)
(0.0406906 0.0741163 0)
(0.0545126 0.0643603 0)
(0.065993 0.0520288 0)
(0.0746773 0.0377174 0)
(0.080262 0.0220868 0)
(0.0825938 0.00582311 0)
(0.0816909 -0.010395 0)
(0.0777041 -0.0259489 0)
(0.0708799 -0.040284 0)
(0.0615509 -0.0529252 0)
(0.0501131 -0.0634842 0)
(0.0370042 -0.0716583 0)
(0.0226878 -0.0772267 0)
(0.00764425 -0.0800457 0)
(-0.00764567 -0.0800457 0)
(-0.0226892 -0.0772265 0)
(-0.0370056 -0.071658 0)
(-0.0501145 -0.0634838 0)
(-0.0615522 -0.0529247 0)
(-0.0708812 -0.0402833 0)
(-0.0777054 -0.0259481 0)
(-0.0816921 -0.010394 0)
(-0.0825949 0.00582416 0)
(-0.080263 0.0220879 0)
(-0.0746782 0.0377187 0)
(-0.0659937 0.0520301 0)
(-0.0545132 0.0643617 0)
(-0.0406911 0.0741179 0)
(-0.0251256 0.0808034 0)
(-0.00847932 0.0840801 0)
(0.00692337 0.068943 0)
(0.02052 0.066286 0)
(0.0332486 0.0608599 0)
(0.044578 0.0529356 0)
(0.0540251 0.0429049 0)
(0.0612185 0.0312386 0)
(0.0659033 0.0184603 0)
(0.0679415 0.00511947 0)
(0.0673262 -0.00823495 0)
(0.0641601 -0.0210921 0)
(0.0586291 -0.0329869 0)
(0.0509942 -0.0435136 0)
(0.0415748 -0.052334 0)
(0.0307323 -0.0591796 0)
(0.0188563 -0.063852 0)
(0.00635554 -0.0662203 0)
(-0.00635684 -0.0662202 0)
(-0.0188576 -0.0638518 0)
(-0.0307336 -0.0591794 0)
(-0.0415761 -0.0523336 0)
(-0.0509954 -0.0435131 0)
(-0.0586303 -0.0329863 0)
(-0.0641612 -0.0210914 0)
(-0.0673273 -0.0082341 0)
(-0.0679425 0.00512043 0)
(-0.0659042 0.0184614 0)
(-0.0612193 0.0312398 0)
(-0.0540258 0.0429062 0)
(-0.0445785 0.0529369 0)
(-0.033249 0.0608612 0)
(-0.0205202 0.0662874 0)
(-0.00692345 0.0689444 0)
(0.00566045 0.0565697 0)
(0.0167804 0.0544105 0)
(0.027201 0.0499971 0)
(0.0364946 0.0435474 0)
(0.0442698 0.0353724 0)
(0.0502223 0.0258467 0)
(0.0541386 0.0153879 0)
(0.0558973 0.0044376 0)
(0.0554782 -0.00655856 0)
(0.052951 -0.0171791 0)
(0.0484572 -0.0270354 0)
(0.0422028 -0.0357836 0)
(0.0344463 -0.0431327 0)
(0.0254855 -0.0488486 0)
(0.0156467 -0.052756 0)
(0.00527526 -0.0547385 0)
(-0.00527645 -0.0547384 0)
(-0.0156479 -0.0527559 0)
(-0.0254867 -0.0488483 0)
(-0.0344474 -0.0431323 0)
(-0.0422039 -0.0357831 0)
(-0.0484583 -0.0270348 0)
(-0.052952 -0.0171784 0)
(-0.0554791 -0.00655778 0)
(-0.0558982 0.00443848 0)
(-0.0541394 0.0153888 0)
(-0.050223 0.0258477 0)
(-0.0442704 0.0353735 0)
(-0.036495 0.0435486 0)
(-0.0272014 0.0499984 0)
(-0.0167806 0.0544118 0)
(-0.00566052 0.056571 0)
(0.00463311 0.0464431 0)
(0.0137373 0.0446851 0)
(0.0222765 0.0410888 0)
(0.029905 0.0358297 0)
(0.036305 0.0291563 0)
(0.0412265 0.0213676 0)
(0.0444914 0.0127988 0)
(0.0459943 0.00380603 0)
(0.0457089 -0.00524816 0)
(0.0436826 -0.0140161 0)
(0.0400239 -0.0221742 0)
(0.0348963 -0.0294325 0)
(0.0285093 -0.0355429 0)
(0.0211086 -0.0403037 0)
(0.0129661 -0.0435625 0)
(0.00437255 -0.0452173 0)
(-0.00437364 -0.0452172 0)
(-0.0129672 -0.0435624 0)
(-0.0211097 -0.0403035 0)
(-0.0285104 -0.0355425 0)
(-0.0348973 -0.029432 0)
(-0.0400249 -0.0221736 0)
(-0.0436835 -0.0140155 0)
(-0.0457097 -0.00524744 0)
(-0.0459951 0.00380683 0)
(-0.0444921 0.0127997 0)
(-0.0412272 0.0213685 0)
(-0.0363055 0.0291573 0)
(-0.0299054 0.0358308 0)
(-0.0222768 0.0410899 0)
(-0.0137375 0.0446862 0)
(-0.00463317 0.0464443 0)
(0.00379584 0.0381474 0)
(0.0112565 0.0367135 0)
(0.0182595 0.0337783 0)
(0.0245245 0.0294836 0)
(0.029793 0.0240283 0)
(0.0338594 0.0176526 0)
(0.0365751 0.0106264 0)
(0.0378498 0.00323799 0)
(0.0376556 -0.00421709 0)
(0.0360246 -0.0114523 0)
(0.0330405 -0.0181985 0)
(0.0288338 -0.0242125 0)
(0.0235747 -0.0292844 0)
(0.0174657 -0.0332418 0)
(0.010733 -0.0359535 0)
(0.00362017 -0.0373314 0)
(-0.00362116 -0.0373314 0)
(-0.010734 -0.0359534 0)
(-0.0174666 -0.0332416 0)
(-0.0235757 -0.0292841 0)
(-0.0288347 -0.0242121 0)
(-0.0330414 -0.018198 0)
(-0.0360254 -0.0114517 0)
(-0.0376564 -0.00421644 0)
(-0.0378505 0.00323872 0)
(-0.0365757 0.0106272 0)
(-0.03386 0.0176534 0)
(-0.0297935 0.0240292 0)
(-0.0245249 0.0294846 0)
(-0.0182598 0.0337793 0)
(-0.0112567 0.0367145 0)
(-0.0037959 0.0381484 0)
(0.0031124 0.0313459 0)
(0.009231 0.0301747 0)
(0.0149779 0.0277758 0)
(0.0201254 0.024264 0)
(0.0244627 0.0197993 0)
(0.0278206 0.0145751 0)
(0.0300754 0.00880982 0)
(0.0311504 0.00273738 0)
(0.0310184 -0.00340095 0)
(0.029701 -0.009369 0)
(0.0272635 -0.0149435 0)
(0.0238102 -0.0199212 0)
(0.0194799 -0.0241251 0)
(0.0144393 -0.0274092 0)
(0.00887634 -0.0296616 0)
(0.00299442 -0.0308067 0)
(-0.00299533 -0.0308067 0)
(-0.00887724 -0.0296615 0)
(-0.0144402 -0.027409 0)
(-0.0194808 -0.0241248 0)
(-0.023811 -0.0199208 0)
(-0.0272643 -0.014943 0)
(-0.0297018 -0.00936848 0)
(-0.0310191 -0.00340035 0)
(-0.031151 0.00273805 0)
(-0.030076 0.00881055 0)
(-0.0278211 0.0145759 0)
(-0.0244631 0.0198001 0)
(-0.0201258 0.0242649 0)
(-0.0149781 0.0277767 0)
(-0.00923115 0.0301756 0)
(-0.00311245 0.0313468 0)
(0.00255374 0.0257657 0)
(0.00757496 0.0248078 0)
(0.0122937 0.0228449 0)
(0.0165246 0.0199701 0)
(0.0200953 0.0163125 0)
(0.0228669 0.0120285 0)
(0.0247363 0.00729503 0)
(0.0256388 0.00230269 0)
(0.0255492 -0.00275142 0)
(0.0244819 -0.00767272 0)
(0.0224882 -0.0122762 0)
(0.0196521 -0.0163924 0)
(0.0160866 -0.0198728 0)
(0.0119291 -0.0225945 0)
(0.00733535 -0.0244625 0)
(0.00247489 -0.0254127 0)
(-0.00247572 -0.0254126 0)
(-0.00733617 -0.0244624 0)
(-0.0119299 -0.0225943 0)
(-0.0160874 -0.0198726 0)
(-0.0196528 -0.016392 0)
(-0.022489 -0.0122758 0)
(-0.0244826 -0.00767224 0)
(-0.0255498 -0.00275088 0)
(-0.0256394 0.0023033 0)
(-0.0247369 0.0072957 0)
(-0.0228674 0.0120292 0)
(-0.0200957 0.0163133 0)
(-0.0165249 0.0199709 0)
(-0.0122939 0.0228458 0)
(-0.00757509 0.0248087 0)
(-0.00255379 0.0257665 0)
(0.00209657 0.0211848 0)
(0.00621947 0.0204006 0)
(0.0100958 0.0187928 0)
(0.0135743 0.0164372 0)
(0.0165141 0.0134384 0)
(0.0188008 0.00992294 0)
(0.0203489 0.00603479 0)
(0.0211038 0.00192938 0)
(0.021043 -0.00223201 0)
(0.0201762 -0.0062891 0)
(0.0185438 -0.0100887 0)
(0.0162135 -0.01349 0)
(0.0132778 -0.0163688 0)
(0.00984959 -0.0186218 0)
(0.00605811 -0.0201691 0)
(0.00204417 -0.0209564 0)
(-0.00204493 -0.0209564 0)
(-0.00605885 -0.020169 0)
(-0.00985033 -0.0186216 0)
(-0.0132785 -0.0163685 0)
(-0.0162142 -0.0134897 0)
(-0.0185444 -0.0100884 0)
(-0.0201768 -0.00628866 0)
(-0.0210435 -0.00223152 0)
(-0.0211043 0.00192993 0)
(-0.0203493 0.00603539 0)
(-0.0188012 0.00992358 0)
(-0.0165144 0.013439 0)
(-0.0135746 0.0164379 0)
(-0.010096 0.0187936 0)
(-0.00621959 0.0204013 0)
(-0.00209661 0.0211855 0)
(0.00172207 0.0174223 0)
(0.00510893 0.0167797 0)
(0.00829443 0.0154618 0)
(0.0111551 0.0135301 0)
(0.0135755 0.0110696 0)
(0.0154615 0.00818329 0)
(0.0167422 0.00498822 0)
(0.0173719 0.00161147 0)
(0.0173307 -0.00181488 0)
(0.0166252 -0.0051588 0)
(0.0152873 -0.00829366 0)
(0.013372 -0.0111024 0)
(0.0109548 -0.0134817 0)
(0.00812875 -0.015345 0)
(0.00500068 -0.0166254 0)
(0.00168751 -0.017277 0)
(-0.0016882 -0.017277 0)
(-0.00500136 -0.0166253 0)
(-0.00812942 -0.0153449 0)
(-0.0109554 -0.0134815 0)
(-0.0133726 -0.0111021 0)
(-0.0152879 -0.00829331 0)
(-0.0166257 -0.0051584 0)
(-0.0173312 -0.00181443 0)
(-0.0173723 0.00161197 0)
(-0.0167426 0.00498877 0)
(-0.0154619 0.00818388 0)
(-0.0135758 0.0110703 0)
(-0.0111554 0.0135308 0)
(-0.00829461 0.0154625 0)
(-0.00510904 0.0167804 0)
(-0.00172211 0.017423 0)
(0.00141504 0.0143309 0)
(0.00419833 0.0138039 0)
(0.00681699 0.0127228 0)
(0.00917007 0.0111377 0)
(0.0111628 0.00911774 0)
(0.0127179 0.0067468 0)
(0.0137766 0.0041204 0)
(0.0143006 0.00134248 0)
(0.0142727 -0.00147865 0)
(0.0136974 -0.00423427 0)
(0.0126001 -0.00681975 0)
(0.0110254 -0.00913806 0)
(0.00903514 -0.0111032 0)
(0.00670592 -0.0126431 0)
(0.00412606 -0.0137016 0)
(0.00139246 -0.0142405 0)
(-0.00139308 -0.0142405 0)
(-0.00412668 -0.0137015 0)
(-0.00670653 -0.0126429 0)
(-0.00903573 -0.011103 0)
(-0.011026 -0.0091378 0)
(-0.0126007 -0.00681943 0)
(-0.0136979 -0.00423391 0)
(-0.0142732 -0.00147824 0)
(-0.014301 0.00134294 0)
(-0.013777 0.0041209 0)
(-0.0127182 0.00674733 0)
(-0.0111631 0.0091183 0)
(-0.0091703 0.0111383 0)
(-0.00681716 0.0127234 0)
(-0.00419843 0.0138046 0)
(-0.00141507 0.0143315 0)
(0.00116314 0.0117899 0)
(0.00345117 0.0113575 0)
(0.00560445 0.01047 0)
(0.00754032 0.00916859 0)
(0.00918104 0.00750954 0)
(0.010463 0.0055612 0)
(0.0113375 0.00340167 0)
(0.0117727 0.00111606 0)
(0.0117539 -0.00120674 0)
(0.0112841 -0.00347723 0)
(0.0103835 -0.00560899 0)
(0.0090885 -0.00752168 0)
(0.00744977 -0.00914392 0)
(0.00553035 -0.0104157 0)
(0.00340321 -0.0112902 0)
(0.00114857 -0.0117355 0)
(-0.00114914 -0.0117355 0)
(-0.00340378 -0.0112901 0)
(-0.00553091 -0.0104155 0)
(-0.00745031 -0.00914374 0)
(-0.00908902 -0.00752145 0)
(-0.010384 -0.0056087 0)
(-0.0112845 -0.0034769 0)
(-0.0117543 -0.00120637 0)
(-0.0117731 0.00111647 0)
(-0.0113379 0.00340213 0)
(-0.0104633 0.00556169 0)
(-0.00918129 0.00751005 0)
(-0.00754052 0.00916913 0)
(-0.0056046 0.0104706 0)
(-0.00345126 0.011358 0)
(-0.00116317 0.0117905 0)
(0.000956365 0.00970073 0)
(0.00283777 0.00934567 0)
(0.00460878 0.00861685 0)
(0.00620164 0.00754785 0)
(0.00755254 0.00618464 0)
(0.0086091 0.00458308 0)
(0.00933117 0.00280702 0)
(0.00969208 0.000926235 0)
(0.00967938 -0.000986251 0)
(0.00929515 -0.00285677 0)
(0.00855565 -0.004614 0)
(0.00749045 -0.00619149 0)
(0.00614115 -0.00753006 0)
(0.00455964 -0.00857982 0)
(0.00280618 -0.0093019 0)
(0.000947111 -0.00966968 0)
(-0.000947631 -0.00966966 0)
(-0.0028067 -0.00930183 0)
(-0.00456015 -0.0085797 0)
(-0.00614164 -0.00752989 0)
(-0.00749093 -0.00619128 0)
(-0.0085561 -0.00461375 0)
(-0.00929557 -0.00285647 0)
(-0.00967977 -0.000985912 0)
(-0.00969243 0.000926611 0)
(-0.00933149 0.00280743 0)
(-0.00860938 0.00458351 0)
(-0.00755277 0.00618511 0)
(-0.00620182 0.00754833 0)
(-0.00460891 0.00861735 0)
(-0.00283785 0.00934619 0)
(-0.000956392 0.00970125 0)
(0.000786538 0.0079826 0)
(0.00233395 0.00769095 0)
(0.00379083 0.00709216 0)
(0.00510162 0.00621373 0)
(0.00621391 0.00509324 0)
(0.00708459 0.00377637 0)
(0.00768048 0.00231543 0)
(0.00797941 0.000767626 0)
(0.00797088 -0.000807015 0)
(0.0076563 -0.00234786 0)
(0.00704877 -0.00379607 0)
(0.00617244 -0.00509672 0)
(0.00506144 -0.0062008 0)
(0.0037585 -0.00706694 0)
(0.00231334 -0.00766287 0)
(0.000780793 -0.00796643 0)
(-0.000781268 -0.00796641 0)
(-0.00231381 -0.0076628 0)
(-0.00375896 -0.00706683 0)
(-0.00506189 -0.00620065 0)
(-0.00617288 -0.00509653 0)
(-0.00704918 -0.00379584 0)
(-0.00765668 -0.00234759 0)
(-0.00797124 -0.000806707 0)
(-0.00797973 0.000767966 0)
(-0.00768077 0.0023158 0)
(-0.00708484 0.00377677 0)
(-0.00621412 0.00509366 0)
(-0.00510179 0.00621417 0)
(-0.00379095 0.00709262 0)
(-0.00233402 0.00769142 0)
(-0.000786563 0.00798308 0)
(0.000647002 0.00656932 0)
(0.00191996 0.00632967 0)
(0.00311863 0.00583755 0)
(0.00419743 0.00511548 0)
(0.00511327 0.00419425 0)
(0.00583067 0.00311123 0)
(0.00632224 0.00190931 0)
(0.00656959 0.000635448 0)
(0.00656389 -0.000661017 0)
(0.00630608 -0.00193018 0)
(0.00580679 -0.0031235 0)
(0.00508572 -0.00419562 0)
(0.00417092 -0.00510601 0)
(0.00309758 -0.00582039 0)
(0.00190669 -0.00631199 0)
(0.000643552 -0.00656245 0)
(-0.000643984 -0.00656243 0)
(-0.00190712 -0.00631193 0)
(-0.003098 -0.00582029 0)
(-0.00417133 -0.00510587 0)
(-0.00508612 -0.00419545 0)
(-0.00580716 -0.00312329 0)
(-0.00630644 -0.00192993 0)
(-0.00656421 -0.000660737 0)
(-0.00656989 0.000635756 0)
(-0.00632251 0.00190965 0)
(-0.0058309 0.00311159 0)
(-0.00511346 0.00419463 0)
(-0.00419758 0.00511588 0)
(-0.00311874 0.00583796 0)
(-0.00192002 0.00633009 0)
(-0.000647025 0.00656976 0)
(0.000532317 0.0054066 0)
(0.00157967 0.00520961 0)
(0.00256605 0.00480504 0)
(0.00345399 0.00421136 0)
(0.0042081 0.00345377 0)
(0.00479915 0.00256293 0)
(0.00520455 0.00157399 0)
(0.00540905 0.000525531 0)
(0.00540525 -0.000541884 0)
(0.00519381 -0.00158717 0)
(0.00478332 -0.00257032 0)
(0.00418994 -0.00345388 0)
(0.00343668 -0.00420435 0)
(0.00255252 -0.00479337 0)
(0.00157128 -0.00519878 0)
(0.000530347 -0.00540534 0)
(-0.000530742 -0.00540532 0)
(-0.00157167 -0.00519872 0)
(-0.0025529 -0.00479328 0)
(-0.00343705 -0.00420422 0)
(-0.0041903 -0.00345372 0)
(-0.00478366 -0.00257013 0)
(-0.00519413 -0.00158695 0)
(-0.00540555 -0.000541631 0)
(-0.00540932 0.000525811 0)
(-0.00520479 0.0015743 0)
(-0.00479936 0.00256325 0)
(-0.00420827 0.00345412 0)
(-0.00345413 0.00421172 0)
(-0.00256615 0.00480541 0)
(-0.00157974 0.00520999 0)
(-0.000532338 0.00540699 0)
(0.00043803 0.00444985 0)
(0.00129991 0.0042879 0)
(0.00211169 0.00395522 0)
(0.00284261 0.003467 0)
(0.00346356 0.00284388 0)
(0.00395048 0.00211101 0)
(0.00428473 0.00129725 0)
(0.00445369 0.000434285 0)
(0.00445118 -0.000444528 0)
(0.00427764 -0.00130536 0)
(0.00394007 -0.00211525 0)
(0.0034517 -0.00284327 0)
(0.00283143 -0.00346177 0)
(0.00210315 -0.0039473 0)
(0.00129472 -0.00428152 0)
(0.000437002 -0.00445183 0)
(-0.000437362 -0.00445181 0)
(-0.00129508 -0.00428147 0)
(-0.0021035 -0.00394722 0)
(-0.00283178 -0.00346166 0)
(-0.00345202 -0.00284313 0)
(-0.00394038 -0.00211507 0)
(-0.00427794 -0.00130516 0)
(-0.00445145 -0.000444298 0)
(-0.00445394 0.000434538 0)
(-0.00428495 0.00129753 0)
(-0.00395067 0.00211131 0)
(-0.00346372 0.0028442 0)
(-0.00284274 0.00346733 0)
(-0.00211178 0.00395556 0)
(-0.00129996 0.00428824 0)
(-0.000438049 0.00445021 0)
(0.000360498 0.00366248 0)
(0.00106984 0.0035293 0)
(0.00173802 0.0032557 0)
(0.00233974 0.00285414 0)
(0.00285107 0.00234156 0)
(0.00325218 0.0017386 0)
(0.00352773 0.00106894 0)
(0.00366725 0.000358641 0)
(0.0036656 -0.000364867 0)
(0.00352309 -0.00107374 0)
(0.00324541 -0.00174081 0)
(0.00284341 -0.00234058 0)
(0.00233265 -0.0028502 0)
(0.00173277 -0.00325033 0)
(0.00106675 -0.00352579 0)
(0.000360053 -0.00366617 0)
(-0.000360383 -0.00366615 0)
(-0.00106708 -0.00352575 0)
(-0.00173309 -0.00325026 0)
(-0.00233296 -0.0028501 0)
(-0.00284371 -0.00234044 0)
(-0.00324569 -0.00174065 0)
(-0.00352336 -0.00107356 0)
(-0.00366585 -0.00036466 0)
(-0.00366747 0.00035887 0)
(-0.00352793 0.00106919 0)
(-0.00325236 0.00173886 0)
(-0.00285121 0.00234185 0)
(-0.00233986 0.00285444 0)
(-0.0017381 0.00325601 0)
(-0.00106989 0.00352962 0)
(-0.000360516 0.00366281 0)
(0.000296733 0.00301441 0)
(0.000880622 0.00290488 0)
(0.00143067 0.00267984 0)
(0.00192608 0.00234952 0)
(0.00234715 0.00192783 0)
(0.00267759 0.00143172 0)
(0.0029047 0.00088064 0)
(0.00301986 0.000296004 0)
(0.00301879 -0.000299615 0)
(0.0029017 -0.000883299 0)
(0.00267324 -0.00143266 0)
(0.0023423 -0.00192668 0)
(0.00192168 -0.00234652 0)
(0.00142756 -0.0026762 0)
(0.000878883 -0.00290318 0)
(0.000296639 -0.00301885 0)
(-0.00029694 -0.00301884 0)
(-0.000879181 -0.00290313 0)
(-0.00142785 -0.00267613 0)
(-0.00192196 -0.00234643 0)
(-0.00234257 -0.00192657 0)
(-0.0026735 -0.00143252 0)
(-0.00290195 -0.000883133 0)
(-0.00301902 -0.000299427 0)
(-0.00302007 0.000296211 0)
(-0.00290488 0.000880865 0)
(-0.00267775 0.00143196 0)
(-0.00234729 0.00192809 0)
(-0.00192619 0.00234979 0)
(-0.00143074 0.00268011 0)
(-0.00088067 0.00290516 0)
(-0.000296749 0.0030147 0)
(0.000244286 0.00248091 0)
(0.000724982 0.00239082 0)
(0.00117784 0.00220571 0)
(0.00158578 0.00193398 0)
(0.00193256 0.00158706 0)
(0.00220477 0.00117885 0)
(0.00239195 0.000725362 0)
(0.00248697 0.000244182 0)
(0.00248629 -0.000246115 0)
(0.00239004 -0.000726665 0)
(0.00220202 -0.00117903 0)
(0.00192955 -0.00158588 0)
(0.00158314 -0.00193168 0)
(0.00117612 -0.00220325 0)
(0.000724098 -0.00239023 0)
(0.00024439 -0.00248553 0)
(-0.000244666 -0.00248552 0)
(-0.000724371 -0.00239019 0)
(-0.00117638 -0.00220318 0)
(-0.0015834 -0.0019316 0)
(-0.0019298 -0.00158577 0)
(-0.00220226 -0.0011789 0)
(-0.00239027 -0.000726515 0)
(-0.0024865 -0.000245946 0)
(-0.00248716 0.000244369 0)
(-0.00239212 0.000725565 0)
(-0.00220491 0.00117907 0)
(-0.00193268 0.00158729 0)
(-0.00158587 0.00193422 0)
(-0.00117791 0.00220596 0)
(-0.000725025 0.00239108 0)
(-0.000244301 0.00248118 0)
(0.000201144 0.00204166 0)
(0.000596955 0.00196756 0)
(0.000969868 0.0018153 0)
(0.00130581 0.00159176 0)
(0.00159145 0.00130636 0)
(0.00181571 0.000970495 0)
(0.00196998 0.000597334 0)
(0.00204837 0.000201338 0)
(0.00204795 -0.000202215 0)
(0.00196879 -0.000597797 0)
(0.00181402 -0.000970223 0)
(0.00158964 -0.00130522 0)
(0.00130431 -0.00158998 0)
(0.000969011 -0.00181363 0)
(0.0005966 -0.00196763 0)
(0.000201353 -0.00204612 0)
(-0.000201606 -0.00204611 0)
(-0.000596851 -0.00196759 0)
(-0.000969257 -0.00181357 0)
(-0.00130455 -0.00158991 0)
(-0.00158987 -0.00130513 0)
(-0.00181424 -0.000970106 0)
(-0.001969 -0.000597662 0)
(-0.00204813 -0.000202062 0)
(-0.00204854 0.000201506 0)
(-0.00197013 0.000597517 0)
(-0.00181584 0.000970691 0)
(-0.00159156 0.00130656 0)
(-0.0013059 0.00159198 0)
(-0.000969933 0.00181552 0)
(-0.000596996 0.00196779 0)
(-0.000201158 0.0020419 0)
(0.000165659 0.00167994 0)
(0.000491647 0.00161899 0)
(0.00079879 0.00149375 0)
(0.00107551 0.00130989 0)
(0.00131081 0.00107511 0)
(0.00149559 0.0007988 0)
(0.00162275 0.000491778 0)
(0.00168742 0.000165934 0)
(0.00168716 -0.000166165 0)
(0.00162203 -0.00049174 0)
(0.0014946 -0.000798289 0)
(0.00130979 -0.00107406 0)
(0.00107473 -0.00130849 0)
(0.00079847 -0.00149263 0)
(0.000491608 -0.00161942 0)
(0.000165911 -0.00168405 0)
(-0.000166144 -0.00168404 0)
(-0.000491838 -0.00161939 0)
(-0.000798696 -0.00149258 0)
(-0.00107495 -0.00130842 0)
(-0.00131 -0.00107397 0)
(-0.0014948 -0.000798184 0)
(-0.00162222 -0.000491618 0)
(-0.00168733 -0.000166027 0)
(-0.00168757 0.000166086 0)
(-0.00162289 0.000491943 0)
(-0.00149572 0.000798977 0)
(-0.00131092 0.00107529 0)
(-0.00107559 0.00131009 0)
(-0.000798848 0.00149396 0)
(-0.000491684 0.0016192 0)
(-0.000165672 0.00168016 0)
(0.000136474 0.00138198 0)
(0.000405034 0.00133187 0)
(0.000658079 0.00122887 0)
(0.000886074 0.00107766 0)
(0.00107997 0.000884562 0)
(0.00123225 0.000657296 0)
(0.00133707 0.000404745 0)
(0.00139042 0.000136688 0)
(0.00139027 -0.000136539 0)
(0.00133667 -0.000404424 0)
(0.0012317 -0.000656677 0)
(0.00107944 -0.00088362 0)
(0.000885748 -0.00107656 0)
(0.000658079 -0.00122811 0)
(0.000405174 -0.00133248 0)
(0.000136735 -0.00138567 0)
(-0.000136949 -0.00138566 0)
(-0.000405386 -0.00133245 0)
(-0.000658287 -0.00122807 0)
(-0.000885951 -0.0010765 0)
(-0.00107963 -0.000883542 0)
(-0.00123189 -0.000656582 0)
(-0.00133684 -0.000404314 0)
(-0.00139043 -0.000136415 0)
(-0.00139057 0.000136825 0)
(-0.0013372 0.000404894 0)
(-0.00123237 0.000657455 0)
(-0.00108006 0.000884731 0)
(-0.00088615 0.00107784 0)
(-0.000658134 0.00122906 0)
(-0.000405069 0.00133206 0)
(-0.000136486 0.00138218 0)
(0.000112476 0.00113647 0)
(0.000333815 0.00109527 0)
(0.000542374 0.0010106 0)
(0.000730297 0.000886278 0)
(0.000890126 0.000727513 0)
(0.00101567 0.000540644 0)
(0.00110211 0.000332971 0)
(0.00114612 0.000112532 0)
(0.00114604 -0.000112176 0)
(0.0011019 -0.000332508 0)
(0.0010154 -0.000539997 0)
(0.000889906 -0.000726681 0)
(0.000730242 -0.000885402 0)
(0.000542552 -0.00101008 0)
(0.000334046 -0.00109595 0)
(0.000112725 -0.00113971 0)
(-0.000112922 -0.0011397 0)
(-0.000334241 -0.00109592 0)
(-0.000542744 -0.00101004 0)
(-0.000730429 -0.000885347 0)
(-0.000890085 -0.00072661 0)
(-0.00101557 -0.000539912 0)
(-0.00110206 -0.000332409 0)
(-0.00114619 -0.000112065 0)
(-0.00114626 0.000112655 0)
(-0.00110223 0.000333105 0)
(-0.00101578 0.000540787 0)
(-0.000890214 0.000727665 0)
(-0.000730366 0.000886438 0)
(-0.000542424 0.00101076 0)
(-0.000333847 0.00109544 0)
(-0.000112488 0.00113665 0)
(9.27515e-05 0.000934071 0)
(0.000275276 0.000900222 0)
(0.000447267 0.000830645 0)
(0.000602248 0.000728484 0)
(0.000734068 0.000598014 0)
(0.000837627 0.000444441 0)
(0.000908937 0.000273761 0)
(0.000945265 9.25782e-05 0)
(0.000945228 -9.2125e-05 0)
(0.000908845 -0.000273242 0)
(0.000837528 -0.000443813 0)
(0.000734034 -0.000597289 0)
(0.000602348 -0.000727783 0)
(0.000447535 -0.000830293 0)
(0.000275544 -0.000900891 0)
(9.29772e-05 -0.000936876 0)
(-9.31601e-05 -0.000936869 0)
(-0.000275725 -0.00090087 0)
(-0.000447713 -0.000830257 0)
(-0.000602521 -0.000727733 0)
(-0.0007342 -0.000597226 0)
(-0.000837686 -0.000443737 0)
(-0.000908993 -0.000273154 0)
(-0.000945366 -9.20251e-05 0)
(-0.00094539 9.26884e-05 0)
(-0.000909049 0.000273881 0)
(-0.000837724 0.000444569 0)
(-0.00073415 0.00059815 0)
(-0.000602313 0.000728628 0)
(-0.000447315 0.000830794 0)
(-0.000275307 0.000900375 0)
(-9.27621e-05 0.000934234 0)
(7.6549e-05 0.000767102 0)
(0.00022719 0.000739311 0)
(0.00036914 0.000682183 0)
(0.000497057 0.000598297 0)
(0.000605864 0.000491163 0)
(0.000691351 0.000365052 0)
(0.000750227 0.000224888 0)
(0.000780231 7.609e-05 0)
(0.000780221 -7.56065e-05 0)
(0.000750208 -0.000224365 0)
(0.000691355 -0.000364469 0)
(0.000605936 -0.000490538 0)
(0.000497238 -0.000597732 0)
(0.000369443 -0.000681942 0)
(0.000227462 -0.000739939 0)
(7.6747e-05 -0.000769501 0)
(-7.69168e-05 -0.000769494 0)
(-0.00022763 -0.00073992 0)
(-0.000369608 -0.000681911 0)
(-0.000497399 -0.000597688 0)
(-0.00060609 -0.000490481 0)
(-0.000691502 -0.000364401 0)
(-0.000750346 -0.000224286 0)
(-0.000780349 -7.55172e-05 0)
(-0.000780348 7.61885e-05 0)
(-0.000750331 0.000224994 0)
(-0.000691442 0.000365167 0)
(-0.00060594 0.000491285 0)
(-0.000497117 0.000598426 0)
(-0.000369184 0.000682316 0)
(-0.000227218 0.000739448 0)
(-7.65588e-05 0.000767249 0)
(6.3252e-05 0.000629224 0)
(0.000187727 0.000606434 0)
(0.000305023 0.000559582 0)
(0.000410726 0.000490783 0)
(0.000500644 0.000402914 0)
(0.000571294 0.000299478 0)
(0.000619958 0.00018451 0)
(0.000644766 6.24555e-05 0)
(0.000644772 -6.19819e-05 0)
(0.000619981 -0.000184015 0)
(0.000571356 -0.000298953 0)
(0.00050077 -0.00040238 0)
(0.000410943 -0.000490326 0)
(0.000305328 -0.000559416 0)
(0.000187985 -0.000607001 0)
(6.34216e-05 -0.000631256 0)
(-6.35798e-05 -0.00063125 0)
(-0.000188142 -0.000606984 0)
(-0.000305482 -0.000559388 0)
(-0.000411093 -0.000490287 0)
(-0.000500914 -0.00040233 0)
(-0.000571493 -0.000298892 0)
(-0.00062011 -0.000183945 0)
(-0.000644891 -6.19025e-05 0)
(-0.000644875 6.25431e-05 0)
(-0.000620055 0.000184605 0)
(-0.000571379 0.00029958 0)
(-0.000500715 0.000403023 0)
(-0.000410783 0.000490898 0)
(-0.000305065 0.0005597 0)
(-0.000187753 0.000606556 0)
(-6.32613e-05 0.000629356 0)
(5.23555e-05 0.000515205 0)
(0.000155388 0.000496549 0)
(0.000252479 0.000458192 0)
(0.000339977 0.000401866 0)
(0.000414411 0.000329926 0)
(0.0004729 0.000245238 0)
(0.000513191 0.000151105 0)
(0.000533736 5.1167e-05 0)
(0.00053375 -5.07262e-05 0)
(0.000513237 -0.000150654 0)
(0.00047299 -0.000244775 0)
(0.000414562 -0.000329473 0)
(0.000340201 -0.000401496 0)
(0.000252768 -0.000458077 0)
(0.000155623 -0.000497048 0)
(5.24978e-05 -0.000516911 0)
(-5.26458e-05 -0.000516906 0)
(-0.000155769 -0.000497033 0)
(-0.000252912 -0.000458053 0)
(-0.000340341 -0.000401461 0)
(-0.000414697 -0.000329429 0)
(-0.000473118 -0.000244722 0)
(-0.000513357 -0.000150592 0)
(-0.000533861 -5.06559e-05 0)
(-0.000533838 5.12445e-05 0)
(-0.000513282 0.000151189 0)
(-0.000472979 0.000245328 0)
(-0.000414478 0.000330022 0)
(-0.00034003 0.000401968 0)
(-0.000252517 0.000458297 0)
(-0.000155412 0.000496657 0)
(-5.23641e-05 0.000515323 0)
(4.34451e-05 0.000420719 0)
(0.000128943 0.000405487 0)
(0.000209512 0.000374169 0)
(0.000282122 0.000328177 0)
(0.000343893 0.000269435 0)
(0.000392435 0.000200281 0)
(0.000425876 0.000123414 0)
(0.000442932 4.1803e-05 0)
(0.00044295 -4.14067e-05 0)
(0.000425932 -0.000123014 0)
(0.000392536 -0.000199881 0)
(0.00034405 -0.000269054 0)
(0.000282339 -0.000327876 0)
(0.000209776 -0.000374089 0)
(0.000129151 -0.000405918 0)
(4.35626e-05 -0.000422141 0)
(-4.37017e-05 -0.000422137 0)
(-0.000129289 -0.000405905 0)
(-0.000209911 -0.000374067 0)
(-0.00028247 -0.000327846 0)
(-0.000344177 -0.000269015 0)
(-0.000392657 -0.000199834 0)
(-0.000426045 -0.000122959 0)
(-0.000443055 -4.13448e-05 0)
(-0.000443028 4.18711e-05 0)
(-0.000425962 0.000123487 0)
(-0.000392509 0.00020036 0)
(-0.000343956 0.000269519 0)
(-0.000282172 0.000328267 0)
(-0.000209549 0.000374261 0)
(-0.000128966 0.000405582 0)
(-4.34535e-05 0.000420824 0)
(3.61828e-05 0.000342183 0)
(0.000107389 0.000329796 0)
(0.000174491 0.000304326 0)
(0.000234966 0.000266923 0)
(0.000286415 0.000219149 0)
(0.000326847 0.000162907 0)
(0.000354703 0.00010039 0)
(0.000368913 3.40129e-05 0)
(0.000368932 -3.36659e-05 0)
(0.000354762 -0.000100043 0)
(0.00032695 -0.000162566 0)
(0.000286566 -0.000218832 0)
(0.000235166 -0.000266679 0)
(0.000174726 -0.00030427 0)
(0.00010757 -0.000330161 0)
(3.62782e-05 -0.000343358 0)
(-3.64096e-05 -0.000343354 0)
(-0.0001077 -0.00033015 0)
(-0.000174854 -0.000304251 0)
(-0.000235291 -0.000266653 0)
(-0.000286686 -0.000218798 0)
(-0.000327064 -0.000162525 0)
(-0.000354869 -9.99951e-05 0)
(-0.000369032 -3.3612e-05 0)
(-0.000369004 3.40722e-05 0)
(-0.000354784 0.000100454 0)
(-0.000326917 0.000162976 0)
(-0.000286475 0.000219223 0)
(-0.000235013 0.000267002 0)
(-0.000174526 0.000304407 0)
(-0.000107411 0.000329879 0)
(-3.61906e-05 0.000342276 0)
(3.02926e-05 0.000276617 0)
(8.99074e-05 0.000266605 0)
(0.000146087 0.000246018 0)
(0.000196719 0.000215783 0)
(0.000239796 0.000177165 0)
(0.000273649 0.000131701 0)
(0.000296974 8.11631e-05 0)
(0.000308874 2.75045e-05 0)
(0.000308893 -2.72078e-05 0)
(0.000297032 -8.08688e-05 0)
(0.000273747 -0.000131415 0)
(0.000239936 -0.000176904 0)
(0.0001969 -0.000215587 0)
(0.000146294 -0.000245978 0)
(9.0063e-05 -0.000266911 0)
(3.03691e-05 -0.00027758 0)
(-3.04939e-05 -0.000277577 0)
(-9.01868e-05 -0.000266901 0)
(-0.000146415 -0.000245962 0)
(-0.000197018 -0.000215564 0)
(-0.00024005 -0.000176874 0)
(-0.000273856 -0.00013138 0)
(-0.000297134 -8.08275e-05 0)
(-0.000308988 -2.71613e-05 0)
(-0.00030896 2.75556e-05 0)
(-0.000297051 8.12182e-05 0)
(-0.000273716 0.00013176 0)
(-0.000239852 0.000177229 0)
(-0.000196765 0.000215851 0)
(-0.000146121 0.000246087 0)
(-8.99288e-05 0.000266677 0)
(-3.03003e-05 0.000276698 0)
(2.55512e-05 0.000221536 0)
(7.58351e-05 0.000213519 0)
(0.000123222 0.000197032 0)
(0.000165931 0.000172819 0)
(0.000202266 0.000141892 0)
(0.000230823 0.000105482 0)
(0.0002505 6.50076e-05 0)
(0.00026054 2.20334e-05 0)
(0.000260558 -2.17854e-05 0)
(0.000250554 -6.47629e-05 0)
(0.000230914 -0.000105246 0)
(0.000202394 -0.00014168 0)
(0.000166091 -0.000172663 0)
(0.000123402 -0.000197005 0)
(7.59678e-05 -0.00021377 0)
(2.56116e-05 -0.000222316 0)
(-2.57309e-05 -0.000222313 0)
(-7.60861e-05 -0.000213762 0)
(-0.000123518 -0.000196991 0)
(-0.000166205 -0.000172643 0)
(-0.000202503 -0.000141655 0)
(-0.000231018 -0.000105216 0)
(-0.000250652 -6.47279e-05 0)
(-0.000260648 -2.1746e-05 0)
(-0.000260622 2.20766e-05 0)
(-0.000250574 6.5054e-05 0)
(-0.000230887 0.000105532 0)
(-0.000202321 0.000141946 0)
(-0.000165974 0.000172877 0)
(-0.000123254 0.000197091 0)
(-7.58556e-05 0.00021358 0)
(-2.55584e-05 0.000221607 0)
(2.17783e-05 0.000174853 0)
(6.46376e-05 0.000168525 0)
(0.000105028 0.000155513 0)
(0.000141431 0.000136404 0)
(0.000172403 0.000111994 0)
(0.000196745 8.32572e-05 0)
(0.000213518 5.13122e-05 0)
(0.000222077 1.73937e-05 0)
(0.000222094 -1.71919e-05 0)
(0.000213568 -5.1114e-05 0)
(0.000196828 -8.30679e-05 0)
(0.000172518 -0.000111825 0)
(0.000141574 -0.000136281 0)
(0.000105185 -0.000155495 0)
(6.47506e-05 -0.000168729 0)
(2.18255e-05 -0.000175474 0)
(-2.19402e-05 -0.000175472 0)
(-6.48643e-05 -0.000168722 0)
(-0.000105297 -0.000155483 0)
(-0.000141682 -0.000136265 0)
(-0.000172623 -0.000111805 0)
(-0.000196928 -8.30428e-05 0)
(-0.000213662 -5.10848e-05 0)
(-0.000222181 -1.71592e-05 0)
(-0.000222157 1.74294e-05 0)
(-0.000213589 5.13505e-05 0)
(-0.000196807 8.32981e-05 0)
(-0.000172456 0.000112039 0)
(-0.000141474 0.000136451 0)
(-0.00010506 0.000155562 0)
(-6.46579e-05 0.000168576 0)
(-2.17856e-05 0.000174912 0)
(1.88307e-05 0.000134797 0)
(5.58893e-05 0.000129919 0)
(9.08138e-05 0.000119888 0)
(0.000122291 0.000105157 0)
(0.000149072 8.63396e-05 0)
(0.00017012 6.4186e-05 0)
(0.000184624 3.95593e-05 0)
(0.000192026 1.34109e-05 0)
(0.000192041 -1.32521e-05 0)
(0.00018467 -3.94039e-05 0)
(0.000170195 -6.40385e-05 0)
(0.000149174 -8.6209e-05 0)
(0.000122417 -0.000105063 0)
(9.09505e-05 -0.000119876 0)
(5.59859e-05 -0.000130079 0)
(1.88674e-05 -0.000135279 0)
(-1.89782e-05 -0.000135278 0)
(-5.60958e-05 -0.000130074 0)
(-9.10584e-05 -0.000119867 0)
(-0.000122522 -0.00010505 0)
(-0.000149276 -8.61923e-05 0)
(-0.000170291 -6.40183e-05 0)
(-0.00018476 -3.93804e-05 0)
(-0.000192125 -1.32259e-05 0)
(-0.000192103 1.34394e-05 0)
(-0.000184693 3.95897e-05 0)
(-0.00017018 6.42185e-05 0)
(-0.000149123 8.6375e-05 0)
(-0.000122332 0.000105195 0)
(-9.08442e-05 0.000119928 0)
(-5.59091e-05 0.000129959 0)
(-1.88378e-05 0.000134846 0)
(1.65956e-05 9.98515e-05 0)
(4.92557e-05 9.62381e-05 0)
(8.00351e-05 8.88079e-05 0)
(0.000107776 7.78958e-05 0)
(0.000131379 6.39572e-05 0)
(0.00014993 4.75469e-05 0)
(0.000162713 2.93045e-05 0)
(0.000169237 9.93491e-06 0)
(0.000169251 -9.81615e-06 0)
(0.000162755 -2.91886e-05 0)
(0.000149998 -4.74375e-05 0)
(0.000131472 -6.3861e-05 0)
(0.000107889 -7.78279e-05 0)
(8.01561e-05 -8.88013e-05 0)
(4.93395e-05 -9.63595e-05 0)
(1.66244e-05 -0.000100212 0)
(-1.67316e-05 -0.00010021 0)
(-4.94458e-05 -9.63552e-05 0)
(-8.02605e-05 -8.87942e-05 0)
(-0.000107991 -7.78179e-05 0)
(-0.00013157 -6.38482e-05 0)
(-0.000150092 -4.74219e-05 0)
(-0.000162843 -2.91707e-05 0)
(-0.000169333 -9.79615e-06 0)
(-0.000169312 9.95646e-06 0)
(-0.00016278 2.93274e-05 0)
(-0.000149988 4.75714e-05 0)
(-0.000131429 6.39842e-05 0)
(-0.000107817 7.79256e-05 0)
(-8.00651e-05 8.88383e-05 0)
(-4.92752e-05 9.62687e-05 0)
(-1.66026e-05 9.989e-05 0)
(1.49861e-05 6.86963e-05 0)
(4.44785e-05 6.621e-05 0)
(7.22728e-05 6.10981e-05 0)
(9.73237e-05 5.35909e-05 0)
(0.000118638 4.40014e-05 0)
(0.00013539 3.27114e-05 0)
(0.000146934 2.0161e-05 0)
(0.000152826 6.83488e-06 0)
(0.000152839 -6.75367e-06 0)
(0.000146973 -2.00819e-05 0)
(0.000135453 -3.26371e-05 0)
(0.000118723 -4.39366e-05 0)
(9.74268e-05 -5.35459e-05 0)
(7.23824e-05 -6.10957e-05 0)
(4.45532e-05 -6.62958e-05 0)
(1.50095e-05 -6.89463e-05 0)
(-1.51129e-05 -6.89453e-05 0)
(-4.46558e-05 -6.62928e-05 0)
(-7.24831e-05 -6.10907e-05 0)
(-9.75248e-05 -5.35389e-05 0)
(-0.000118818 -4.39275e-05 0)
(-0.000135543 -3.26262e-05 0)
(-0.000147057 -2.00693e-05 0)
(-0.000152917 -6.73968e-06 0)
(-0.000152898 6.84987e-06 0)
(-0.000146999 2.01768e-05 0)
(-0.000135447 3.27284e-05 0)
(-0.000118686 4.40204e-05 0)
(-9.73631e-05 5.36121e-05 0)
(-7.23021e-05 6.11193e-05 0)
(-4.44978e-05 6.62309e-05 0)
(-1.49931e-05 6.87243e-05 0)
(1.39363e-05 4.01564e-05 0)
(4.1363e-05 3.87025e-05 0)
(6.72109e-05 3.57142e-05 0)
(9.05074e-05 3.13259e-05 0)
(0.000110329 2.57204e-05 0)
(0.000125908 1.91207e-05 0)
(0.000136644 1.17842e-05 0)
(0.000142123 3.99426e-06 0)
(0.000142136 -3.94905e-06 0)
(0.000136681 -1.17404e-05 0)
(0.000125968 -1.90797e-05 0)
(0.00011041 -2.56851e-05 0)
(9.06044e-05 -3.13024e-05 0)
(6.73135e-05 -3.57159e-05 0)
(4.14327e-05 -3.87557e-05 0)
(1.39573e-05 -4.03051e-05 0)
(-1.40562e-05 -4.03045e-05 0)
(-4.15307e-05 -3.87539e-05 0)
(-6.74097e-05 -3.57128e-05 0)
(-9.0698e-05 -3.12982e-05 0)
(-0.0001105 -2.56797e-05 0)
(-0.000126054 -1.90732e-05 0)
(-0.000136761 -1.17328e-05 0)
(-0.000142211 -3.94078e-06 0)
(-0.000142192 4.0031e-06 0)
(-0.000136706 1.17934e-05 0)
(-0.000125963 1.91306e-05 0)
(-0.000110376 2.57318e-05 0)
(-9.05454e-05 3.13388e-05 0)
(-6.7239e-05 3.57265e-05 0)
(-4.1382e-05 3.87142e-05 0)
(-1.39435e-05 4.01738e-05 0)
(1.33991e-05 1.32045e-05 0)
(3.97693e-05 1.27262e-05 0)
(6.46222e-05 1.17435e-05 0)
(8.70216e-05 1.03006e-05 0)
(0.00010608 8.45727e-06 0)
(0.000121059 6.28705e-06 0)
(0.000131381 3.87449e-06 0)
(0.00013665 1.31281e-06 0)
(0.000136662 -1.29912e-06 0)
(0.000131418 -3.86128e-06 0)
(0.000121118 -6.27478e-06 0)
(0.000106159 -8.44691e-06 0)
(8.7116e-05 -1.02941e-05 0)
(6.47221e-05 -1.17454e-05 0)
(3.9838e-05 -1.27451e-05 0)
(1.34206e-05 -1.32546e-05 0)
(-1.35142e-05 -1.32544e-05 0)
(-3.99308e-05 -1.27445e-05 0)
(-6.48132e-05 -1.17444e-05 0)
(-8.72046e-05 -1.02927e-05 0)
(-0.000106244 -8.44509e-06 0)
(-0.000121199 -6.27262e-06 0)
(-0.000131494 -3.85878e-06 0)
(-0.000136733 -1.29638e-06 0)
(-0.000136715 1.31573e-06 0)
(-0.00013144 3.8775e-06 0)
(-0.000121111 6.29031e-06 0)
(-0.000106124 8.4611e-06 0)
(-8.70569e-05 1.0305e-05 0)
(-6.46484e-05 1.17474e-05 0)
(-3.97884e-05 1.27299e-05 0)
(-1.34068e-05 1.32104e-05 0)
)
;

boundaryField
{
    top
    {
        type            symmetryPlane;
    }
    bottom
    {
        type            symmetryPlane;
    }
    left
    {
        type            symmetryPlane;
    }
    right
    {
        type            symmetryPlane;
    }
    frontAndBack
    {
        type            empty;
    }
}


// ************************************************************************* //
