/*--------------------------------*- C++ -*----------------------------------*\
  =========                 |
  \\      /  F ield         | OpenFOAM: The Open Source CFD Toolbox
   \\    /   O peration     | Website:  https://openfoam.org
    \\  /    A nd           | Version:  9
     \\/     M anipulation  |
\*---------------------------------------------------------------------------*/
FoamFile
{
    format      ascii;
    class       volScalarField;
    location    "0.006";
    object      p;
}
// * * * * * * * * * * * * * * * * * * * * * * * * * * * * * * * * * * * * * //

dimensions      [1 -1 -2 0 0 0 0];

internalField   nonuniform List<scalar> 
10000
(
100000
100000
100000
100000
100000
100000
100000
100000
100000
100000
100000
100000
100000
100000
100000
100000
100000
100000
100000
100000
100000
100000
100000
100000
100000
100000
100000
100000
100000
100000
100000
100000
100000
100000
100000
100000
100000
100000
100000
100000
100000
100000
100000
100000
100000
100000
100000
100000
100000
100000
100000
100000
100000
100000
100000
100000
100000
100000
100000
100000
100000
100000
100000
100000
100000
100000
100000
100000
100000
100000
100000
100000
100000
100000
100000
100000
100000
100000
100000
100000
100000
100000
100000
100000
100000
100000
100000
100000
100000
100000
100000
100000
100000
100000
100000
100000
100000
100000
100000
100000
100000
100000
100000
100000
100000
100000
100000
100000
100000
100000
100000
100000
100000
100000
100000
100000
100000
100000
100000
100000
100000
100000
100000
100000
100000
100000
100000
100000
100000
100000
100000
100000
100000
100000
100000
100000
100000
100000
100000
100000
100000
100000
100000
100000
100000
100000
100000
100000
100000
100000
100000
100000
100000
100000
100000
100000
100000
100000
100000
100000
100000
100000
100000
100000
100000
100000
100000
100000
100000
100000
100000
100000
100000
100000
100000
100000
100000
100000
100000
100000
100000
100000
100000
100000
100000
100000
100000
100000
100000
100000
100000
100000
100000
100000
100000
100000
100000
100000
100000
100000
100000
100000
100000
100000
100000
100000
100000
100000
100000
100000
100000
100000
100000
100000
100000
100000
100000
100000
100000
100000
100000
100000
100000
100000
100000
100000
100000
100000
100000
100000
100000
100000
100000
100000
100000
100000
100000
100000
100000
100000
100000
100000
100000
100000
100000
100000
100000
100000
100000
100000
100000
100000
100000
100000
100000
100000
100000
100000
100000
100000
100000
100000
100000
100000
100000
100000
100000
100000
100000
100000
100000
100000
100000
100000
100000
100000
100000
100000
100000
100000
100000
100000
100000
100000
100000
100000
100000
100000
100000
100000
100000
100000
100000
100000
100000
100000
100000
100000
100000
100000
100000
100000
100000
100000
100000
100000
100000
100000
100000
100000
100000
100000
100000
100000
100000
100000
100000
100000
100000
100000
100000
100000
100000
100000
100000
100000
100000
100000
100000
100000
100000
100000
100000
100000
100000
100000
100000
100000
100000
100000
100000
100000
100000
100000
100000
100000
100000
100000
100000
100000
100000
100000
100000
100000
100000
100000
100000
100000
100000
100000
100000
100000
100000
100000
100000
100000
100000
100000
100000
100000
100000
100000
100000
100000
100000
100000
100000
100000
100000
100000
100000
100000
100000
100000
100000
100000
100000
100000
100000
100000
100000
100000
100000
100000
100000
100000
100000
100000
100000
100000
100000
100000
100000
100000
100000
100000
100000
100000
100000
100000
100000
100000
100000
100000
100000
100000
100000
100000
100000
100000
100000
100000
100000
100000
100000
100000
100000
100000
100000
100000
100000
100000
100000
100000
100000
100000
100000
100000
100000
100000
100000
100000
100000
100000
100000
100000
100000
100000
100000
100000
100000
100000
100000
100000
100000
100000
100000
100000
100000
100000
100000
100000
100000
100000
100000
100000
100000
100000
100000
100000
100000
100000
100000
100000
100000
100000
100000
100000
100000
100000
100000
100000
100000
100000
100000
100000
100000
100000
100000
100000
100000
100000
100000
100000
100000
100000
100000
100000
100000
100000
100000
100000
100000
100000
100000
100000
100000
100000
100000
100000
100000
100000
100000
100000
100000
100000
100000
100000
100000
100000
100000
100000
100000
100000
100000
100000
100000
100000
100000
100000
100000
100000
100000
100000
100000
100000
100000
100000
100000
100000
100000
100000
100000
100000
100000
100000
100000
100000
100000
100000
100000
100000
100000
100000
100000
100000
100000
100000
100000
100000
100000
100000
100000
100000
100000
100000
100000
100000
100000
100000
100000
100000
100000
100000
100000
100000
100000
100000
100000
100000
100000
100000
100000
100000
100000
100000
100000
100000
100000
100000
100000
100000
100000
100000
100000
100000
100000
100000
100000
100000
100000
100000
100000
100000
100000
100000
100000
100000
100000
100000
100000
100000
100000
100000
100000
100000
100000
100000
100000
100000
100000
100000
100000
100000
100000
100000
100000
100000
100000
100000
100000
100000
100000
100000
100000
100000
100000
100000
100000
100000
100000
100000
100000
100000
100000
100000
100000
100000
100000
100000
100000
100000
100000
100000
100000
100000
100000
100000
100000
100000
100000
100000
100000
100000
100000
100000
100000
100000
100000
100000
100000
100000
100000
100000
100000
100000
100000
100000
100000
100000
100000
100000
100000
100000
100000
100000
100000
100000
100000
100000
100000
100000
100000
100000
100000
100000
100000
100000
100000
100000
100000
100000
100000
100000
100000
100000
100000
100000
100000
100000
100000
100000
100000
100000
100000
100000
100000
100000
100000
100000
100000
100000
100000
100000
100000
100000
100000
100000
100000
100000
100000
100000
100000
100000
100000
100000
100000
100000
100000
100000
100000
100000
100000
100000
100000
100000
100000
100000
100000
100000
100000
100000
100000
100000
100000
100000
100000
100000
100000
100000
100000
100000
100000
100000
100000
100000
100000
100000
100000
100000
100000
100000
100000
100000
100000
100000
100000
100000
100000
100000
100000
100000
100000
100000
100000
100000
100000
100000
100000
100000
100000
100000
100000
100000
100000
100000
100000
100000
100000
100000
100000
100000
100000
100000
100000
100000
100000
100000
100000
100000
100000
100000
100000
100000
100000
100000
100000
100000
100000
100000
100000
100000
100000
100000
100000
100000
100000
100000
100000
100000
100000
100000
100000
100000
100000
100000
100000
100000
100000
100000
100000
100000
100000
100000
100000
100000
100000
100000
100000
100000
100000
100000
100000
100000
100000
100000
100000
100000
100000
100000
100000
100000
100000
100000
100000
100000
100000
100000
100000
100000
100000
100000
100000
100000
100000
100000
100000
100000
100000
100000
100000
100000
100000
100000
100000
100000
100000
100000
100000
100000
100000
100000
100000
100000
100000
100000
100000
100000
100000
100000
100000
100000
100000
100000
100000
100000
100000
100000
100000
100000
100000
100000
100000
100000
100000
100000
100000
100000
100000
100000
100000
100000
100000
100000
100000
100000
100000
100000
100000
100000
100000
100000
100000
100000
100000
100000
100000
100000
100000
100000
100000
100000
100000
100000
100000
100000
100000
100000
100000
100000
100000
100000
100000
100000
100000
100000
100000
100000
100000
100000
100000
100000
100000
100000
100000
100000
100000
100000
100000
100000
100000
100000
100000
100000
100000
100000
100000
100000
100000
100000
100000
100000
100000
100000
100000
100000
100000
100000
100000
100000
100000
100000
100000
100000
100000
100000
100000
100000
100000
100000
100000
100000
100000
100000
100000
100000
100000
100000
100000
100000
100000
100000
100000
100000
100000
100000
100000
100000
100000
100000
100000
100000
100000
100000
100000
100000
100000
100000
100000
100000
100000
100000
100000
100000
100000
100000
100000
100000
100000
100000
100000
100000
100000
100000
100000
100000
100000
100000
100000
100000
100000
100000
100000
100000
100000
100000
100000
100000
100000
100000
100000
100000
100000
100000
100000
100000
100000
100000
100000
100000
100000
100000
100000
100000
100000
100000
100000
100000
100000
100000
100000
100000
100000
100000
100000
100000
100000
100000
100000
100000
100000
100000
100000
100000
100000
100000
100000
100000
100000
100000
100000
100000
100000
100000
100000
100000
100000
100000
100000
100000
100000
100000
100000
100000
100000
100000
100000
100000
100000
100000
100000
100000
100000
100000
100000
100000
100000
100000
100000
100000
100000
100000
100000
100000
100000
100000
100000
100000
100000
100000
100000
100000
100000
100000
100000
100000
100000
100000
100000
100000
100000
100000
100000
100000
100000
100000
100000
100000
100000
100000
100000
100000
100000
100000
100000
100000
100000
100000
100000
100000
100000
100000
100000
100000
100000
100000
100000
100000
100000
100000
100000
100000
100000
100000
100000
100000
100000
100000
100000
100000
100000
100000
100000
100000
100000
100000
100000
100000
100000
100000
100000
100000
100000
100000
100000
100000
100000
100000
100000
100000
100000
100000
100000
100000
100000
100000
100000
100000
100000
100000
100000
100000
100000
100000
100000
100000
100000
100000
100000
100000
100000
100000
100000
100000
100000
100000
100000
100000
100000
100000
100000
100000
100000
100000
100000
100000
100000
100000
100000
100000
100000
100000
100000
100000
100000
100000
100000
100000
100000
100000
100000
100000
100000
100000
100000
100000
100000
100000
100000
100000
100000
100000
100000
100000
100000
100000
100000
100000
100000
100000
100000
100000
100000
100000
100000
100000
100000
100000
100000
100000
100000
100000
100000
100000
100000
100000
100000
100000
100000
100000
100000
100000
100000
100000
100000
100000
100000
100000
100000
100000
100000
100000
100000
100000
100000
100000
100000
100000
100000
100000
100000
100000
100000
100000
100000
100000
100000
100000
100000
100000
100000
100000
100000
100000
100000
100000
100000
100000
100000
100000
100000
100000
100000
100000
100000
100000
100000
100000
100000
100000
100000
100000
100000
100000
100000
100000
100000
100000
100000
100000
100000
100000
100000
100000
100000
100000
100000
100000
100000
100000
100000
100000
100000
100000
100000
100000
100000
100000
100000
100000
100000
100000
100000
100000
100000
100000
100000
100000
100000
100000
100000
100000
100000
100000
100000
100000
100000
100000
100000
100000
100000
100000
100000
100000
100000
100000
100000
100000
100000
100000
100000
100000
100000
100000
100000
100000
100000
100000
100000
100000
100000
100000
100000
100000
100000
100000
100000
100000
100000
100000
100000
100000
100000
100000
100000
100000
100000
100000
100000
100000
100000
100000
100000
100000
100000
100000
100000
100000
100000
100000
100000
100000
100000
100000
100000
100000
100000
100000
100000
100000
100000
100000
100000
100000
100000
100000
100000
100000
100000
100000
100000
100000
100000
100000
100000
100000
100000
100000
100000
100000
100000
100000
100000
100000
100000
100000
100000
100000
100000
100000
100000
100000
100000
100000
100000
100000
100000
100000
100000
100000
100000
100000
100000
100000
100000
100000
100000
100000
100000
100000
100000
100000
100000
100000
100000
100000
100000
100000
100000
100000
100000
100000
100000
100000
100000
100000
100000
100000
100000
100000
100000
100000
100000
100000
100000
100000
100000
100000
100000
100000
100000
100000
100000
100000
100000
100000
100000
100000
100000
100000
100000
100000
100000
100000
100000
100000
100000
100000
100000
100000
100000
100000
100000
100000
100000
100000
100000
100000
100000
100000
100000
100000
100000
100000
100000
100000
100000
100000
100000
100000
100000
100000
100000
100000
100000
100000
100000
100000
100000
100000
100000
100000
100000
100000
100000
100000
100000
100000
100000
100000
100000
100000
100000
100000
100000
100000
100000
100000
100000
100000
100000
100000
100000
100000
100000
100000
100000
100000
100000
100000
100000
100000
100000
100000
100000
100000
100000
100000
100000
100000
100000
100000
100000
100000
100000
100000
100000
100000
100000
100000
100000
100000
100000
100000
100000
100000
100000
100000
100000
100000
100000
100000
100000
100000
100000
100000
100000
100000
100000
100000
100000
100000
100000
100000
100000
100000
100000
100000
100000
100000
100000
100000
100000
100000
100000
100000
100000
100000
100000
100000
100000
100000
100000
100000
100000
100000
100000
100000
100000
100000
100000
100000
100000
100000
100000
100000
100000
100000
100000
100000
100000
100000
100000
100000
100000
100000
100000
100000
100000
100000
100000
100000
100000
100000
100000
100000
100000
100000
100000
100000
100000
100000
100000
100000
100000
100000
100000
100000
100000
100000
100000
100000
100000
100000
100000
100000
100000
100000
100000
100000
100000
100000
100000
100000
100000
100000
100000
100000
100000
100000
100000
100000
100000
100000
100000
100000
100000
100000
100000
100000
100000
100000
100000
100000
100000
100000
100000
100000
100000
100000
100000
100000
100000
100000
100000
100000
100000
100000
100000
100000
100000
100000
100000
100000
100000
100000
100000
100000
100000
100000
100000
100000
100000
100000
100000
100000
100000
100000
100000
100000
100000
100000
100000
100000
100000
100000
100000
100000
100000
100000
100000
100000
100000
100000
100000
100000
100000
100000
100000
100000
100000
100000
100000
100000
100000
100000
100000
100000
100000
100000
100000
100000
100000
100000
100000
100000
100000
100000
100000
100000
100000
100000
100000
100000
100000
100000
100000
100000
100000
100000
100000
100000
100000
100000
100000
100000
100000
100000
100000
100000
100000
100000
100000
100000
100000
100000
100000
100000
100000
100000
100000
100000
100000
100000
100000
100000
100000
100000
100000
100000
100000
100000
100000
100000
100000
100000
100000
100000
100000
100000
100000
100000
100000
100000
100000
100000
100000
100000
100000
100000
100000
100000
100000
100000
100000
100000
100000
100000
100000
100000
100000
100000
100000
100000
100000
100000
100000
100000
100000
100000
100000
100000
100000
100000
100000
100000
100000
100000
100000
100000
100000
100000
100000
100000
100000
100000
100000
100000
100000
100000
100000
100000
100000
100000
100000
100000
100000
100000
100000
100000
100000
100000
100000
100000
100000
100000
100000
100000
100000
100000
100000
100000
100000
100000
100000
100000
100000
100000
100000
100000
100000
100000
100000
100000
100000
100000
100000
100000
100000
100000
100000
100000
100000
100000
100000
100000
100000
100000
100000
100000
100000
100000
100000
100000
100000
100000
100000
100000
100000
100000
100000
100000
100000
100000
100000
100000
100000
100000
100000
100000
100000
100000
100000
100000
100000
100000
100000
100000
100000
100000
100000
100000
100000
100000
100000
100000
100000
100000
100000
100000
100000
100000
100000
100000
100000
100000
100000
100000
100000
100000
100000
100000
100000
100000
100000
100000
100000
100000
100000
100000
100000
100000
100000
100000
100000
100000
100000
100000
100000
100000
100000
100000
100000
100000
100000
100000
100000
100000
100000
100000
100000
100000
100000
100000
100000
100000
100000
100000
100000
100000
100000
100000
100000
100000
100000
100000
100000
100000
100000
100000
100000
100000
100000
100000
100000
100000
100000
100000
100000
100000
100000
100000
100000
100000
100000
100000
100000
100000
100000
100000
100000
100000
100000
100000
100000
100000
100000
100000
100000
100000
100000
100000
100000
100000
100000
100000
100000
100000
100000
100000
100000
100000
100000
100000
100000
100000
100000
100000
100000
100000
100000
100000
100000
100000
100000
100000
100000
100000
100000
100000
100000
100000
100000
100000
100000
100000
100000
100000
100000
100000
100000
100000
100000
100000
100000
100000
100000
100000
100000
100000
100000
100000
100000
100000
100000
100000
100000
100000
100000
100000
100000
100000
100000
100000
100000
100000
100000
100000
100000
100000
100000
100000
100000
100000
100000
100000
100000
100000
100000
100000
100000
100000
100000
100000
100000
100000
100000
100000
100000
100000
100000
100000
100000
100000
100000
100000
100000
100000
100000
100000
100000
100000
100000
100000
100000
100000
100000
100000
100000
100000
100000
100000
100000
100000
100000
100000
100000
100000
100000
100000
100000
100000
100000
100000
100000
100000
100000
100000
100000
100000
100000
100000
100000
100000
100000
100000
100000
100000
100000
100000
100000
100000
100000
100000
100000
100000
100000
100000
100000
100000
100000
100000
100000
100000
100000
100000
100000
100000
100000
100000
100000
100000
100000
100000
100000
100000
100000
100000
100000
100000
100000
100000
100000
100000
100000
100000
100000
100000
100000
100000
100000
100000
100000
100000
100000
100000
100000
100000
100000
100000
100000
100000
100000
100000
100000
100000
100000
100000
100000
100000
100000
100000
100000
100000
100000
100000
100000
100000
100000
100000
100000
100000
100000
100000
100000
100000
100000
100000
100000
100000
100000
100000
100000
100000
100000
100000
100000
100000
100000
100000
100000
100000
100000
100000
100000
100000
100000
100000
100000
100000
100000
100000
100000
100000
100000
100000
100000
100000
100000
100000
100000
100000
100000
100000
100000
100000
100000
100000
100000
100000
100000
100000
100000
100000
100000
100000
100000
100000
100000
100000
100000
100000
100000
100000
100000
100000
100000
100000
100000
100000
100000
100000
100000
100000
100000
100000
100000
100000
100000
100000
100000
100000
100000
100000
100000
100000
100000
100000
100000
100000
100000
100000
100000
100000
100000
100000
100000
100000
100000
100000
100000
100000
100000
100000
100000
100000
100000
100000
100000
100000
100000
100000
100000
100000
100000
100000
100000
100000
100000
100000
100000
100000
100000
100000
100000
100000
100000
100000
100000
100000
100000
100000
100000
100000
100000
100000
100000
100000
100000
100000
100000
100000
100000
100000
100000
100000
100000
100000
100000
100000
100000
100000
100000
100000
100000
100000
100000
100000
100000
100000
100000
100000
100000
100000
100000
100000
100000
100000
100000
100000
100000
100000
100000
100000
100000
100000
100000
100000
100000
100000
100000
100000
100000
100000
100000
100000
100000
100000
100000
100000
100000
100000
100000
100000
100000
100000
100000
100000
100000
100000
100000
100000
100000
100000
100000
100000
100000
100000
100000
100000
100000
100000
100000
100000
100000
100000
100000
100000
100000
100000
100000
100000
100000
100000
100000
100000
100000
100000
100000
100000
100000
100000
100000
100000
100000
100000
100000
100000
100000
100000
100000
100000
100000
100000
100000
100000
100000
100000
100000
100000
100000
100000
100000
100000
100000
100000
100000
100000
100000
100000
100000
100000
100000
100000
100000
100000
100000
100000
100000
100000
100000
100000
100000
100000
100000
100000
100000
100000
100000
100000
100000
100000
100000
100000
100000
100000
100000
100000
100000
100000
100000
99999.9
99999.9
99999.9
99999.9
99999.9
99999.9
99999.9
99999.9
99999.8
99999.8
99999.8
99999.8
99999.7
99999.7
99999.7
99999.6
99999.6
99999.5
99999.5
99999.4
99999.3
99999.2
99999.1
99999
99998.9
99998.8
99998.6
99998.5
99998.3
99998.1
99997.9
99997.6
99997.3
99997
99996.7
99996.3
99995.9
99995.5
99995
99994.5
99993.9
99993.3
99992.6
99991.8
99991
99990.1
99989.1
99988.1
99986.9
99985.7
99984.4
99982.9
99981.3
99979.6
99977.8
99975.9
99973.7
99971.5
99969.1
99966.4
99963.7
99960.7
99957.5
99954.1
99950.5
99946.6
99942.6
99938.2
99933.6
99928.7
99923.5
99918.1
99912.3
99906.2
99899.8
99893
99885.9
99878.4
99870.6
99862.4
99853.8
99844.7
99835.3
99825.5
99815.2
99804.5
99793.3
99781.7
99769.7
99757.1
99744.1
99730.7
99716.7
99702.3
99687.3
99671.9
99656
99639.6
99622.6
99605.2
99587.2
99568.8
99549.8
99530.4
99510.4
99489.9
99468.9
99447.4
99425.5
99403
99380
99356.5
99332.6
99308.1
99283.2
99257.8
99231.9
99205.6
99178.8
99151.6
99123.9
99095.8
99067.2
99038.2
99008.8
98978.9
98948.7
98918.1
98887
98855.6
98823.8
98791.6
98759
98726.1
98692.9
98659.2
98625.3
98591
98556.4
98521.5
98486.2
98450.7
98414.8
98378.7
98342.3
98305.6
98268.6
98231.3
98193.8
98156.1
98118.1
98079.8
98041.3
98002.6
97963.7
97924.5
97885.1
97845.6
97805.8
97765.8
97725.6
97685.2
97644.7
97603.9
97563
97522
97480.7
97439.3
97397.8
97356
97314.2
97272.2
97230
97187.7
97145.3
97102.8
97060.1
97017.3
96974.4
96931.3
96888.2
96844.9
96801.5
96758
96714.5
96670.8
96627
96583.1
96539.2
96495.1
96451
96406.7
96362.4
96318
96273.6
96229
96184.4
96139.7
96095
96050.1
96005.3
95960.3
95915.3
95870.2
95825.1
95779.9
95734.6
95689.3
95644
95598.6
95553.1
95507.6
95462.1
95416.5
95370.8
95325.1
95279.4
95233.7
95187.9
95142
95096.1
95050.2
95004.3
94958.3
94912.3
94866.2
94820.2
94774.1
94727.9
94681.8
94635.6
94589.4
94543.1
94496.9
94450.6
94404.3
94358
94311.6
94265.3
94218.9
94172.5
94126
94079.6
94033.1
93986.7
93940.2
93893.7
93847.2
93800.6
93754.1
93707.5
93661
93614.4
93567.8
93521.2
93474.6
93428
93381.4
93334.7
93288.1
93241.4
93194.8
93148.1
93101.5
93054.8
93008.1
92961.4
92914.8
92868.1
92821.4
92774.7
92728
92681.3
92634.6
92587.9
92541.2
92494.5
92447.8
92401.1
92354.4
92307.7
92261
92214.3
92167.6
92120.9
92074.2
92027.5
91980.8
91934.2
91887.5
91840.8
91794.1
91747.5
91700.8
91654.1
91607.5
91560.8
91514.2
91467.6
91420.9
91374.3
91327.7
91281.1
91234.5
91187.9
91141.3
91094.7
91048.1
91001.5
90955
90908.4
90861.9
90815.3
90768.8
90722.3
90675.8
90629.3
90582.8
90536.3
90489.8
90443.4
90396.9
90350.4
90304
90257.6
90211.2
90164.8
90118.4
90072
90025.6
89979.3
89932.9
89886.6
89840.2
89793.9
89747.6
89701.3
89655
89608.8
89562.5
89516.3
89470
89423.8
89377.6
89331.4
89285.2
89239
89192.9
89146.7
89100.6
89054.5
89008.4
88962.3
88916.2
88870.2
88824.1
88778.1
88732
88686
88640
88594
88548.1
88502.1
88456.2
88410.3
88364.3
88318.4
88272.6
88226.7
88180.8
88135
88089.2
88043.4
87997.6
87951.8
87906
87860.3
87814.5
87768.8
87723.1
87677.4
87631.7
87586.1
87540.4
87494.8
87449.2
87403.6
87358
87312.4
87266.9
87221.3
87175.8
87130.3
87084.8
87039.4
86993.9
86948.5
86903
86857.6
86812.2
86766.8
86721.5
86676.1
86630.8
86585.5
86540.2
86494.9
86449.7
86404.4
86359.2
86314
86268.8
86223.6
86178.4
86133.3
86088.2
86043
85997.9
85952.9
85907.8
85862.7
85817.7
85772.7
85727.7
85682.7
85637.8
85592.8
85547.9
85503
85458.1
85413.2
85368.3
85323.5
85278.7
85233.9
85189.1
85144.3
85099.5
85054.8
85010.1
84965.4
84920.7
84876
84831.4
84786.7
84742.1
84697.5
84652.9
84608.4
84563.8
84519.3
84474.8
84430.3
84385.8
84341.3
84296.9
84252.5
84208.1
84163.7
84119.3
84074.9
84030.6
83986.3
83942
83897.7
83853.4
83809.2
83764.9
83720.7
83676.5
83632.4
83588.2
83544.1
83499.9
83455.8
83411.7
83367.7
83323.6
83279.6
83235.6
83191.6
83147.6
83103.6
83059.7
83015.7
82971.8
82927.9
82884.1
82840.2
82796.4
82752.6
82708.8
82665
82621.2
82577.5
82533.7
82490
82446.3
82402.6
82359
82315.4
82271.7
82228.1
82184.5
82141
82097.4
82053.9
82010.4
81966.9
81923.4
81880
81836.5
81793.1
81749.7
81706.3
81663
81619.6
81576.3
81533
81489.7
81446.4
81403.1
81359.9
81316.7
81273.5
81230.3
81187.1
81144
81100.9
81057.7
81014.7
80971.6
80928.5
80885.5
80842.5
80799.5
80756.5
80713.5
80670.6
80627.6
80584.7
80541.8
80499
80456.1
80413.3
80370.5
80327.7
80284.9
80242.1
80199.4
80156.7
80113.9
80071.3
80028.6
79985.9
79943.3
79900.7
79858.1
79815.5
79772.9
79730.4
79687.9
79645.4
79602.9
79560.4
79518
79475.5
79433.1
79390.7
79348.4
79306
79263.7
79221.3
79179
79136.7
79094.5
79052.2
79010
78967.8
78925.6
78883.4
78841.3
78799.1
78757
78714.9
78672.8
78630.8
78588.7
78546.7
78504.7
78462.7
78420.7
78378.8
78336.8
78294.9
78253
78211.1
78169.3
78127.4
78085.6
78043.8
78002
77960.2
77918.5
77876.7
77835
77793.3
77751.6
77710
77668.3
77626.7
77585.1
77543.5
77502
77460.4
77418.9
77377.4
77335.9
77294.4
77252.9
77211.5
77170.1
77128.7
77087.3
77045.9
77004.6
76963.2
76921.9
76880.6
76839.3
76798.1
76756.8
76715.6
76674.4
76633.2
76592.1
76550.9
76509.8
76468.7
76427.6
76386.5
76345.5
76304.4
76263.4
76222.4
76181.4
76140.5
76099.5
76058.6
76017.7
75976.8
75935.9
75895
75854.2
75813.4
75772.6
75731.8
75691
75650.3
75609.6
75568.9
75528.2
75487.5
75446.8
75406.2
75365.6
75325
75284.4
75243.8
75203.3
75162.8
75122.3
75081.8
75041.3
75000.8
74960.4
74920
74879.6
74839.2
74798.8
74758.5
74718.2
74677.9
74637.6
74597.3
74557
74516.8
74476.6
74436.4
74396.2
74356
74315.9
74275.8
74235.7
74195.6
74155.5
74115.4
74075.4
74035.4
73995.4
73955.4
73915.4
73875.5
73835.5
73795.6
73755.7
73715.9
73676
73636.2
73596.4
73556.5
73516.8
73477
73437.2
73397.5
73357.8
73318.1
73278.4
73238.8
73199.1
73159.5
73119.9
73080.3
73040.8
73001.2
72961.7
72922.2
72882.7
72843.2
72803.7
72764.3
72724.8
72685.4
72646.1
72606.7
72567.3
72528
72488.7
72449.4
72410.1
72370.8
72331.6
72292.4
72253.1
72214
72174.8
72135.6
72096.5
72057.4
72018.3
71979.2
71940.1
71901.1
71862
71823
71784
71745
71706.1
71667.1
71628.2
71589.3
71550.4
71511.5
71472.7
71433.9
71395
71356.2
71317.5
71278.7
71239.9
71201.2
71162.5
71123.8
71085.1
71046.5
71007.8
70969.2
70930.6
70892
70853.4
70814.9
70776.4
70737.8
70699.3
70660.9
70622.4
70584
70545.5
70507.1
70468.7
70430.4
70392
70353.7
70315.3
70277
70238.7
70200.5
70162.2
70124
70085.8
70047.6
70009.4
69971.2
69933.1
69894.9
69856.8
69818.7
69780.7
69742.6
69704.6
69666.5
69628.5
69590.6
69552.6
69514.6
69476.7
69438.8
69400.9
69363
69325.1
69287.3
69249.4
69211.6
69173.8
69136.1
69098.3
69060.6
69022.8
68985.1
68947.4
68909.8
68872.1
68834.5
68796.8
68759.2
68721.7
68684.1
68646.5
68609
68571.5
68534
68496.5
68459
68421.6
68384.2
68346.7
68309.4
68272
68234.6
68197.3
68159.9
68122.6
68085.3
68048.1
68010.8
67973.6
67936.4
67899.1
67862
67824.8
67787.6
67750.5
67713.4
67676.3
67639.2
67602.1
67565.1
67528
67491
67454
67417.1
67380.1
67343.1
67306.2
67269.3
67232.4
67195.5
67158.7
67121.8
67085
67048.2
67011.4
66974.6
66937.9
66901.1
66864.4
66827.7
66791
66754.3
66717.7
66681.1
66644.4
66607.8
66571.2
66534.7
66498.1
66461.6
66425.1
66388.6
66352.1
66315.6
66279.2
66242.7
66206.3
66169.9
66133.5
66097.2
66060.8
66024.5
65988.2
65951.9
65915.6
65879.3
65843.1
65806.9
65770.7
65734.5
65698.3
65662.1
65626
65589.8
65553.7
65517.6
65481.6
65445.5
65409.5
65373.4
65337.4
65301.4
65265.5
65229.5
65193.6
65157.6
65121.7
65085.8
65050
65014.1
64978.3
64942.4
64906.6
64870.9
64835.1
64799.3
64763.6
64727.9
64692.2
64656.5
64620.8
64585.1
64549.5
64513.9
64478.3
64442.7
64407.1
64371.6
64336
64300.5
64265
64229.5
64194
64158.6
64123.1
64087.7
64052.3
64016.9
63981.6
63946.2
63910.9
63875.5
63840.2
63804.9
63769.7
63734.4
63699.2
63664
63628.8
63593.6
63558.4
63523.2
63488.1
63453
63417.9
63382.8
63347.7
63312.7
63277.6
63242.6
63207.6
63172.6
63137.6
63102.7
63067.7
63032.8
62997.9
62963
62928.1
62893.3
62858.4
62823.6
62788.8
62754
62719.2
62684.5
62649.7
62615
62580.3
62545.6
62510.9
62476.3
62441.6
62407
62372.4
62337.8
62303.2
62268.6
62234.1
62199.6
62165
62130.6
62096.1
62061.6
62027.2
61992.7
61958.3
61923.9
61889.5
61855.2
61820.8
61786.5
61752.2
61717.9
61683.6
61649.3
61615.1
61580.8
61546.6
61512.4
61478.2
61444
61409.9
61375.7
61341.6
61307.5
61273.4
61239.4
61205.3
61171.3
61137.2
61103.2
61069.2
61035.2
61001.3
60967.3
60933.4
60899.5
60865.6
60831.7
60797.9
60764
60730.2
60696.4
60662.6
60628.8
60595
60561.3
60527.5
60493.8
60460.1
60426.4
60392.8
60359.1
60325.5
60291.8
60258.2
60224.6
60191.1
60157.5
60124
60090.4
60056.9
60023.4
59990
59956.5
59923
59889.6
59856.2
59822.8
59789.4
59756
59722.7
59689.4
59656
59622.7
59589.5
59556.2
59522.9
59489.7
59456.5
59423.3
59390.1
59356.9
59323.7
59290.6
59257.4
59224.3
59191.2
59158.2
59125.1
59092
59059
59026
58993
58960
58927
58894.1
58861.1
58828.2
58795.3
58762.4
58729.5
58696.7
58663.8
58631
58598.2
58565.4
58532.6
58499.8
58467.1
58434.4
58401.6
58368.9
58336.3
58303.6
58270.9
58238.3
58205.7
58173.1
58140.5
58107.9
58075.3
58042.8
58010.2
57977.7
57945.2
57912.7
57880.3
57847.8
57815.4
57783
57750.6
57718.2
57685.8
57653.4
57621.1
57588.8
57556.4
57524.1
57491.9
57459.6
57427.3
57395.1
57362.9
57330.7
57298.5
57266.3
57234.2
57202
57169.9
57137.8
57105.7
57073.6
57041.5
57009.5
56977.5
56945.4
56913.4
56881.5
56849.5
56817.5
56785.6
56753.7
56721.7
56689.8
56658
56626.1
56594.3
56562.4
56530.6
56498.8
56467
56435.2
56403.5
56371.7
56340
56308.3
56276.6
56244.9
56213.3
56181.6
56150
56118.4
56086.7
56055.2
56023.6
55992
55960.5
55929
55897.4
55865.9
55834.5
55803
55771.5
55740.1
55708.7
55677.3
55645.9
55614.5
55583.2
55551.8
55520.5
55489.2
55457.9
55426.6
55395.3
55364.1
55332.8
55301.6
55270.4
55239.2
55208
55176.8
55145.7
55114.6
55083.4
55052.3
55021.2
54990.2
54959.1
54928.1
54897
54866
54835
54804
54773.1
54742.1
54711.2
54680.3
54649.4
54618.5
54587.6
54556.7
54525.9
54495
54464.2
54433.4
54402.6
54371.9
54341.1
54310.4
54279.6
54248.9
54218.2
54187.5
54156.9
54126.2
54095.6
54064.9
54034.3
54003.7
53973.2
53942.6
53912
53881.5
53851
53820.5
53790
53759.5
53729.1
53698.6
53668.2
53637.8
53607.4
53577
53546.6
53516.3
53485.9
53455.6
53425.3
53395
53364.7
53334.4
53304.2
53273.9
53243.7
53213.5
53183.3
53153.1
53123
53092.8
53062.7
53032.5
53002.4
52972.3
52942.3
52912.2
52882.2
52852.1
52822.1
52792.1
52762.1
52732.1
52702.2
52672.2
52642.3
52612.4
52582.5
52552.6
52522.7
52492.9
52463
52433.2
52403.4
52373.6
52343.8
52314
52284.3
52254.5
52224.8
52195.1
52165.4
52135.7
52106.1
52076.4
52046.8
52017.1
51987.5
51957.9
51928.4
51898.8
51869.2
51839.7
51810.2
51780.7
51751.2
51721.7
51692.2
51662.8
51633.3
51603.9
51574.5
51545.1
51515.7
51486.4
51457
51427.7
51398.4
51369.1
51339.8
51310.5
51281.2
51252
51222.7
51193.5
51164.3
51135.1
51105.9
51076.8
51047.6
51018.5
50989.4
50960.3
50931.2
50902.1
50873
50844
50815
50785.9
50756.9
50727.9
50699
50670
50641.1
50612.1
50583.2
50554.3
50525.4
50496.5
50467.7
50438.8
50410
50381.2
50352.3
50323.6
50294.8
50266
50237.3
50208.5
50179.8
50151.1
50122.4
50093.7
50065.1
50036.4
50007.8
49979.2
49950.5
49921.9
49893.4
49864.8
49836.3
49807.7
49779.2
49750.7
49722.2
49693.7
49665.2
49636.8
49608.3
49579.9
49551.5
49523.1
49494.7
49466.4
49438
49409.7
49381.3
49353
49324.7
49296.4
49268.2
49239.9
49211.7
49183.4
49155.2
49127
49098.8
49070.7
49042.5
49014.4
48986.2
48958.1
48930
48901.9
48873.8
48845.8
48817.7
48789.7
48761.7
48733.7
48705.7
48677.7
48649.7
48621.8
48593.8
48565.9
48538
48510.1
48482.2
48454.4
48426.5
48398.7
48370.8
48343
48315.2
48287.4
48259.7
48231.9
48204.2
48176.4
48148.7
48121
48093.3
48065.7
48038
48010.4
47982.7
47955.1
47927.5
47899.9
47872.3
47844.8
47817.2
47789.7
47762.1
47734.6
47707.1
47679.7
47652.2
47624.7
47597.3
47569.9
47542.4
47515
47487.7
47460.3
47432.9
47405.6
47378.2
47350.9
47323.6
47296.3
47269.1
47241.8
47214.5
47187.3
47160.1
47132.9
47105.7
47078.5
47051.3
47024.2
46997
46969.9
46942.8
46915.7
46888.6
46861.5
46834.5
46807.4
46780.4
46753.4
46726.3
46699.4
46672.4
46645.4
46618.5
46591.5
46564.6
46537.7
46510.8
46483.9
46457
46430.2
46403.3
46376.5
46349.7
46322.9
46296.1
46269.3
46242.5
46215.8
46189
46162.3
46135.6
46108.9
46082.2
46055.5
46028.9
46002.2
45975.6
45949
45922.4
45895.8
45869.2
45842.7
45816.1
45789.6
45763.1
45736.5
45710
45683.6
45657.1
45630.6
45604.2
45577.8
45551.3
45524.9
45498.5
45472.2
45445.8
45419.5
45393.1
45366.8
45340.5
45314.2
45287.9
45261.6
45235.4
45209.1
45182.9
45156.7
45130.5
45104.3
45078.1
45051.9
45025.8
44999.6
44973.5
44947.4
44921.3
44895.2
44869.1
44843.1
44817
44791
44765
44739
44713
44687
44661
44635.1
44609.1
44583.2
44557.3
44531.4
44505.5
44479.6
44453.7
44427.9
44402.1
44376.2
44350.4
44324.6
44298.8
44273.1
44247.3
44221.6
44195.8
44170.1
44144.4
44118.7
44093
44067.4
44041.7
44016.1
43990.4
43964.8
43939.2
43913.6
43888
43862.5
43836.9
43811.4
43785.9
43760.4
43734.9
43709.4
43683.9
43658.4
43633
43607.5
43582.1
43556.7
43531.3
43505.9
43480.6
43455.2
43429.9
43404.5
43379.2
43353.9
43328.6
43303.3
43278.1
43252.8
43227.6
43202.4
43177.1
43151.9
43126.7
43101.6
43076.4
43051.3
43026.1
43001
42975.9
42950.8
42925.7
42900.6
42875.6
42850.5
42825.5
42800.5
42775.4
42750.4
42725.5
42700.5
42675.5
42650.6
42625.6
42600.7
42575.8
42550.9
42526
42501.2
42476.3
42451.5
42426.6
42401.8
42377
42352.2
42327.4
42302.7
42277.9
42253.2
42228.4
42203.7
42179
42154.3
42129.7
42105
42080.3
42055.7
42031.1
42006.5
41981.8
41957.3
41932.7
41908.1
41883.6
41859
41834.5
41810
41785.5
41761
41736.5
41712.1
41687.6
41663.2
41638.7
41614.3
41589.9
41565.5
41541.2
41516.8
41492.4
41468.1
41443.8
41419.5
41395.2
41370.9
41346.6
41322.3
41298.1
41273.9
41249.6
41225.4
41201.2
41177
41152.9
41128.7
41104.6
41080.4
41056.3
41032.2
41008.1
40984
40959.9
40935.9
40911.8
40887.8
40863.7
40839.7
40815.7
40791.7
40767.8
40743.8
40719.9
40695.9
40672
40648.1
40624.2
40600.3
40576.4
40552.6
40528.7
40504.9
40481.1
40457.2
40433.4
40409.7
40385.9
40362.1
40338.4
40314.6
40290.9
40267.2
40243.5
40219.8
40196.1
40172.5
40148.8
40125.2
40101.6
40077.9
40054.3
40030.8
40007.2
39983.6
39960.1
39936.5
39913
39889.5
39866
39842.5
39819
39795.5
39772.1
39748.7
39725.2
39701.8
39678.4
39655
39631.6
39608.3
39584.9
39561.6
39538.3
39514.9
39491.6
39468.3
39445.1
39421.8
39398.5
39375.3
39352.1
39328.9
39305.6
39282.5
39259.3
39236.1
39212.9
39189.8
39166.7
39143.6
39120.4
39097.4
39074.3
39051.2
39028.1
39005.1
38982.1
38959
38936
38913
38890.1
38867.1
38844.1
38821.2
38798.2
38775.3
38752.4
38729.5
38706.6
38683.8
38660.9
38638.1
38615.2
38592.4
38569.6
38546.8
38524
38501.2
38478.5
38455.7
38433
38410.2
38387.5
38364.8
38342.1
38319.5
38296.8
38274.2
38251.5
38228.9
38206.3
38183.7
38161.1
38138.5
38115.9
38093.4
38070.8
38048.3
38025.8
38003.3
37980.8
37958.3
37935.9
37913.4
37891
37868.5
37846.1
37823.7
37801.3
37778.9
37756.6
37734.2
37711.9
37689.5
37667.2
37644.9
37622.6
37600.3
37578.1
37555.8
37533.6
37511.3
37489.1
37466.9
37444.7
37422.5
37400.4
37378.2
37356
37333.9
37311.8
37289.7
37267.6
37245.5
37223.4
37201.4
37179.3
37157.3
37135.3
37113.3
37091.3
37069.3
37047.3
37025.3
37003.4
36981.5
36959.5
36937.6
36915.7
36893.8
36872
36850.1
36828.3
36806.4
36784.6
36762.8
36741
36719.2
36697.4
36675.7
36653.9
36632.2
36610.5
36588.8
36567.1
36545.4
36523.7
36502
36480.4
36458.7
36437.1
36415.5
36393.9
36372.3
36350.8
36329.2
36307.7
36286.1
36264.6
36243.1
36221.6
36200.1
36178.6
36157.2
36135.7
36114.3
36092.9
36071.5
36050.1
36028.7
36007.3
35986
35964.6
35943.3
35922
35900.7
35879.4
35858.1
35836.8
35815.6
35794.3
35773.1
35751.9
35730.7
35709.5
35688.3
35667.2
35646
35624.9
35603.8
35582.6
35561.5
35540.5
35519.4
35498.3
35477.3
35456.3
35435.2
35414.2
35393.2
35372.3
35351.3
35330.3
35309.4
35288.5
35267.6
35246.7
35225.8
35204.9
35184
35163.2
35142.4
35121.5
35100.7
35080
35059.2
35038.4
35017.7
34996.9
34976.2
34955.5
34934.8
34914.1
34893.4
34872.8
34852.1
34831.5
34810.9
34790.3
34769.7
34749.2
34728.6
34708.1
34687.5
34667
34646.5
34626
34605.6
34585.1
34564.7
34544.2
34523.8
34503.4
34483
34462.7
34442.3
34422
34401.6
34381.3
34361
34340.8
34320.5
34300.2
34280
34259.8
34239.6
34219.4
34199.2
34179
34158.9
34138.8
34118.6
34098.5
34078.5
34058.4
34038.3
34018.3
33998.3
33978.3
33958.3
33938.3
33918.4
33898.4
33878.5
33858.6
33838.7
33818.8
33798.9
33779.1
33759.3
33739.5
33719.7
33699.9
33680.1
33660.4
33640.7
33621
33601.3
33581.6
33561.9
33542.3
33522.7
33503.1
33483.5
33463.9
33444.4
33424.9
33405.3
33385.9
33366.4
33346.9
33327.5
33308.1
33288.7
33269.3
33249.9
33230.6
33211.3
33192
33172.7
33153.4
33134.2
33115
33095.8
33076.6
33057.4
33038.3
33019.2
33000.1
32981
32961.9
32942.9
32923.9
32904.9
32886
32867
32848.1
32829.2
32810.3
32791.5
32772.7
32753.9
32735.1
32716.3
32697.6
32678.9
32660.2
32641.6
32622.9
32604.3
32585.8
32567.2
32548.7
32530.2
32511.7
32493.3
32474.9
32456.5
32438.1
32419.8
32401.5
32383.2
32365
32346.8
32328.6
32310.4
32292.3
32274.2
32256.2
32238.2
32220.2
32202.2
32184.3
32166.4
32148.6
32130.7
32113
32095.2
32077.5
32059.8
32042.2
32024.6
32007
31989.5
31972
31954.6
31937.2
31919.8
31902.5
31885.2
31868
31850.8
31833.6
31816.5
31799.5
31782.5
31765.5
31748.6
31731.7
31714.9
31698.1
31681.4
31664.8
31648.2
31631.6
31615.1
31598.6
31582.2
31565.9
31549.6
31533.4
31517.2
31501.1
31485.1
31469.1
31453.2
31437.4
31421.6
31405.9
31390.2
31374.6
31359.1
31343.7
31328.3
31313
31297.8
31282.7
31267.6
31252.6
31237.7
31222.9
31208.2
31193.5
31179
31164.5
31150.1
31135.8
31121.6
31107.5
31093.4
31079.5
31065.7
31052
31038.3
31024.8
31011.4
30998.1
30984.9
30971.8
30958.8
30945.9
30933.2
30920.5
30908
30895.6
30883.3
30871.1
30859.1
30847.2
30835.4
30823.7
30812.2
30800.8
30789.6
30778.4
30767.5
30756.6
30745.9
30735.3
30724.9
30714.7
30704.5
30694.6
30684.7
30675
30665.5
30656.2
30646.9
30637.9
30629
30620.2
30611.6
30603.2
30594.9
30586.8
30578.9
30571.1
30563.5
30556
30548.7
30541.6
30534.6
30527.8
30521.1
30514.6
30508.3
30502.1
30496.1
30490.3
30484.6
30479
30473.7
30468.5
30463.4
30458.5
30453.7
30449.1
30444.6
30440.3
30436.2
30432.1
30428.2
30424.5
30420.9
30417.4
30414
30410.8
30407.7
30404.7
30401.9
30399.1
30396.5
30394
30391.6
30389.3
30387.1
30385
30383
30381.1
30379.3
30377.6
30375.9
30374.4
30372.9
30371.5
30370.2
30368.9
30367.7
30366.6
30365.6
30364.6
30363.6
30362.8
30361.9
30361.1
30360.4
30359.7
30359.1
30358.5
30357.9
30357.4
30356.9
30356.4
30356
30355.6
30355.2
30354.9
30354.5
30354.2
30354
30353.7
30353.5
30353.2
30353
30352.8
30352.7
30352.5
30352.4
30352.2
30352.1
30352
30351.9
30351.8
30351.7
30351.6
30351.5
30351.4
30351.4
30351.3
30351.3
30351.2
30351.2
30351.1
30351.1
30351.1
30351
30351
30351
30351
30350.9
30350.9
30350.9
30350.9
30350.9
30350.9
30350.9
30350.8
30350.8
30350.8
30350.8
30350.8
30350.8
30350.8
30350.8
30350.8
30350.8
30350.8
30350.8
30350.8
30350.8
30350.8
30350.8
30350.8
30350.8
30350.8
30350.8
30350.7
30350.7
30350.7
30350.7
30350.7
30350.7
30350.7
30350.7
30350.7
30350.7
30350.7
30350.7
30350.7
30350.7
30350.7
30350.7
30350.7
30350.7
30350.7
30350.7
30350.7
30350.7
30350.7
30350.7
30350.7
30350.7
30350.7
30350.7
30350.7
30350.7
30350.7
30350.7
30350.7
30350.7
30350.7
30350.7
30350.7
30350.7
30350.7
30350.7
30350.7
30350.7
30350.7
30350.6
30350.6
30350.6
30350.6
30350.6
30350.6
30350.6
30350.6
30350.6
30350.6
30350.6
30350.6
30350.6
30350.6
30350.6
30350.6
30350.6
30350.6
30350.6
30350.6
30350.6
30350.6
30350.6
30350.6
30350.6
30350.6
30350.6
30350.6
30350.6
30350.6
30350.6
30350.6
30350.6
30350.6
30350.6
30350.6
30350.6
30350.6
30350.6
30350.6
30350.6
30350.6
30350.6
30350.6
30350.6
30350.6
30350.5
30350.5
30350.5
30350.5
30350.5
30350.5
30350.5
30350.5
30350.5
30350.5
30350.5
30350.5
30350.5
30350.5
30350.5
30350.5
30350.5
30350.5
30350.5
30350.5
30350.5
30350.5
30350.5
30350.5
30350.5
30350.5
30350.5
30350.5
30350.5
30350.5
30350.5
30350.5
30350.5
30350.5
30350.5
30350.5
30350.5
30350.5
30350.5
30350.5
30350.5
30350.5
30350.5
30350.5
30350.5
30350.5
30350.5
30350.5
30350.5
30350.5
30350.5
30350.5
30350.5
30350.5
30350.5
30350.5
30350.5
30350.5
30350.5
30350.5
30350.5
30350.5
30350.5
30350.5
30350.5
30350.5
30350.5
30350.5
30350.5
30350.5
30350.5
30350.5
30350.5
30350.5
30350.4
30350.4
30350.4
30350.4
30350.4
30350.4
30350.4
30350.4
30350.4
30350.4
30350.4
30350.4
30350.4
30350.4
30350.4
30350.4
30350.4
30350.4
30350.4
30350.4
30350.4
30350.4
30350.4
30350.4
30350.4
30350.4
30350.4
30350.4
30350.4
30350.4
30350.4
30350.4
30350.4
30350.4
30350.4
30350.4
30350.4
30350.4
30350.4
30350.4
30350.4
30350.4
30350.4
30350.4
30350.4
30350.4
30350.4
30350.4
30350.4
30350.4
30350.4
30350.4
30350.4
30350.4
30350.4
30350.4
30350.4
30350.4
30350.4
30350.4
30350.4
30350.4
30350.4
30350.4
30350.4
30350.4
30350.4
30350.4
30350.4
30350.4
30350.4
30350.4
30350.4
30350.4
30350.4
30350.4
30350.4
30350.4
30350.4
30350.4
30350.4
30350.4
30350.4
30350.4
30350.4
30350.4
30350.4
30350.4
30350.4
30350.4
30350.4
30350.4
30350.4
30350.4
30350.4
30350.4
30350.4
30350.4
30350.4
30350.4
30350.4
30350.4
30350.4
30350.4
30350.4
30350.4
30350.4
30350.4
30350.4
30350.4
30350.4
30350.4
30350.4
30350.4
30350.4
30350.4
30350.4
30350.4
30350.4
30350.4
30350.4
30350.4
30350.4
30350.4
30350.4
30350.4
30350.4
30350.4
30350.4
30350.4
30350.4
30350.4
30350.4
30350.4
30350.4
30350.4
30350.4
30350.4
30350.4
30350.4
30350.4
30350.4
30350.4
30350.4
30350.4
30350.4
30350.4
30350.4
30350.4
30350.4
30350.4
30350.4
30350.4
30350.4
30350.4
30350.3
30350.3
30350.3
30350.3
30350.3
30350.3
30350.3
30350.3
30350.3
30350.3
30350.3
30350.3
30350.3
30350.3
30350.3
30350.3
30350.3
30350.3
30350.3
30350.3
30350.3
30350.3
30350.3
30350.3
30350.3
30350.3
30350.3
30350.3
30350.3
30350.3
30350.3
30350.3
30350.3
30350.3
30350.3
30350.3
30350.3
30350.3
30350.3
30350.3
30350.3
30350.3
30350.3
30350.3
30350.3
30350.3
30350.3
30350.3
30350.3
30350.3
30350.3
30350.3
30350.3
30350.3
30350.3
30350.3
30350.3
30350.3
30350.3
30350.3
30350.3
30350.3
30350.3
30350.3
30350.3
30350.3
30350.3
30350.3
30350.3
30350.3
30350.3
30350.3
30350.3
30350.3
30350.3
30350.3
30350.3
30350.3
30350.3
30350.3
30350.3
30350.3
30350.3
30350.3
30350.3
30350.3
30350.3
30350.3
30350.3
30350.3
30350.3
30350.3
30350.3
30350.3
30350.3
30350.3
30350.3
30350.3
30350.3
30350.3
30350.3
30350.3
30350.3
30350.3
30350.3
30350.3
30350.3
30350.3
30350.3
30350.3
30350.3
30350.3
30350.3
30350.3
30350.3
30350.3
30350.3
30350.3
30350.3
30350.3
30350.3
30350.3
30350.3
30350.3
30350.3
30350.3
30350.3
30350.3
30350.3
30350.3
30350.3
30350.3
30350.3
30350.3
30350.3
30350.3
30350.3
30350.3
30350.3
30350.3
30350.3
30350.3
30350.3
30350.3
30350.3
30350.3
30350.3
30350.3
30350.3
30350.3
30350.3
30350.3
30350.3
30350.3
30350.3
30350.3
30350.3
30350.3
30350.3
30350.3
30350.3
30350.3
30350.3
30350.3
30350.3
30350.3
30350.3
30350.3
30350.3
30350.3
30350.3
30350.3
30350.3
30350.3
30350.3
30350.3
30350.3
30350.3
30350.3
30350.3
30350.3
30350.3
30350.3
30350.3
30350.3
30350.3
30350.3
30350.3
30350.3
30350.3
30350.3
30350.3
30350.3
30350.3
30350.3
30350.3
30350.3
30350.3
30350.3
30350.3
30350.3
30350.3
30350.3
30350.3
30350.3
30350.3
30350.3
30350.3
30350.3
30350.3
30350.3
30350.3
30350.3
30350.3
30350.3
30350.3
30350.3
30350.3
30350.3
30350.3
30350.3
30350.3
30350.3
30350.3
30350.3
30350.3
30350.3
30350.3
30350.3
30350.3
30350.3
30350.3
30350.3
30350.3
30350.3
30350.3
30350.3
30350.3
30350.3
30350.3
30350.3
30350.3
30350.3
30350.3
30350.3
30350.3
30350.3
30350.3
30350.3
30350.3
30350.3
30350.3
30350.3
30350.3
30350.3
30350.3
30350.3
30350.3
30350.3
30350.3
30350.3
30350.3
30350.3
30350.3
30350.3
30350.3
30350.3
30350.3
30350.3
30350.3
30350.3
30350.3
30350.3
30350.3
30350.3
30350.3
30350.3
30350.3
30350.3
30350.3
30350.3
30350.3
30350.3
30350.3
30350.3
30350.3
30350.3
30350.3
30350.3
30350.3
30350.3
30350.3
30350.3
30350.3
30350.3
30350.3
30350.3
30350.3
30350.3
30350.3
30350.3
30350.3
30350.3
30350.3
30350.3
30350.3
30350.3
30350.3
30350.3
30350.3
30350.3
30350.3
30350.3
30350.3
30350.3
30350.3
30350.3
30350.3
30350.3
30350.3
30350.3
30350.3
30350.3
30350.3
30350.3
30350.3
30350.3
30350.3
30350.3
30350.3
30350.3
30350.3
30350.3
30350.3
30350.3
30350.3
30350.3
30350.3
30350.3
30350.3
30350.3
30350.3
30350.3
30350.3
30350.3
30350.3
30350.3
30350.3
30350.3
30350.3
30350.3
30350.3
30350.3
30350.3
30350.3
30350.3
30350.3
30350.3
30350.3
30350.3
30350.3
30350.3
30350.3
30350.3
30350.3
30350.3
30350.3
30350.3
30350.3
30350.3
30350.3
30350.3
30350.3
30350.3
30350.3
30350.3
30350.3
30350.3
30350.3
30350.3
30350.3
30350.3
30350.3
30350.3
30350.3
30350.3
30350.3
30350.3
30350.3
30350.3
30350.3
30350.3
30350.3
30350.3
30350.3
30350.3
30350.3
30350.3
30350.3
30350.3
30350.3
30350.3
30350.3
30350.3
30350.3
30350.3
30350.3
30350.3
30350.3
30350.3
30350.3
30350.3
30350.3
30350.3
30350.3
30350.3
30350.3
30350.3
30350.3
30350.3
30350.3
30350.3
30350.3
30350.3
30350.3
30350.3
30350.3
30350.3
30350.3
30350.3
30350.3
30350.3
30350.3
30350.3
30350.3
30350.3
30350.3
30350.3
30350.3
30350.3
30350.3
30350.3
30350.3
30350.3
30350.3
30350.3
30350.3
30350.3
30350.3
30350.3
30350.3
30350.3
30350.3
30350.3
30350.3
30350.3
30350.3
30350.3
30350.3
30350.3
30350.3
30350.3
30350.3
30350.3
30350.3
30350.3
30350.3
30350.3
30350.3
30350.3
30350.3
30350.3
30350.3
30350.3
30350.3
30350.3
30350.3
30350.3
30350.3
30350.3
30350.3
30350.3
30350.3
30350.3
30350.3
30350.3
30350.3
30350.3
30350.3
30350.3
30350.3
30350.3
30350.3
30350.3
30350.3
30350.3
30350.3
30350.3
30350.3
30350.3
30350.3
30350.3
30350.3
30350.3
30350.3
30350.3
30350.3
30350.3
30350.3
30350.3
30350.3
30350.3
30350.3
30350.3
30350.3
30350.3
30350.3
30350.3
30350.3
30350.3
30350.3
30350.3
30350.3
30350.3
30350.3
30350.3
30350.3
30350.3
30350.3
30350.3
30350.3
30350.3
30350.3
30350.3
30350.3
30350.3
30350.3
30350.3
30350.3
30350.3
30350.3
30350.3
30350.3
30350.3
30350.3
30350.3
30350.3
30350.3
30350.3
30350.3
30350.3
30350.3
30350.3
30350.3
30350.3
30350.3
30350.3
30350.3
30350.3
30350.3
30350.3
30350.3
30350.3
30350.3
30350.3
30350.3
30350.3
30350.3
30350.3
30350.3
30350.3
30350.3
30350.3
30350.3
30350.3
30350.3
30350.3
30350.3
30350.3
30350.3
30350.3
30350.3
30350.3
30350.3
30350.3
30350.3
30350.3
30350.3
30350.3
30350.3
30350.3
30350.3
30350.3
30350.3
30350.3
30350.3
30350.3
30350.3
30350.3
30350.3
30350.3
30350.3
30350.3
30350.3
30350.3
30350.3
30350.3
30350.3
30350.3
30350.3
30350.3
30350.3
30350.3
30350.3
30350.3
30350.3
30350.3
30350.3
30350.3
30350.3
30350.3
30350.3
30350.3
30350.3
30350.3
30350.3
30350.3
30350.3
30350.3
30350.3
30350.3
30350.3
30350.3
30350.3
30350.2
30350.2
30350.2
30350.2
30350.2
30350.2
30350.2
30350.2
30350.2
30350.2
30350.2
30350.2
30350.2
30350.2
30350.2
30350.2
30350.2
30350.2
30350.2
30350.2
30350.2
30350.2
30350.2
30350.2
30350.2
30350.2
30350.2
30350.2
30350.2
30350.2
30350.2
30350.2
30350.2
30350.2
30350.2
30350.2
30350.2
30350.2
30350.2
30350.2
30350.2
30350.2
30350.2
30350.2
30350.2
30350.2
30350.2
30350.2
30350.2
30350.2
30350.2
30350.2
30350.2
30350.2
30350.2
30350.2
30350.2
30350.2
30350.2
30350.2
30350.2
30350.2
30350.2
30350.2
30350.2
30350.2
30350.2
30350.2
30350.2
30350.2
30350.2
30350.2
30350.2
30350.2
30350.2
30350.2
30350.2
30350.2
30350.2
30350.2
30350.2
30350.2
30350.2
30350.2
30350.2
30350.2
30350.2
30350.2
30350.2
30350.2
30350.2
30350.2
30350.2
30350.2
30350.2
30350.2
30350.2
30350.2
30350.2
30350.2
30350.2
30350.2
30350.2
30350.2
30350.2
30350.2
30350.2
30350.2
30350.2
30350.2
30350.2
30350.2
30350.2
30350.2
30350.2
30350.2
30350.2
30350.2
30350.2
30350.2
30350.2
30350.2
30350.2
30350.2
30350.2
30350.2
30350.2
30350.2
30350.2
30350.2
30350.2
30350.2
30350.2
30350.2
30350.2
30350.2
30350.2
30350.2
30350.2
30350.2
30350.2
30350.2
30350.2
30350.2
30350.2
30350.2
30350.2
30350.2
30350.2
30350.2
30350.2
30350.2
30350.2
30350.2
30350.2
30350.2
30350.2
30350.2
30350.2
30350.2
30350.2
30350.2
30350.2
30350.2
30350.2
30350.2
30350.2
30350.2
30350.2
30350.2
30350.2
30350.2
30350.2
30350.2
30350.2
30350.2
30350.2
30350.2
30350.2
30350.2
30350.2
30350.2
30350.2
30350.2
30350.2
30350.2
30350.2
30350.2
30350.2
30350.2
30350.2
30350.2
30350.2
30350.2
30350.2
30350.2
30350.2
30350.2
30350.2
30350.2
30350.2
30350.2
30350.2
30350.2
30350.2
30350.2
30350.2
30350.2
30350.2
30350.2
30350.2
30350.2
30350.2
30350.2
30350.2
30350.2
30350.2
30350.2
30350.2
30350.2
30350.2
30350.2
30350.2
30350.2
30350.2
30350.2
30350.2
30350.2
30350.2
30350.2
30350.2
30350.2
30350.2
30350.2
30350.2
30350.2
30350.2
30350.2
30350.2
30350.2
30350.2
30350.2
30350.2
30350.2
30350.2
30350.2
30350.2
30350.2
30350.2
30350.2
30350.2
30350.2
30350.2
30350.2
30350.2
30350.2
30350.2
30350.2
30350.2
30350.2
30350.2
30350.2
30350.2
30350.2
30350.2
30350.2
30350.2
30350.2
30350.2
30350.2
30350.2
30350.2
30350.2
30350.2
30350.2
30350.2
30350.2
30350.2
30350.2
30350.2
30350.2
30350.2
30350.2
30350.2
30350.2
30350.2
30350.2
30350.2
30350.2
30350.2
30350.2
30350.2
30350.2
30350.2
30350.2
30350.2
30350.2
30350.2
30350.2
30350.2
30350.2
30350.2
30350.2
30350.2
30350.2
30350.2
30350.2
30350.2
30350.2
30350.2
30350.2
30350.2
30350.2
30350.2
30350.2
30350.2
30350.2
30350.2
30350.2
30350.2
30350.2
30350.2
30350.2
30350.2
30350.2
30350.2
30350.2
30350.2
30350.2
30350.2
30350.2
30350.2
30350.2
30350.2
30350.2
30350.2
30350.2
30350.2
30350.2
30350.2
30350.2
30350.2
30350.2
30350.2
30350.2
30350.2
30350.2
30350.2
30350.2
30350.2
30350.2
30350.2
30350.2
30350.2
30350.2
30350.2
30350.2
30350.2
30350.2
30350.2
30350.2
30350.2
30350.2
30350.2
30350.2
30350.2
30350.2
30350.2
30350.2
30350.2
30350.2
30350.2
30350.2
30350.2
30350.2
30350.2
30350.2
30350.2
30350.2
30350.2
30350.2
30350.2
30350.2
30350.2
30350.2
30350.2
30350.2
30350.2
30350.2
30350.2
30350.2
30350.2
30350.2
30350.2
30350.2
30350.2
30350.2
30350.2
30350.2
30350.2
30350.2
30350.2
30350.2
30350.2
30350.2
30350.2
30350.2
30350.2
30350.2
30350.2
30350.2
30350.2
30350.2
30350.2
30350.2
30350.2
30350.2
30350.2
30350.2
30350.2
30350.2
30350.2
30350.2
30350.2
30350.2
30350.2
30350.2
30350.2
30350.2
30350.2
30350.2
30350.2
30350.2
30350.2
30350.2
30350.2
30350.2
30350.2
30350.2
30350.2
30350.2
30350.2
30350.2
30350.2
30350.2
30350.2
30350.2
30350.2
30350.2
30350.2
30350.2
30350.2
30350.2
30350.2
30350.2
30350.2
30350.2
30350.2
30350.2
30350.2
30350.2
30350.2
30350.2
30350.2
30350.2
30350.2
30350.2
30350.2
30350.2
30350.2
30350.2
30350.2
30350.2
30350.2
30350.2
30350.2
30350.2
30350.2
30350.2
30350.2
30350.2
30350.2
30350.2
30350.2
30350.2
30350.2
30350.2
30350.2
30350.2
30350.2
30350.2
30350.2
30350.2
30350.2
30350.2
30350.2
30350.2
30350.2
30350.2
30350.2
30350.2
30350.2
30350.2
30350.2
30350.2
30350.2
30350.2
30350.2
30350.2
30350.2
30350.2
30350.2
30350.2
30350.2
30350.2
30350.2
30350.2
30350.2
30350.2
30350.2
30350.2
30350.2
30350.2
30350.2
30350.2
30350.2
30350.2
30350.2
30350.2
30350.2
30350.2
30350.2
30350.2
30350.2
30350.2
30350.2
30350.2
30350.2
30350.2
30350.2
30350.2
30350.2
30350.2
30350.2
30350.2
30350.2
30350.2
30350.2
30350.2
30350.2
30350.2
30350.2
30350.2
30350.2
30350.2
30350.2
30350.2
30350.2
30350.2
30350.2
30350.2
30350.2
30350.2
30350.2
30350.2
30350.2
30350.2
30350.2
30350.2
30350.2
30350.2
30350.2
30350.2
30350.2
30350.2
30350.2
30350.2
30350.2
30350.2
30350.2
30350.2
30350.2
30350.2
30350.2
30350.2
30350.2
30350.2
30350.2
30350.2
30350.2
30350.2
30350.2
30350.2
30350.2
30350.2
30350.2
30350.2
30350.2
30350.2
30350.2
30350.2
30350.2
30350.2
30350.2
30350.2
30350.2
30350.2
30350.2
30350.2
30350.2
30350.2
30350.2
30350.2
30350.2
30350.2
30350.2
30350.2
30350.2
30350.2
30350.2
30350.2
30350.2
30350.2
30350.2
30350.2
30350.2
30350.2
30350.2
30350.2
30350.2
30350.2
30350.2
30350.2
30350.2
30350.2
30350.2
30350.2
30350.2
30350.2
30350.2
30350.2
30350.2
30350.2
30350.2
30350.2
30350.2
30350.2
30350.2
30350.2
30350.2
30350.2
30350.2
30350.2
30350.2
30350.2
30350.2
30350.2
30350.2
30350.2
30350.2
30350.2
30350.2
30350.2
30350.2
30350.2
30350.2
30350.2
30350.2
30350.2
30350.2
30350.2
30350.2
30350.2
30350.2
30350.2
30350.2
30350.2
30350.2
30350.2
30350.2
30350.2
30350.2
30350.2
30350.2
30350.2
30350.2
30350.2
30350.2
30350.2
30350.2
30350.2
30350.2
30350.2
30350.2
30350.2
30350.2
30350.2
30350.2
30350.2
30350.2
30350.2
30350.2
30350.2
30350.2
30350.2
30350.2
30350.2
30350.2
30350.2
30350.2
30350.2
30350.2
30350.2
30350.2
30350.2
30350.2
30350.2
30350.2
30350.2
30350.2
30350.2
30350.2
30350.2
30350.2
30350.2
30350.2
30350.2
30350.2
30350.2
30350.2
30350.2
30350.2
30350.2
30350.2
30350.2
30350.2
30350.2
30350.2
30350.2
30350.2
30350.2
30350.2
30350.2
30350.2
30350.2
30350.2
30350.2
30350.2
30350.2
30350.2
30350.2
30350.2
30350.2
30350.2
30350.2
30350.2
30350.2
30350.1
30350.1
30350.1
30350.1
30350.1
30350.1
30350.1
30350.1
30350.1
30350.1
30350.1
30350.1
30350.1
30350.1
30350.1
30350.1
30350.1
30350.1
30350.1
30350.1
30350.1
30350.1
30350.1
30350.1
30350.1
30350.1
30350.2
30350.2
30350.2
30350.2
30350.2
30350.2
30350.2
30350.2
30350.2
30350.2
30350.2
30350.2
30350.2
30350.2
30350.2
30350.2
30350.2
30350.2
30350.2
30350.2
30350.2
30350.2
30350.2
30350.2
30350.2
30350.2
30350.2
30350.2
30350.2
30350.2
30350.2
30350.2
30350.2
30350.2
30350.2
30350.2
30350.2
30350.2
30350.2
30350.2
30350.2
30350.2
30350.2
30350.2
30350.2
30350.2
30350.2
30350.2
30350.2
30350.2
30350.2
30350.2
30350.2
30350.2
30350.2
30350.2
30350.2
30350.2
30350.2
30350.2
30350.2
30350.2
30350.2
30350.2
30350.2
30350.2
30350.2
30350.2
30350.2
30350.2
30350.2
30350.2
30350.2
30350.2
30350.2
30350.2
30350.2
30350.2
30350.2
30350.2
30350.2
30350.2
30350.2
30350.2
30350.2
30350.2
30350.2
30350.2
30350.2
30350.2
30350.2
30350.2
30350.2
30350.2
30350.2
30350.2
30350.2
30350.2
30350.2
30350.2
30350.2
30350.2
30350.2
30350.2
30350.2
30350.2
30350.2
30350.2
30350.2
30350.2
30350.2
30350.2
30350.2
30350.2
30350.2
30350.2
30350.2
30350.2
30350.2
30350.2
30350.2
30350.2
30350.2
30350.2
30350.2
30350.2
30350.2
30350.2
30350.2
30350.2
30350.2
30350.2
30350.2
30350.2
30350.2
30350.2
30350.2
30350.2
30350.2
30350.2
30350.2
30350.2
30350.2
30350.2
30350.2
30350.2
30350.2
30350.2
30350.2
30350.2
30350.2
30350.2
30350.2
30350.2
30350.2
30350.2
30350.2
30350.2
30350.2
30350.2
30350.2
30350.2
30350.2
30350.2
30350.2
30350.2
30350.2
30350.2
30350.2
30350.2
30350.2
30350.2
30350.2
30350.2
30350.2
30350.2
30350.2
30350.2
30350.2
30350.2
30350.2
30350.2
30350.2
30350.2
30350.2
30350.2
30350.2
30350.2
30350.2
30350.2
30350.2
30350.2
30350.2
30350.2
30350.2
30350.2
30350.2
30350.2
30350.2
30350.2
30350.2
30350.2
30350.2
30350.2
30350.2
30350.2
30350.2
30350.2
30350.2
30350.2
30350.2
30350.2
30350.2
30350.2
30350.2
30350.2
30350.2
30350.2
30350.2
30350.2
30350.2
30350.2
30350.2
30350.2
30350.2
30350.2
30350.2
30350.2
30350.2
30350.2
30350.2
30350.2
30350.2
30350.2
30350.2
30350.2
30350.2
30350.2
30350.2
30350.2
30350.2
30350.2
30350.2
30350.2
30350.2
30350.2
30350.2
30350.2
30350.2
30350.2
30350.2
30350.2
30350.2
30350.2
30350.2
30350.2
30350.2
30350.2
30350.2
30350.2
30350.2
30350.2
30350.2
30350.2
30350.2
30350.2
30350.2
30350.2
30350.2
30350.2
30350.2
30350.2
30350.2
30350.2
30350.2
30350.2
30350.2
30350.2
30350.2
30350.2
30350.2
30350.2
30350.2
30350.2
30350.2
30350.2
30350.2
30350.2
30350.2
30350.2
30350.2
30350.2
30350.2
30350.2
30350.2
30350.2
30350.2
30350.2
30350.2
30350.2
30350.2
30350.2
30350.2
30350.2
30350.2
30350.2
30350.2
30350.2
30350.2
30350.2
30350.2
30350.2
30350.2
30350.2
30350.2
30350.2
30350.2
30350.2
30350.2
30350.2
30350.2
30350.2
30350.2
30350.2
30350.2
30350.2
30350.2
30350.2
30350.2
30350.2
30350.2
30350.2
30350.2
30350.2
30350.2
30350.2
30350.2
30350.2
30350.2
30350.2
30350.2
30350.2
30350.2
30350.2
30350.2
30350.2
30350.2
30350.2
30350.2
30350.2
30350.2
30350.2
30350.2
30350.2
30350.2
30350.2
30350.2
30350.2
30350.2
30350.2
30350.2
30350.2
30350.2
30350.2
30350.2
30350.2
30350.2
30350.2
30350.2
30350.2
30350.2
30350.2
30350.2
30350.2
30350.2
30350.2
30350.2
30350.2
30350.2
30350.2
30350.2
30350.2
30350.2
30350.2
30350.2
30350.2
30350.2
30350.2
30350.2
30350.2
30350.2
30350.2
30350.2
30350.2
30350.2
30350.2
30350.2
30350.2
30350.2
30350.2
30350.2
30350.2
30350.2
30350.2
30350.2
30350.2
30350.2
30350.2
30350.2
30350.2
30350.2
30350.2
30350.2
30350.2
30350.2
30350.2
30350.2
30350.2
30350.2
30350.2
30350.2
30350.2
30350.2
30350.2
30350.2
30350.2
30350.2
30350.2
30350.2
30350.2
30350.2
30350.2
30350.2
30350.2
30350.2
30350.2
30350.2
30350.2
30350.2
30350.2
30350.2
30350.2
30350.2
30350.2
30350.2
30350.2
30350.2
30350.2
30350.2
30350.2
30350.2
30350.2
30350.2
30350.2
30350.2
30350.2
30350.2
30350.2
30350.2
30350.2
30350.2
30350.2
30350.2
30350.2
30350.2
30350.2
30350.2
30350.2
30350.2
30350.2
30350.2
30350.2
30350.2
30350.2
30350.2
30350.2
30350.2
30350.2
30350.2
30350.2
30350.2
30350.2
30350.2
30350.2
30350.2
30350.2
30350.2
30350.2
30350.2
30350.2
30350.2
30350.2
30350.2
30350.2
30350.2
30350.2
30350.2
30350.2
30350.2
30350.2
30350.2
30350.2
30350.2
30350.2
30350.2
30350.2
30350.2
30350.2
30350.2
30350.2
30350.2
30350.2
30350.2
30350.2
30350.2
30350.2
30350.2
30350.2
30350.2
30350.2
30350.2
30350.2
30350.2
30350.2
30350.2
30350.2
30350.2
30350.2
30350.2
30350.2
30350.2
30350.2
30350.2
30350.2
30350.2
30350.2
30350.2
30350.2
30350.2
30350.2
30350.2
30350.2
30350.2
30350.2
30350.2
30350.2
30350.2
30350.2
30350.2
30350.2
30350.2
30350.2
30350.2
30350.2
30350.2
30350.2
30350.2
30350.2
30350.2
30350.2
30350.2
30350.2
30350.2
30350.2
30350.2
30350.2
30350.2
30350.2
30350.2
30350.2
30350.2
30350.2
30350.2
30350.2
30350.2
30350.2
30350.2
30350.2
30350.2
30350.2
30350.2
30350.2
30350.2
30350.2
30350.2
30350.2
30350.2
30350.2
30350.2
30350.2
30350.2
30350.2
30350.2
30350.2
30350.2
30350.2
30350.2
30350.2
30350.2
30350.2
30350.2
30350.2
30350.2
30350.2
30350.2
30350.2
30350.2
30350.2
30350.2
30350.2
30350.2
30350.2
30350.2
30350.2
30350.2
30350.2
30350.2
30350.2
30350.2
30350.2
30350.2
30350.2
30350.2
30350.2
30350.2
30350.2
30350.2
30350.2
30350.2
30350.2
30350.2
30350.2
30350.2
30350.2
30350.2
30350.2
30350.2
30350.2
30350.2
30350.2
30350.2
30350.2
30350.2
30350.2
30350.2
30350.2
30350.2
30350.2
30350.2
30350.2
30350.2
30350.2
30350.2
30350.2
30350.2
30350.2
30350.2
30350.2
30350.2
30350.2
30350.2
30350.2
30350.2
30350.2
30350.2
30350.2
30350.2
30350.2
30350.2
30350.2
30350.2
30350.2
30350.2
30350.2
30350.2
30350.2
30350.2
30350.2
30350.2
30350.2
30350.2
30350.2
30350.2
30350.2
30350.2
30350.2
30350.2
30350.2
30350.2
30350.2
30350.2
30350.2
30350.2
30350.2
30350.2
30350.2
30350.2
30350.2
30350.2
30350.2
30350.2
30350.2
30350.2
30350.2
30350.2
30350.2
30350.2
30350.2
30350.2
30350.2
30350.2
30350.2
30350.2
30350.2
30350.2
30350.2
30350.2
30350.2
30350.2
30350.2
30350.2
30350.2
30350.2
30350.2
30350.2
30350.2
30350.2
30350.2
30350.2
30350.2
30350.2
30350.2
30350.2
30350.2
30350.2
30350.2
30350.2
30350.2
30350.2
30350.2
30350.2
30350.2
30350.2
30350.2
30350.2
30350.2
30350.2
30350.2
30350.2
30350.2
30350.2
30350.2
30350.2
30350.2
30350.2
30350.2
30350.2
30350.2
30350.2
30350.2
30350.2
30350.2
30350.2
30350.2
30350.2
30350.2
30350.2
30350.2
30350.2
30350.2
30350.2
30350.2
30350.2
30350.2
30350.2
30350.2
30350.2
30350.2
30350.2
30350.2
30350.2
30350.2
30350.2
30350.2
30350.2
30350.2
30350.2
30350.2
30350.2
30350.2
30350.2
30350.2
30350.2
30350.2
30350.2
30350.2
30350.2
30350.2
30350.2
30350.2
30350.2
30350.2
30350.2
30350.2
30350.2
30350.2
30350.2
30350.2
30350.2
30350.2
30350.2
30350.2
30350.2
30350.2
30350.2
30350.2
30350.2
30350.2
30350.2
30350.2
30350.2
30350.2
30350.2
30350.2
30350.2
30350.2
30350.2
30350.2
30350.2
30350.2
30350.2
30350.2
30350.2
30350.2
30350.2
30350.2
30350.2
30350.2
30350.2
30350.2
30350.2
30350.2
30350.2
30350.2
30350.2
30350.2
30350.2
30350.2
30350.2
30350.2
30350.2
30350.2
30350.2
30350.2
30350.2
30350.2
30350.2
30350.2
30350.2
30350.2
30350.2
30350.2
30350.2
30350.2
30350.2
30350.2
30350.2
30350.2
30350.2
30350.2
30350.2
30350.2
30350.2
30350.2
30350.2
30350.2
30350.2
30350.2
30350.2
30350.2
30350.2
30350.2
30350.2
30350.2
30350.2
30350.2
30350.2
30350.2
30350.2
30350.2
30350.2
30350.2
30350.2
30350.2
30350.2
30350.2
30350.2
30350.2
30350.2
30350.2
30350.2
30350.2
30350.2
30350.2
30350.2
30350.2
30350.2
30350.2
30350.2
30350.2
30350.2
30350.2
30350.2
30350.2
30350.2
30350.2
30350.2
30350.2
30350.2
30350.2
30350.2
30350.2
30350.2
30350.2
30350.2
30350.2
30350.2
30350.2
30350.2
30350.2
30350.2
30350.2
30350.2
30350.2
30350.2
30350.2
30350.2
30350.2
30350.2
30350.2
30350.2
30350.2
30350.2
30350.2
30350.2
30350.2
30350.2
30350.2
30350.2
30350.2
30350.2
30350.2
30350.2
30350.2
30350.2
30350.2
30350.2
30350.1
30350.1
30350.1
30350.1
30350.1
30350.1
30350.1
30350.1
30350.1
30350.1
30350.1
30350.1
30350.1
30350.1
30350.1
30350.1
30350.1
30350.1
30350.1
30350.1
30350.1
30350.1
30350.1
30350.1
30350.1
30350.1
30350.1
30350.1
30350.1
30350.1
30350.1
30350.1
30350.1
30350.1
30350.1
30350.1
30350.1
30350.1
30350.1
30350.1
30350.1
30350.1
30350.1
30350.1
30350.1
30350.1
30350.1
30350.1
30350.1
30350.1
30350.1
30350.1
30350.1
30350.1
30350.1
30350.1
30350.1
30350.1
30350.1
30350.1
30350.1
30350.1
30350.1
30350.1
30350.1
30350.1
30350.1
30350.1
30350.1
30350.1
30350.1
30350.1
30350.1
30350.1
30350.1
30350.1
30350.1
30350.1
30350.1
30350.1
30350.1
30350.1
30350.1
30350.1
30350.1
30350.1
30350.1
30350.1
30350.1
30350.1
30350.1
30350.1
30350.1
30350.1
30350.1
30350.1
30350.1
30350.1
30350.1
30350.1
30350.1
30350.1
30350.1
30350.1
30350.1
30350.1
30350.1
30350.1
30350.1
30350.1
30350.1
30350.1
30350.1
30350.1
30350.1
30350.1
30350.1
30350.1
30350.1
30350.1
30350.1
30350.1
30350.1
30350.1
30350.1
30350.1
30350.1
30350.1
30350.1
30350.1
30350.1
30350.1
30350.1
30350.1
30350.1
30350.1
30350.1
30350.1
30350.1
30350.1
30350.1
30350.1
30350.1
30350.1
30350.1
30350.1
30350.1
30350.1
30350.1
30350.1
30350.1
30350.1
30350.1
30350.1
30350.1
30350.1
30350.1
30350.1
30350.1
30350.1
30350.1
30350.1
30350.1
30350.1
30350.1
30350.1
30350.1
30350.1
30350.1
30350.1
30350.1
30350.1
30350.1
30350.1
30350.1
30350.1
30350.1
30350.1
30350.1
30350.1
30350.1
30350.1
30350.1
30350.1
30350.1
30350.1
30350.1
30350.1
30350.1
30350.1
30350.1
30350.1
30350.1
30350.1
30350.1
30350.1
30350.1
30350.1
30350.1
30350.1
30350.1
30350.1
30350.1
30350.1
30350.1
30350.1
30350.1
30350.1
30350.1
30350.1
30350.1
30350.1
30350.1
30350.1
30350.1
30350.1
30350.1
30350.1
30350.1
30350.1
30350.1
30350.1
30350.1
30350.1
30350.1
30350.1
30350.1
30350.1
30350.1
30350.1
30350.1
30350.1
30350.1
30350.1
30350.1
30350.1
30350.1
30350.1
30350.1
30350.1
30350.1
30350.1
30350.1
30350.1
30350.1
30350.1
30350.1
30350.1
30350.1
30350.1
30350.1
30350.1
30350.1
30350.1
30350.1
30350.1
30350.1
30350.1
30350.1
30350.1
30350.1
30350.1
30350.1
30350.1
30350.1
30350.1
30350.1
30350.1
30350.1
30350.1
30350.1
30350.1
30350.1
30350.1
30350.1
30350.1
30350.1
30350.1
30350.1
30350.1
30350.1
30350.1
30350.1
30350.1
30350.1
30350.1
30350.1
30350.1
30350.1
30350.1
30350.1
30350.1
30350.1
30350.1
30350.1
30350.1
30350.1
30350.1
30350.1
30350.1
30350.1
30350.1
30350.1
30350.1
30350.1
30350.1
30350.1
30350.1
30350.1
30350.1
30350.1
30350.1
30350.1
30350.1
30350.1
30350.1
30350.1
30350.1
30350.1
30350.1
30350.1
30350.1
30350.1
30350.1
30350.1
30350.1
30350.1
30350.1
30350.1
30350.1
30350.1
30350.1
30350.1
30350.1
30350.1
30350.1
30350.1
30350.1
30350.1
30350.1
30350.1
30350.1
30350.1
30350.1
30350.1
30350.1
30350.1
30350.1
30350.1
30350.1
30350.1
30350.1
30350.1
30350.1
30350.1
30350.1
30350.1
30350.1
30350.1
30350.1
30350.1
30350.1
30350.1
30350.1
30350.1
30350.1
30350.1
30350.1
30350.1
30350.1
30350.1
30350.1
30350.1
30350.1
30350.1
30350.1
30350.1
30350.1
30350.1
30350.1
30350.1
30350.1
30350.1
30350.1
30350.1
30350.1
30350.1
30350.1
30350.1
30350.1
30350.1
30350.1
30350.1
30350.1
30350.1
30350.1
30350.1
30350.1
30350.1
30350.1
30350.1
30350.1
30350.1
30350.1
30350.1
30350.1
30350.1
30350.1
30350.1
30350.1
30350.1
30350.1
30350.1
30350.1
30350.1
30350.1
30350.1
30350.1
30350.1
30350.1
30350.1
30350.1
30350.1
30350.1
30350.1
30350.1
30350.1
30350.1
30350.1
30350.1
30350.1
30350.1
30350.1
30350.1
30350.1
30350.1
30350.1
30350.1
30350.1
30350.1
30350.1
30350.1
30350.1
30350.1
30350.1
30350.1
30350.1
30350.1
30350.1
30350.1
30350.1
30350.1
30350.1
30350.1
30350.1
30350.1
30350.1
30350.1
30350.1
30350.1
30350.1
30350.1
30350.1
30350.1
30350.1
30350.1
30350.1
30350.1
30350.1
30350.1
30350
30350
30350
30350
30350
30350
30350
30350
30350
30350.1
30350.1
30350.1
30350.1
30350.1
30350.1
30350.1
30350.1
30350.1
30350.1
30350.1
30350.1
30350.1
30350
30350
30350
30350
30350
30350
30350
30350.1
30350.1
30350.1
30350.1
30350.1
30350.1
30350.1
30350.1
30350.1
30350.1
30350.1
30350.1
30350.1
30350
30350
30350
30350
30350
30350
30350
30350
30350
30350
30350.1
30350.1
30350.1
30350.1
30350.2
30350.2
30350.2
30350.1
30350.1
30350.1
30350.1
30350
30350
30350
30349.9
30349.9
30349.9
30350
30350
30350
30350
30350.1
30350.1
30350.1
30350.2
30350.2
30350.2
30350.2
30350.1
30350.1
30350.1
30350.1
30350
30350
30350
30350
30350
30350
30350
30350
30350
30350
30350
30350.1
30350.1
30350.2
30350.2
30350.2
30350.2
30350.2
30350.2
30350.2
30350.1
30350.1
30350
30349.9
30349.8
30349.7
30349.7
30349.7
30349.7
30349.7
30349.6
30349.3
30348.7
30347.4
30344.8
30339.5
30329.2
30308.8
30263.8
30172.1
29970.2
29507.1
28447.8
26140.6
21817.9
16910.6
13119.1
11091.1
10314.7
10082
10020.6
10005.1
10001.3
10000.3
10000.1
10000
10000
10000
10000
10000
10000
10000
10000
10000
10000
10000
10000
10000
10000
10000
10000
10000
10000
10000
10000
10000
10000
10000
10000
10000
10000
10000
10000
10000
10000
10000
10000
10000
10000
10000
10000
10000
10000
10000
10000
10000
10000
10000
10000
10000
10000
10000
10000
10000
10000
10000
10000
10000
10000
10000
10000
10000
10000
10000
10000
10000
10000
10000
10000
10000
10000
10000
10000
10000
10000
10000
10000
10000
10000
10000
10000
10000
10000
10000
10000
10000
10000
10000
10000
10000
10000
10000
10000
10000
10000
10000
10000
10000
10000
10000
10000
10000
10000
10000
10000
10000
10000
10000
10000
10000
10000
10000
10000
10000
10000
10000
10000
10000
10000
10000
10000
10000
10000
10000
10000
10000
10000
10000
10000
10000
10000
10000
10000
10000
10000
10000
10000
10000
10000
10000
10000
10000
10000
10000
10000
10000
10000
10000
10000
10000
10000
10000
10000
10000
10000
10000
10000
10000
10000
10000
10000
10000
10000
10000
10000
10000
10000
10000
10000
10000
10000
10000
10000
10000
10000
10000
10000
10000
10000
10000
10000
10000
10000
10000
10000
10000
10000
10000
10000
10000
10000
10000
10000
10000
10000
10000
10000
10000
10000
10000
10000
10000
10000
10000
10000
10000
10000
10000
10000
10000
10000
10000
10000
10000
10000
10000
10000
10000
10000
10000
10000
10000
10000
10000
10000
10000
10000
10000
10000
10000
10000
10000
10000
10000
10000
10000
10000
10000
10000
10000
10000
10000
10000
10000
10000
10000
10000
10000
10000
10000
10000
10000
10000
10000
10000
10000
10000
10000
10000
10000
10000
10000
10000
10000
10000
10000
10000
10000
10000
10000
10000
10000
10000
10000
10000
10000
10000
10000
10000
10000
10000
10000
10000
10000
10000
10000
10000
10000
10000
10000
10000
10000
10000
10000
10000
10000
10000
10000
10000
10000
10000
10000
10000
10000
10000
10000
10000
10000
10000
10000
10000
10000
10000
10000
10000
10000
10000
10000
10000
10000
10000
10000
10000
10000
10000
10000
10000
10000
10000
10000
10000
10000
10000
10000
10000
10000
10000
10000
10000
10000
10000
10000
10000
10000
10000
10000
10000
10000
10000
10000
10000
10000
10000
10000
10000
10000
10000
10000
10000
10000
10000
10000
10000
10000
10000
10000
10000
10000
10000
10000
10000
10000
10000
10000
10000
10000
10000
10000
10000
10000
10000
10000
10000
10000
10000
10000
10000
10000
10000
10000
10000
10000
10000
10000
10000
10000
10000
10000
10000
10000
10000
10000
10000
10000
10000
10000
10000
10000
10000
10000
10000
10000
10000
10000
10000
10000
10000
10000
10000
10000
10000
10000
10000
10000
10000
10000
10000
10000
10000
10000
10000
10000
10000
10000
10000
10000
10000
10000
10000
10000
10000
10000
10000
10000
10000
10000
10000
10000
10000
10000
10000
10000
10000
10000
10000
10000
10000
10000
10000
10000
10000
10000
10000
10000
10000
10000
10000
10000
10000
10000
10000
10000
10000
10000
10000
10000
10000
10000
10000
10000
10000
10000
10000
10000
10000
10000
10000
10000
10000
10000
10000
10000
10000
10000
10000
10000
10000
10000
10000
10000
10000
10000
10000
10000
10000
10000
10000
10000
10000
10000
10000
10000
10000
10000
10000
10000
10000
10000
10000
10000
10000
10000
10000
10000
10000
10000
10000
10000
10000
10000
10000
10000
10000
10000
10000
10000
10000
10000
10000
10000
10000
10000
10000
10000
10000
10000
10000
10000
10000
10000
10000
10000
10000
10000
10000
10000
10000
10000
10000
10000
10000
10000
10000
10000
10000
10000
10000
10000
10000
10000
10000
10000
10000
10000
10000
10000
10000
10000
10000
10000
10000
10000
10000
10000
10000
10000
10000
10000
10000
10000
10000
10000
10000
10000
10000
10000
10000
10000
10000
10000
10000
10000
10000
10000
10000
10000
10000
10000
10000
10000
10000
10000
10000
10000
10000
10000
10000
10000
10000
10000
10000
10000
10000
10000
10000
10000
10000
10000
10000
10000
10000
10000
10000
10000
10000
10000
10000
10000
10000
10000
10000
10000
10000
10000
10000
10000
10000
10000
10000
10000
10000
10000
10000
10000
10000
10000
10000
10000
10000
10000
10000
10000
10000
10000
10000
10000
10000
10000
10000
10000
10000
10000
10000
10000
10000
10000
10000
10000
10000
10000
10000
10000
10000
10000
10000
10000
10000
10000
10000
10000
10000
10000
10000
10000
10000
10000
10000
10000
10000
10000
10000
10000
10000
10000
10000
10000
10000
10000
10000
10000
10000
10000
10000
10000
10000
10000
10000
10000
10000
10000
10000
10000
10000
10000
10000
10000
10000
10000
10000
10000
10000
10000
10000
10000
10000
10000
10000
10000
10000
10000
10000
10000
10000
10000
10000
10000
10000
10000
10000
10000
10000
10000
10000
10000
10000
10000
10000
10000
10000
10000
10000
10000
10000
10000
10000
10000
10000
10000
10000
10000
10000
10000
10000
10000
10000
10000
10000
10000
10000
10000
10000
10000
10000
10000
10000
10000
10000
10000
10000
10000
10000
10000
10000
10000
10000
10000
10000
10000
10000
10000
10000
10000
10000
10000
10000
10000
10000
10000
10000
10000
10000
10000
10000
10000
10000
10000
10000
10000
10000
10000
10000
10000
10000
10000
10000
10000
10000
10000
10000
10000
10000
10000
10000
10000
10000
10000
10000
10000
10000
10000
10000
10000
10000
10000
10000
10000
10000
10000
10000
10000
10000
10000
10000
10000
10000
10000
10000
10000
10000
10000
10000
10000
10000
10000
10000
10000
10000
10000
10000
10000
10000
10000
10000
10000
10000
10000
10000
10000
10000
10000
10000
10000
10000
10000
10000
10000
10000
10000
10000
10000
10000
10000
10000
10000
10000
10000
10000
10000
10000
10000
10000
10000
10000
10000
10000
10000
10000
10000
10000
10000
10000
10000
10000
10000
10000
10000
10000
10000
10000
10000
10000
10000
10000
10000
10000
10000
10000
10000
10000
10000
10000
10000
10000
10000
10000
10000
10000
10000
10000
10000
10000
10000
10000
10000
10000
10000
10000
10000
10000
10000
10000
10000
10000
10000
10000
10000
10000
10000
10000
10000
10000
10000
10000
10000
10000
10000
10000
10000
10000
10000
10000
10000
10000
10000
10000
10000
10000
10000
10000
10000
10000
10000
10000
10000
10000
10000
10000
10000
10000
10000
10000
10000
10000
10000
10000
10000
10000
10000
10000
10000
10000
10000
10000
10000
10000
10000
10000
10000
10000
10000
10000
10000
10000
10000
10000
10000
10000
10000
10000
10000
10000
10000
10000
10000
10000
10000
10000
10000
10000
10000
10000
10000
10000
10000
10000
10000
10000
10000
10000
10000
10000
10000
10000
10000
10000
10000
10000
10000
10000
10000
10000
10000
10000
10000
10000
10000
10000
10000
10000
10000
10000
10000
10000
10000
10000
10000
10000
10000
10000
10000
10000
10000
10000
10000
10000
10000
10000
10000
10000
10000
10000
10000
10000
10000
10000
10000
10000
10000
10000
10000
10000
10000
10000
10000
10000
10000
10000
10000
10000
10000
10000
10000
10000
10000
10000
10000
10000
10000
10000
10000
10000
10000
10000
10000
10000
10000
10000
10000
10000
10000
10000
10000
10000
10000
10000
10000
10000
10000
10000
10000
10000
10000
10000
10000
10000
10000
10000
10000
10000
10000
10000
10000
10000
10000
10000
10000
10000
10000
10000
10000
10000
10000
10000
10000
10000
10000
10000
10000
10000
10000
10000
10000
10000
10000
10000
10000
10000
10000
10000
10000
10000
10000
10000
10000
10000
10000
10000
10000
10000
10000
10000
10000
10000
10000
10000
10000
10000
10000
10000
10000
10000
10000
10000
10000
10000
10000
10000
10000
10000
10000
10000
10000
10000
10000
10000
10000
10000
10000
10000
10000
10000
10000
10000
10000
10000
10000
10000
10000
10000
10000
10000
10000
10000
10000
10000
10000
10000
10000
10000
10000
10000
10000
10000
10000
10000
10000
10000
10000
10000
10000
10000
10000
10000
10000
10000
10000
10000
10000
10000
10000
10000
10000
10000
10000
10000
10000
10000
10000
10000
10000
10000
10000
10000
10000
10000
10000
10000
10000
10000
10000
10000
10000
10000
10000
10000
10000
10000
10000
10000
10000
10000
10000
10000
10000
10000
10000
10000
10000
10000
10000
10000
10000
10000
10000
10000
10000
10000
10000
10000
10000
10000
10000
10000
10000
10000
10000
10000
10000
10000
10000
10000
10000
10000
10000
10000
10000
10000
10000
10000
10000
10000
10000
10000
10000
10000
10000
10000
10000
10000
10000
10000
10000
10000
10000
10000
10000
10000
10000
10000
10000
10000
10000
10000
10000
10000
10000
10000
10000
10000
10000
10000
10000
10000
10000
10000
10000
10000
10000
10000
10000
10000
10000
10000
10000
10000
10000
10000
10000
10000
10000
10000
10000
10000
10000
10000
10000
10000
10000
10000
10000
10000
10000
10000
10000
10000
10000
10000
10000
10000
10000
10000
10000
10000
10000
10000
10000
10000
10000
10000
10000
10000
10000
10000
10000
10000
10000
10000
10000
10000
10000
10000
10000
10000
10000
10000
10000
10000
10000
10000
10000
10000
10000
10000
10000
10000
10000
10000
10000
10000
10000
10000
10000
10000
10000
10000
10000
10000
10000
10000
10000
10000
10000
10000
10000
10000
10000
10000
10000
10000
10000
10000
10000
10000
10000
10000
10000
10000
10000
10000
10000
10000
10000
10000
10000
10000
10000
10000
10000
10000
10000
10000
10000
10000
10000
10000
10000
10000
10000
10000
10000
10000
10000
10000
10000
10000
10000
10000
10000
10000
10000
10000
10000
10000
10000
10000
10000
10000
10000
10000
10000
10000
10000
10000
10000
10000
10000
10000
10000
10000
10000
10000
10000
10000
10000
10000
10000
10000
10000
10000
10000
10000
10000
10000
10000
10000
10000
10000
10000
10000
10000
10000
10000
10000
10000
10000
10000
10000
10000
10000
10000
10000
10000
10000
10000
10000
10000
10000
10000
10000
10000
10000
10000
10000
10000
10000
10000
10000
10000
10000
10000
10000
10000
10000
10000
10000
10000
10000
10000
10000
10000
10000
10000
10000
10000
10000
10000
10000
10000
10000
10000
10000
10000
10000
10000
10000
10000
10000
10000
10000
10000
10000
10000
10000
10000
10000
10000
10000
10000
10000
10000
10000
10000
10000
10000
10000
10000
10000
10000
10000
10000
10000
10000
10000
10000
10000
10000
10000
10000
10000
10000
10000
10000
10000
10000
10000
10000
10000
10000
10000
10000
10000
10000
10000
10000
10000
10000
10000
10000
10000
10000
10000
10000
10000
10000
10000
10000
10000
10000
10000
10000
10000
10000
10000
10000
10000
10000
10000
10000
10000
10000
10000
10000
10000
10000
10000
10000
10000
10000
10000
10000
10000
10000
10000
10000
10000
10000
10000
10000
10000
10000
10000
10000
)
;

boundaryField
{
    sides
    {
        type            zeroGradient;
    }
    empty
    {
        type            empty;
    }
}


// ************************************************************************* //
