/*--------------------------------*- C++ -*----------------------------------*\
  =========                 |
  \\      /  F ield         | OpenFOAM: The Open Source CFD Toolbox
   \\    /   O peration     | Website:  https://openfoam.org
    \\  /    A nd           | Version:  9
     \\/     M anipulation  |
\*---------------------------------------------------------------------------*/
FoamFile
{
    format      ascii;
    class       surfaceScalarField;
    location    "0.006";
    object      phi;
}
// * * * * * * * * * * * * * * * * * * * * * * * * * * * * * * * * * * * * * //

dimensions      [1 0 -1 0 0 0 0];

internalField   nonuniform List<scalar> 
9999
(
4.20641e-12
4.20641e-12
4.37694e-12
4.09273e-12
5.00222e-12
5.28644e-12
5.51381e-12
6.08225e-12
6.76437e-12
6.59384e-12
7.16227e-12
7.16227e-12
7.67386e-12
7.38964e-12
6.99174e-12
6.53699e-12
6.08225e-12
5.68434e-12
5.00222e-12
4.718e-12
4.88853e-12
4.54747e-12
4.20641e-12
4.3201e-12
4.09273e-12
4.49063e-12
4.26326e-12
4.26326e-12
4.49063e-12
3.75167e-12
3.18323e-12
2.89901e-12
3.18323e-12
3.86535e-12
3.41061e-12
4.03588e-12
3.86535e-12
3.58114e-12
4.09273e-12
3.86535e-12
3.80851e-12
2.38742e-12
1.76215e-12
1.42109e-12
1.02318e-12
1.19371e-12
1.42109e-12
1.47793e-12
2.27374e-12
3.12639e-12
3.29692e-12
3.29692e-12
3.63798e-12
3.75167e-12
4.26326e-12
4.26326e-12
4.718e-12
4.60432e-12
5.17275e-12
5.34328e-12
4.88853e-12
4.83169e-12
5.17275e-12
4.66116e-12
4.94538e-12
5.00222e-12
4.83169e-12
4.77485e-12
4.54747e-12
4.718e-12
4.718e-12
4.718e-12
4.43379e-12
3.75167e-12
3.41061e-12
3.35376e-12
3.12639e-12
3.12639e-12
3.41061e-12
3.18323e-12
3.29692e-12
2.89901e-12
3.12639e-12
3.63798e-12
3.58114e-12
3.75167e-12
3.75167e-12
4.14957e-12
4.14957e-12
5.22959e-12
6.0254e-12
6.53699e-12
7.04858e-12
7.61702e-12
8.07177e-12
9.66338e-12
9.54969e-12
1.06297e-11
1.04592e-11
1.09139e-11
1.14255e-11
1.14255e-11
1.16529e-11
1.23919e-11
1.26192e-11
1.31877e-11
1.43245e-11
1.54614e-11
1.61435e-11
1.6712e-11
1.76215e-11
1.81899e-11
1.78488e-11
1.81331e-11
1.81899e-11
1.79625e-11
1.78488e-11
1.74509e-11
1.68257e-11
1.5973e-11
1.55183e-11
1.47224e-11
1.42109e-11
1.38698e-11
1.24487e-11
1.15392e-11
1.15392e-11
1.13687e-11
1.11413e-11
1.02318e-11
9.54969e-12
9.54969e-12
8.81073e-12
8.2423e-12
6.82121e-12
6.36646e-12
5.91172e-12
4.94538e-12
4.26326e-12
4.54747e-12
3.86535e-12
3.29692e-12
2.16005e-12
1.53477e-12
1.08002e-12
5.11591e-13
-1.13687e-13
-6.25278e-13
-1.19371e-12
-1.93268e-12
-2.38742e-12
-2.6148e-12
-2.33058e-12
-1.64846e-12
-1.76215e-12
-1.08002e-12
-5.68434e-13
0
6.25278e-13
1.53477e-12
9.66338e-13
1.81899e-12
2.10321e-12
2.55795e-12
2.95586e-12
3.06954e-12
3.9222e-12
4.88853e-12
6.30962e-12
8.29914e-12
9.49285e-12
1.14824e-11
1.23919e-11
1.35856e-11
1.43814e-11
1.45519e-11
1.46656e-11
1.60867e-11
1.76783e-11
1.8872e-11
1.90994e-11
1.9952e-11
2.03499e-11
2.12594e-11
2.19416e-11
2.22826e-11
2.19984e-11
2.18279e-11
2.18847e-11
2.20552e-11
2.23395e-11
2.20552e-11
2.25668e-11
2.37037e-11
2.4329e-11
2.45564e-11
2.38742e-11
2.38174e-11
2.29079e-11
2.21689e-11
2.22826e-11
2.143e-11
2.07478e-11
1.96678e-11
1.88152e-11
1.75078e-11
1.66551e-11
1.62004e-11
1.48361e-11
1.43245e-11
1.3074e-11
1.2335e-11
1.22213e-11
1.14824e-11
1.02887e-11
9.54969e-12
8.69704e-12
7.7307e-12
6.9349e-12
6.82121e-12
6.42331e-12
5.68434e-12
5.28644e-12
5.00222e-12
4.88853e-12
4.60432e-12
4.20641e-12
4.14957e-12
3.80851e-12
3.97904e-12
4.26326e-12
4.83169e-12
4.49063e-12
4.20641e-12
4.20641e-12
4.03588e-12
3.58114e-12
3.97904e-12
3.9222e-12
4.03588e-12
4.60432e-12
4.88853e-12
5.6275e-12
5.96856e-12
6.0254e-12
6.99174e-12
7.21911e-12
7.44649e-12
7.67386e-12
8.46967e-12
8.41283e-12
8.12861e-12
7.95808e-12
8.46967e-12
8.29914e-12
8.41283e-12
8.81073e-12
9.09495e-12
8.41283e-12
8.35598e-12
8.98126e-12
8.41283e-12
8.58336e-12
8.52651e-12
8.6402e-12
8.58336e-12
7.95808e-12
7.95808e-12
8.35598e-12
7.95808e-12
7.7307e-12
7.61702e-12
8.01492e-12
7.95808e-12
8.2423e-12
8.2423e-12
8.58336e-12
8.2423e-12
7.10543e-12
6.70752e-12
6.9349e-12
6.59384e-12
7.16227e-12
7.16227e-12
6.87805e-12
7.16227e-12
6.87805e-12
6.53699e-12
6.30962e-12
5.91172e-12
6.25278e-12
6.0254e-12
5.34328e-12
5.51381e-12
5.51381e-12
5.79803e-12
6.42331e-12
6.82121e-12
8.12861e-12
8.92442e-12
9.60654e-12
9.89075e-12
1.02318e-11
1.08002e-11
1.17666e-11
1.16529e-11
1.24487e-11
1.23919e-11
1.24487e-11
1.21076e-11
1.11982e-11
1.06297e-11
9.9476e-12
1.09708e-11
1.14255e-11
1.17666e-11
1.2335e-11
1.29035e-11
1.3415e-11
1.31308e-11
1.3074e-11
1.25624e-11
1.24487e-11
1.26761e-11
1.21645e-11
1.2335e-11
1.21645e-11
1.22213e-11
1.23919e-11
1.19371e-11
1.21645e-11
1.19371e-11
1.21645e-11
1.18234e-11
1.21076e-11
1.21645e-11
1.18803e-11
1.22782e-11
1.21076e-11
1.20508e-11
1.19371e-11
1.14824e-11
1.03455e-11
1.01181e-11
1.04592e-11
1.04592e-11
1.1255e-11
1.20508e-11
1.18234e-11
1.21645e-11
1.25624e-11
1.29035e-11
1.25056e-11
1.28466e-11
1.26761e-11
1.26192e-11
1.32445e-11
1.39835e-11
1.42677e-11
1.47224e-11
1.50067e-11
1.50635e-11
1.51772e-11
1.43245e-11
1.39835e-11
1.36993e-11
1.31308e-11
1.22213e-11
1.14824e-11
1.09139e-11
1.00613e-11
9.0381e-12
7.90124e-12
6.99174e-12
6.36646e-12
5.11591e-12
4.03588e-12
3.52429e-12
3.41061e-12
3.63798e-12
1.87583e-12
1.13687e-12
1.7053e-13
-9.66338e-13
-2.27374e-12
-3.0127e-12
-4.03588e-12
-5.6275e-12
-6.36646e-12
-7.16227e-12
-7.78755e-12
-6.99174e-12
-7.10543e-12
-7.38964e-12
-7.21911e-12
-6.82121e-12
-6.70752e-12
-6.65068e-12
-6.48015e-12
-5.79803e-12
-4.718e-12
-4.718e-12
-4.09273e-12
-3.86535e-12
-3.18323e-12
-2.89901e-12
-2.67164e-12
-1.81899e-12
-1.42109e-12
-4.54747e-13
1.13687e-13
7.38964e-13
1.36424e-12
2.21689e-12
3.46745e-12
3.41061e-12
3.63798e-12
4.26326e-12
5.00222e-12
5.51381e-12
6.25278e-12
6.42331e-12
6.65068e-12
7.3328e-12
7.7307e-12
8.29914e-12
8.86757e-12
9.49285e-12
9.37916e-12
9.49285e-12
1.06866e-11
1.08571e-11
1.09708e-11
1.09708e-11
1.09139e-11
1.06297e-11
1.04592e-11
9.83391e-12
1.01181e-11
1.02887e-11
9.60654e-12
9.20863e-12
9.09495e-12
9.37916e-12
9.66338e-12
1.00044e-11
9.77707e-12
9.66338e-12
1.02887e-11
9.37916e-12
9.66338e-12
9.09495e-12
9.15179e-12
8.81073e-12
9.37916e-12
8.98126e-12
8.98126e-12
9.20863e-12
9.26548e-12
9.32232e-12
9.32232e-12
9.26548e-12
9.54969e-12
9.72022e-12
8.69704e-12
8.01492e-12
7.78755e-12
6.82121e-12
4.88853e-12
4.20641e-12
4.03588e-12
3.35376e-12
2.50111e-12
1.59162e-12
7.95808e-13
9.66338e-13
3.41061e-13
-1.02318e-12
-2.10321e-12
-3.35376e-12
-4.14957e-12
-3.80851e-12
-5.28644e-12
-5.40012e-12
-5.57066e-12
-6.19593e-12
-6.30962e-12
-6.36646e-12
-7.21911e-12
-7.67386e-12
-7.10543e-12
-7.16227e-12
-7.3328e-12
-7.50333e-12
-7.27596e-12
-7.21911e-12
-6.82121e-12
-6.36646e-12
-5.96856e-12
-5.74119e-12
-5.45697e-12
-5.28644e-12
-5.05906e-12
-5.28644e-12
-5.45697e-12
-5.85487e-12
-5.85487e-12
-6.59384e-12
-6.53699e-12
-6.70752e-12
-7.50333e-12
-7.3328e-12
-8.29914e-12
-9.26548e-12
-9.60654e-12
-1.0175e-11
-1.08002e-11
-1.09708e-11
-1.11413e-11
-1.10276e-11
-1.0516e-11
-9.83391e-12
-9.09495e-12
-8.35598e-12
-8.46967e-12
-8.12861e-12
-8.41283e-12
-8.2423e-12
-8.58336e-12
-9.32232e-12
-1.01181e-11
-1.02318e-11
-1.13118e-11
-1.13118e-11
-1.17666e-11
-1.21645e-11
-1.22782e-11
-1.27898e-11
-1.3074e-11
-1.2335e-11
-1.1255e-11
-1.18803e-11
-1.16529e-11
-1.11982e-11
-1.08571e-11
-1.08571e-11
-1.09708e-11
-1.17666e-11
-1.18234e-11
-1.17666e-11
-1.21645e-11
-1.13687e-11
-1.19371e-11
-1.20508e-11
-1.21076e-11
-1.27898e-11
-1.31877e-11
-1.31308e-11
-1.39835e-11
-1.47224e-11
-1.52909e-11
-1.62572e-11
-1.73941e-11
-1.76783e-11
-1.87583e-11
-1.94973e-11
-1.96678e-11
-1.98952e-11
-2.02931e-11
-2.05773e-11
-2.10889e-11
-2.12026e-11
-2.13163e-11
-2.15437e-11
-2.22258e-11
-2.25668e-11
-2.26805e-11
-2.27942e-11
-2.24532e-11
-2.23395e-11
-2.22258e-11
-2.21121e-11
-2.15437e-11
-2.13731e-11
-2.04636e-11
-1.98952e-11
-1.94404e-11
-1.88152e-11
-1.84173e-11
-1.7792e-11
-1.74509e-11
-1.60867e-11
-1.54614e-11
-1.45519e-11
-1.25624e-11
-1.13687e-11
-1.01181e-11
-9.0381e-12
-7.16227e-12
-5.74119e-12
-4.3201e-12
-3.69482e-12
-2.72848e-12
-2.10321e-12
-2.55795e-12
-3.0127e-12
-3.41061e-12
-3.63798e-12
-4.14957e-12
-5.45697e-12
-5.74119e-12
-6.65068e-12
-6.87805e-12
-7.16227e-12
-8.12861e-12
-7.84439e-12
-8.29914e-12
-8.18545e-12
-8.01492e-12
-8.46967e-12
-8.35598e-12
-8.46967e-12
-8.46967e-12
-8.41283e-12
-9.26548e-12
-9.37916e-12
-9.77707e-12
-1.00044e-11
-9.49285e-12
-1.04592e-11
-1.10276e-11
-1.17666e-11
-1.24487e-11
-1.26192e-11
-1.32445e-11
-1.26761e-11
-1.21645e-11
-1.18234e-11
-1.14824e-11
-1.14824e-11
-1.17097e-11
-1.15392e-11
-1.13118e-11
-1.17097e-11
-1.10276e-11
-1.18803e-11
-1.27329e-11
-1.36424e-11
-1.44951e-11
-1.50067e-11
-1.54614e-11
-1.5973e-11
-1.56888e-11
-1.52909e-11
-1.50635e-11
-1.47793e-11
-1.44382e-11
-1.42109e-11
-1.35856e-11
-1.32445e-11
-1.2335e-11
-1.21076e-11
-1.25056e-11
-1.29603e-11
-1.27898e-11
-1.29603e-11
-1.24487e-11
-1.22213e-11
-1.10276e-11
-1.11413e-11
-1.05729e-11
-9.83391e-12
-9.32232e-12
-9.43601e-12
-9.43601e-12
-8.6402e-12
-9.20863e-12
-9.37916e-12
-9.66338e-12
-9.43601e-12
-9.37916e-12
-9.20863e-12
-9.0381e-12
-9.49285e-12
-9.60654e-12
-9.77707e-12
-9.72022e-12
-9.9476e-12
-9.89075e-12
-9.54969e-12
-9.32232e-12
-8.75389e-12
-8.6402e-12
-9.26548e-12
-9.32232e-12
-9.49285e-12
-1.03455e-11
-1.09708e-11
-1.05729e-11
-1.04023e-11
-1.06297e-11
-1.13118e-11
-1.11982e-11
-1.05729e-11
-1.07434e-11
-1.00613e-11
-9.66338e-12
-9.72022e-12
-9.83391e-12
-9.60654e-12
-9.66338e-12
-9.32232e-12
-9.89075e-12
-1.02887e-11
-1.01181e-11
-1.04592e-11
-1.08002e-11
-1.07434e-11
-1.02887e-11
-1.04023e-11
-1.09708e-11
-1.06297e-11
-1.13118e-11
-1.1994e-11
-1.24487e-11
-1.28466e-11
-1.3074e-11
-1.39266e-11
-1.4893e-11
-1.51772e-11
-1.62004e-11
-1.62572e-11
-1.55751e-11
-1.58593e-11
-1.60867e-11
-1.65983e-11
-1.69962e-11
-1.73372e-11
-1.80194e-11
-1.89857e-11
-1.87583e-11
-1.90994e-11
-1.9952e-11
-1.9611e-11
-1.9952e-11
-1.9611e-11
-2.04636e-11
-2.02931e-11
-2.01226e-11
-2.05205e-11
-2.02931e-11
-1.98384e-11
-2.01794e-11
-2.01794e-11
-1.97247e-11
-2.04636e-11
-1.97815e-11
-2.05773e-11
-2.12594e-11
-2.09184e-11
-2.09752e-11
-2.1771e-11
-2.26805e-11
-2.40448e-11
-2.46132e-11
-2.5409e-11
-2.66027e-11
-2.74554e-11
-2.7967e-11
-2.78533e-11
-2.76259e-11
-2.80238e-11
-2.75122e-11
-2.78533e-11
-2.73417e-11
-2.7228e-11
-2.69438e-11
-2.66596e-11
-2.65459e-11
-2.66027e-11
-2.59206e-11
-2.467e-11
-2.34763e-11
-2.26805e-11
-2.20552e-11
-2.13163e-11
-2.15437e-11
-2.11458e-11
-2.00657e-11
-2.03499e-11
-2.02363e-11
-1.97247e-11
-1.94973e-11
-1.9611e-11
-2.01794e-11
-1.9952e-11
-1.94404e-11
-1.98952e-11
-2.07478e-11
-2.10321e-11
-2.10321e-11
-2.09184e-11
-2.11458e-11
-2.10321e-11
-2.03499e-11
-2.06342e-11
-2.05205e-11
-2.02931e-11
-2.07478e-11
-2.10889e-11
-2.09752e-11
-2.13731e-11
-2.16573e-11
-2.18847e-11
-2.16573e-11
-2.23395e-11
-2.35332e-11
-2.36469e-11
-2.37605e-11
-2.44995e-11
-2.58069e-11
-2.66596e-11
-2.72848e-11
-2.76827e-11
-2.88765e-11
-2.95017e-11
-2.93312e-11
-2.9786e-11
-2.98996e-11
-2.97291e-11
-2.96723e-11
-2.98996e-11
-3.00702e-11
-3.0127e-11
-2.99565e-11
-3.04112e-11
-2.99565e-11
-3.0127e-11
-3.02975e-11
-3.05818e-11
-3.02975e-11
-2.96154e-11
-2.99565e-11
-3.00702e-11
-2.96723e-11
-2.95586e-11
-3.00133e-11
-2.97291e-11
-3.00702e-11
-3.04681e-11
-3.06954e-11
-3.02975e-11
-2.96154e-11
-2.92744e-11
-2.88196e-11
-2.89901e-11
-2.8308e-11
-2.67164e-11
-2.58638e-11
-2.52953e-11
-2.45564e-11
-2.46132e-11
-2.39879e-11
-2.40448e-11
-2.31921e-11
-2.27942e-11
-2.25668e-11
-2.27374e-11
-2.33058e-11
-2.30784e-11
-2.251e-11
-2.23963e-11
-2.251e-11
-2.20552e-11
-2.23963e-11
-2.23963e-11
-2.22258e-11
-2.3249e-11
-2.33058e-11
-2.29079e-11
-2.33626e-11
-2.34195e-11
-2.31921e-11
-2.35332e-11
-2.3249e-11
-2.36469e-11
-2.38742e-11
-2.37037e-11
-2.42153e-11
-2.46132e-11
-2.49543e-11
-2.53522e-11
-2.50679e-11
-2.51816e-11
-2.47837e-11
-2.41585e-11
-2.37605e-11
-2.38174e-11
-2.41585e-11
-2.42153e-11
-2.39311e-11
-2.467e-11
-2.58069e-11
-2.6148e-11
-2.54659e-11
-2.55795e-11
-2.60343e-11
-2.55795e-11
-2.58638e-11
-2.55795e-11
-2.55227e-11
-2.47837e-11
-2.4329e-11
-2.37605e-11
-2.251e-11
-2.16573e-11
-2.11458e-11
-2.05205e-11
-2.00089e-11
-1.89857e-11
-1.83036e-11
-1.8531e-11
-1.85878e-11
-1.84741e-11
-1.87015e-11
-1.83036e-11
-1.81331e-11
-1.81899e-11
-1.74509e-11
-1.6712e-11
-1.60867e-11
-1.51203e-11
-1.45519e-11
-1.29603e-11
-1.26192e-11
-1.16529e-11
-1.09139e-11
-1.10276e-11
-9.83391e-12
-9.20863e-12
-7.7307e-12
-6.30962e-12
-5.34328e-12
-3.9222e-12
-3.29692e-12
-2.72848e-12
-1.7053e-12
-7.38964e-13
-5.11591e-13
-5.68434e-13
-6.82121e-13
-5.11591e-13
-9.66338e-13
-1.53477e-12
-2.16005e-12
-3.12639e-12
-3.9222e-12
-4.60432e-12
-4.77485e-12
-5.51381e-12
-5.34328e-12
-5.96856e-12
-6.0254e-12
-6.42331e-12
-6.59384e-12
-6.99174e-12
-7.50333e-12
-8.29914e-12
-1.02318e-11
-1.13687e-11
-1.22782e-11
-1.30171e-11
-1.40403e-11
-1.43814e-11
-1.56319e-11
-1.61435e-11
-1.64277e-11
-1.80762e-11
-1.8531e-11
-1.91562e-11
-1.97815e-11
-1.97815e-11
-2.04068e-11
-2.04068e-11
-2.02931e-11
-2.11458e-11
-2.09752e-11
-2.10889e-11
-2.1771e-11
-2.15437e-11
-2.16573e-11
-2.18279e-11
-2.23395e-11
-2.24532e-11
-2.26237e-11
-2.19984e-11
-2.24532e-11
-2.34763e-11
-2.33058e-11
-2.39311e-11
-2.31921e-11
-2.21121e-11
-2.26237e-11
-2.19984e-11
-2.12594e-11
-2.07478e-11
-2.05773e-11
-1.98384e-11
-1.82467e-11
-1.79057e-11
-1.69393e-11
-1.60867e-11
-1.44382e-11
-1.39266e-11
-1.33014e-11
-1.23919e-11
-1.03455e-11
-8.98126e-12
-8.18545e-12
-7.84439e-12
-7.78755e-12
-6.99174e-12
-6.87805e-12
-7.38964e-12
-7.90124e-12
-8.29914e-12
-8.46967e-12
-8.92442e-12
-8.58336e-12
-8.69704e-12
-9.43601e-12
-9.89075e-12
-9.37916e-12
-8.86757e-12
-9.49285e-12
-9.32232e-12
-9.49285e-12
-1.00044e-11
-1.05729e-11
-1.16529e-11
-1.21645e-11
-1.24487e-11
-1.35856e-11
-1.43814e-11
-1.49498e-11
-1.55183e-11
-1.65983e-11
-1.7053e-11
-1.73941e-11
-1.84173e-11
-1.95541e-11
-2.05205e-11
-2.17142e-11
-2.19984e-11
-2.21689e-11
-2.3249e-11
-2.44427e-11
-2.467e-11
-2.56364e-11
-2.58638e-11
-2.57501e-11
-2.59206e-11
-2.49543e-11
-2.50679e-11
-2.54659e-11
-2.51816e-11
-2.50111e-11
-2.48406e-11
-2.43858e-11
-2.41585e-11
-2.40448e-11
-2.34763e-11
-2.359e-11
-2.30216e-11
-2.23963e-11
-2.21689e-11
-2.1771e-11
-2.21121e-11
-2.24532e-11
-2.21689e-11
-2.15437e-11
-2.15437e-11
-2.14868e-11
-2.21121e-11
-2.16005e-11
-2.05205e-11
-1.87583e-11
-1.84173e-11
-1.79625e-11
-1.72236e-11
-1.62004e-11
-1.5234e-11
-1.56319e-11
-1.5973e-11
-1.54046e-11
-1.54614e-11
-1.63141e-11
-1.56319e-11
-1.51203e-11
-1.55183e-11
-1.56319e-11
-1.55751e-11
-1.53477e-11
-1.54614e-11
-1.62572e-11
-1.55751e-11
-1.65983e-11
-1.7053e-11
-1.63709e-11
-1.65414e-11
-1.60298e-11
-1.61435e-11
-1.63141e-11
-1.58593e-11
-1.64277e-11
-1.68825e-11
-1.72236e-11
-1.73941e-11
-1.75646e-11
-1.79625e-11
-1.78488e-11
-1.76783e-11
-1.7792e-11
-1.79625e-11
-1.86446e-11
-1.84173e-11
-1.85878e-11
-1.89289e-11
-1.89289e-11
-1.88152e-11
-1.95541e-11
-1.98384e-11
-2.01226e-11
-2.08047e-11
-2.12594e-11
-2.19416e-11
-2.23395e-11
-2.31921e-11
-2.251e-11
-2.3249e-11
-2.36469e-11
-2.30216e-11
-2.31921e-11
-2.30216e-11
-2.27942e-11
-2.25668e-11
-2.28511e-11
-2.30784e-11
-2.251e-11
-2.23395e-11
-2.30784e-11
-2.31921e-11
-2.359e-11
-2.39879e-11
-2.46132e-11
-2.51248e-11
-2.6148e-11
-2.68301e-11
-2.74554e-11
-2.8308e-11
-2.87628e-11
-3.00702e-11
-3.0866e-11
-3.17186e-11
-3.30829e-11
-3.39355e-11
-3.45608e-11
-3.51292e-11
-3.61524e-11
-3.71756e-11
-3.68345e-11
-3.70051e-11
-3.66072e-11
-3.62661e-11
-3.62093e-11
-3.65503e-11
-3.64366e-11
-3.64935e-11
-3.57545e-11
-3.51292e-11
-3.4504e-11
-3.37081e-11
-3.27987e-11
-3.24576e-11
-3.18892e-11
-3.12639e-11
-2.99565e-11
-2.88196e-11
-2.8308e-11
-2.76827e-11
-2.68301e-11
-2.60343e-11
-2.50679e-11
-2.49543e-11
-2.45564e-11
-2.47269e-11
-2.50111e-11
-2.47269e-11
-2.49543e-11
-2.45564e-11
-2.49543e-11
-2.49543e-11
-2.53522e-11
-2.59206e-11
-2.6489e-11
-2.69438e-11
-2.76827e-11
-2.7967e-11
-2.84786e-11
-2.9047e-11
-2.9786e-11
-3.03544e-11
-3.12639e-11
-3.09797e-11
-3.11502e-11
-3.17186e-11
-3.17186e-11
-3.25713e-11
-3.24576e-11
-3.26281e-11
-3.35945e-11
-3.39355e-11
-3.49587e-11
-3.62093e-11
-3.68345e-11
-3.76872e-11
-3.7744e-11
-3.82556e-11
-3.85967e-11
-3.88809e-11
-3.89946e-11
-3.99609e-11
-4.09273e-11
-4.13252e-11
-4.16662e-11
-4.20073e-11
-4.23483e-11
-4.26326e-11
-4.19504e-11
-4.20073e-11
-4.22347e-11
-4.11546e-11
-4.12683e-11
-4.08704e-11
-4.09273e-11
-4.0302e-11
-4.05862e-11
-4.04157e-11
-3.97904e-11
-3.97335e-11
-3.9563e-11
-4.03588e-11
-3.99041e-11
-3.91651e-11
-3.8483e-11
-3.89946e-11
-3.82556e-11
-3.72324e-11
-3.68914e-11
-3.55271e-11
-3.54134e-11
-3.52998e-11
-3.37081e-11
-3.29123e-11
-3.21734e-11
-3.1946e-11
-3.16049e-11
-3.10934e-11
-3.07523e-11
-3.00702e-11
-2.9786e-11
-2.93312e-11
-2.87059e-11
-2.81943e-11
-2.75691e-11
-2.66596e-11
-2.59206e-11
-2.56364e-11
-2.48406e-11
-2.47837e-11
-2.46132e-11
-2.35332e-11
-2.27374e-11
-2.21121e-11
-2.24532e-11
-2.18847e-11
-2.21689e-11
-2.20552e-11
-2.19416e-11
-2.18279e-11
-2.18847e-11
-2.21121e-11
-2.23963e-11
-2.31353e-11
-2.35332e-11
-2.26237e-11
-2.34763e-11
-2.44995e-11
-2.46132e-11
-2.51248e-11
-2.52953e-11
-2.56364e-11
-2.55795e-11
-2.67164e-11
-2.63753e-11
-2.66596e-11
-2.66596e-11
-2.63185e-11
-2.71712e-11
-2.78533e-11
-2.7967e-11
-2.86491e-11
-2.95586e-11
-2.98428e-11
-3.01839e-11
-3.03544e-11
-3.10365e-11
-3.22871e-11
-3.2685e-11
-3.38787e-11
-3.3765e-11
-3.39924e-11
-3.4845e-11
-3.49019e-11
-3.56977e-11
-3.72893e-11
-3.7744e-11
-3.85398e-11
-3.95062e-11
-4.00746e-11
-4.12115e-11
-4.18368e-11
-4.33147e-11
-4.47358e-11
-4.60432e-11
-4.70664e-11
-4.77485e-11
-4.91696e-11
-4.92832e-11
-4.95106e-11
-5.03633e-11
-5.05338e-11
-5.09885e-11
-5.25802e-11
-5.29781e-11
-5.37739e-11
-5.4456e-11
-5.54792e-11
-5.64455e-11
-5.72413e-11
-5.79803e-11
-5.8435e-11
-5.85487e-11
-5.89466e-11
-5.92308e-11
-5.97424e-11
-5.97424e-11
-5.85487e-11
-5.80371e-11
-5.74119e-11
-5.74119e-11
-5.66729e-11
-5.68434e-11
-5.64455e-11
-5.59908e-11
-5.55929e-11
-5.50244e-11
-5.40581e-11
-5.30349e-11
-5.22391e-11
-5.18412e-11
-5.12159e-11
-5.13296e-11
-5.07043e-11
-5.02496e-11
-4.95675e-11
-4.83737e-11
-4.70095e-11
-4.66116e-11
-4.54747e-11
-4.43947e-11
-4.3201e-11
-4.25757e-11
-4.23483e-11
-4.13252e-11
-4.10978e-11
-4.04157e-11
-3.9222e-11
-3.78577e-11
-3.62093e-11
-3.49019e-11
-3.36513e-11
-3.31397e-11
-3.20597e-11
-3.12639e-11
-3.10934e-11
-3.04112e-11
-3.02975e-11
-2.96154e-11
-3.01839e-11
-3.07523e-11
-3.11502e-11
-3.20028e-11
-3.24576e-11
-3.27987e-11
-3.38787e-11
-3.41061e-11
-3.51861e-11
-3.5925e-11
-3.63798e-11
-3.73461e-11
-3.7744e-11
-3.8483e-11
-3.89377e-11
-3.99041e-11
-4.01883e-11
-4.09841e-11
-4.16662e-11
-4.27463e-11
-4.28031e-11
-4.36557e-11
-4.42242e-11
-4.4281e-11
-4.46789e-11
-4.5361e-11
-4.55316e-11
-4.52474e-11
-4.53042e-11
-4.5361e-11
-4.46221e-11
-4.39968e-11
-4.39968e-11
-4.38831e-11
-4.30305e-11
-4.34852e-11
-4.30873e-11
-4.29736e-11
-4.33147e-11
-4.25757e-11
-4.28599e-11
-4.21778e-11
-4.1382e-11
-4.11546e-11
-3.96199e-11
-3.96199e-11
-3.91083e-11
-3.7744e-11
-3.67208e-11
-3.59819e-11
-3.52998e-11
-3.53566e-11
-3.4504e-11
-3.41629e-11
-3.33102e-11
-3.25144e-11
-3.18892e-11
-3.12639e-11
-3.04681e-11
-2.9786e-11
-2.96154e-11
-2.85922e-11
-2.77396e-11
-2.6489e-11
-2.52953e-11
-2.44427e-11
-2.34763e-11
-2.31921e-11
-2.30216e-11
-2.33626e-11
-2.34763e-11
-2.359e-11
-2.44427e-11
-2.41016e-11
-2.42153e-11
-2.467e-11
-2.47837e-11
-2.46132e-11
-2.42721e-11
-2.42721e-11
-2.42153e-11
-2.31921e-11
-2.23395e-11
-2.1771e-11
-2.17142e-11
-2.11458e-11
-2.17142e-11
-2.19984e-11
-2.18847e-11
-2.18279e-11
-2.143e-11
-2.143e-11
-2.18279e-11
-2.21121e-11
-2.10889e-11
-2.10889e-11
-2.11458e-11
-2.09184e-11
-2.07478e-11
-2.08615e-11
-2.12594e-11
-2.16005e-11
-2.15437e-11
-2.15437e-11
-2.21121e-11
-2.21121e-11
-2.251e-11
-2.18847e-11
-2.25668e-11
-2.27942e-11
-2.251e-11
-2.27942e-11
-2.35332e-11
-2.3249e-11
-2.36469e-11
-2.41016e-11
-2.43858e-11
-2.50679e-11
-2.58638e-11
-2.67733e-11
-2.73417e-11
-2.85922e-11
-2.94449e-11
-3.01839e-11
-3.05818e-11
-3.10934e-11
-3.20597e-11
-3.3026e-11
-3.36513e-11
-3.43334e-11
-3.54134e-11
-3.62093e-11
-3.79146e-11
-3.96767e-11
-4.08136e-11
-4.20641e-11
-4.29168e-11
-4.35421e-11
-4.41105e-11
-4.43947e-11
-4.43947e-11
-4.47358e-11
-4.47926e-11
-4.52474e-11
-4.57021e-11
-4.56453e-11
-4.55884e-11
-4.54179e-11
-4.5759e-11
-4.57021e-11
-4.59863e-11
-4.58158e-11
-4.58158e-11
-4.64979e-11
-4.59863e-11
-4.66684e-11
-4.59295e-11
-4.57021e-11
-4.55884e-11
-4.502e-11
-4.43947e-11
-4.41105e-11
-4.36557e-11
-4.31442e-11
-4.29736e-11
-4.19504e-11
-4.12683e-11
-4.06999e-11
-3.97904e-11
-3.91651e-11
-3.86535e-11
-3.9222e-11
-3.83693e-11
-3.94493e-11
-4.01315e-11
-4.06999e-11
-4.09273e-11
-4.14389e-11
-4.12115e-11
-4.18368e-11
-4.29736e-11
-4.33715e-11
-4.38831e-11
-4.46221e-11
-4.47358e-11
-4.53042e-11
-4.55884e-11
-4.68958e-11
-4.78622e-11
-4.87148e-11
-4.9738e-11
-5.04201e-11
-5.13296e-11
-5.15001e-11
-5.11022e-11
-5.17844e-11
-5.18412e-11
-5.26938e-11
-5.25802e-11
-5.36602e-11
-5.40581e-11
-5.47402e-11
-5.5195e-11
-5.6275e-11
-5.6616e-11
-5.79803e-11
-5.82645e-11
-5.90035e-11
-5.9913e-11
-5.97993e-11
-6.00835e-11
-6.01972e-11
-6.04246e-11
-6.03109e-11
-6.05382e-11
-6.08225e-11
-6.03677e-11
-6.13909e-11
-6.0993e-11
-6.08793e-11
-6.04814e-11
-6.01403e-11
-5.98561e-11
-5.96856e-11
-5.93445e-11
-5.9174e-11
-5.92308e-11
-5.87193e-11
-5.82077e-11
-5.78666e-11
-5.64455e-11
-5.61613e-11
-5.56497e-11
-5.48539e-11
-5.38876e-11
-5.33191e-11
-5.32623e-11
-5.28644e-11
-5.18412e-11
-5.16138e-11
-5.11022e-11
-5.07043e-11
-5.00791e-11
-4.90559e-11
-4.82032e-11
-4.76916e-11
-4.718e-11
-4.55884e-11
-4.38263e-11
-4.26894e-11
-4.19504e-11
-4.12683e-11
-4.09841e-11
-3.99609e-11
-3.92788e-11
-3.89377e-11
-3.81988e-11
-3.81419e-11
-3.78577e-11
-3.80851e-11
-3.83693e-11
-3.78009e-11
-3.80851e-11
-3.76303e-11
-3.69482e-11
-3.68914e-11
-3.71188e-11
-3.7744e-11
-3.81419e-11
-3.85967e-11
-3.90514e-11
-3.92788e-11
-3.97904e-11
-4.04725e-11
-4.01315e-11
-4.02451e-11
-4.05862e-11
-4.10978e-11
-4.15525e-11
-4.17231e-11
-4.19504e-11
-4.29736e-11
-4.34284e-11
-4.33715e-11
-4.4281e-11
-4.44516e-11
-4.39968e-11
-4.46789e-11
-4.45084e-11
-4.46789e-11
-4.502e-11
-4.502e-11
-4.46221e-11
-4.51337e-11
-4.51905e-11
-4.47926e-11
-4.41105e-11
-4.41673e-11
-4.4281e-11
-4.43379e-11
-4.39968e-11
-4.35421e-11
-4.35421e-11
-4.35989e-11
-4.42242e-11
-4.34852e-11
-4.29736e-11
-4.34852e-11
-4.33147e-11
-4.30873e-11
-4.21778e-11
-4.10409e-11
-3.98472e-11
-3.87104e-11
-3.80282e-11
-3.64366e-11
-3.4845e-11
-3.40492e-11
-3.2685e-11
-3.20597e-11
-3.14344e-11
-3.01839e-11
-2.89333e-11
-2.80806e-11
-2.68301e-11
-2.52953e-11
-2.4329e-11
-2.36469e-11
-2.22826e-11
-2.13731e-11
-2.02931e-11
-1.92131e-11
-1.8531e-11
-1.83036e-11
-1.79057e-11
-1.79057e-11
-1.83604e-11
-1.84741e-11
-1.93836e-11
-2.04068e-11
-2.12026e-11
-2.22258e-11
-2.26237e-11
-2.30216e-11
-2.37605e-11
-2.51816e-11
-2.48406e-11
-2.60343e-11
-2.69438e-11
-2.72848e-11
-2.86491e-11
-3.02407e-11
-3.0866e-11
-3.17186e-11
-3.29692e-11
-3.34239e-11
-3.42766e-11
-3.50155e-11
-3.4845e-11
-3.5584e-11
-3.59819e-11
-3.5925e-11
-3.64935e-11
-3.83125e-11
-3.75735e-11
-3.68345e-11
-3.70619e-11
-3.68345e-11
-3.70051e-11
-3.6664e-11
-3.64935e-11
-3.61524e-11
-3.5925e-11
-3.53566e-11
-3.49587e-11
-3.39924e-11
-3.4504e-11
-3.47313e-11
-3.50724e-11
-3.47313e-11
-3.49587e-11
-3.51292e-11
-3.49587e-11
-3.49587e-11
-3.49587e-11
-3.50724e-11
-3.53566e-11
-3.54134e-11
-3.50155e-11
-3.49019e-11
-3.43903e-11
-3.36513e-11
-3.31397e-11
-3.26281e-11
-3.2685e-11
-3.17186e-11
-3.12639e-11
-3.01839e-11
-2.96723e-11
-2.85354e-11
-2.79101e-11
-2.80238e-11
-2.7228e-11
-2.70006e-11
-2.68301e-11
-2.62617e-11
-2.46132e-11
-2.38174e-11
-2.30784e-11
-2.23963e-11
-2.251e-11
-2.08615e-11
-1.96678e-11
-1.88152e-11
-1.79625e-11
-1.73372e-11
-1.72804e-11
-1.66551e-11
-1.62004e-11
-1.56319e-11
-1.51772e-11
-1.44382e-11
-1.40403e-11
-1.29035e-11
-1.19371e-11
-1.0516e-11
-9.66338e-12
-8.75389e-12
-8.2423e-12
-8.2423e-12
-7.56017e-12
-6.9349e-12
-6.36646e-12
-5.85487e-12
-6.0254e-12
-6.19593e-12
-6.9349e-12
-7.21911e-12
-6.53699e-12
-6.53699e-12
-6.48015e-12
-6.36646e-12
-6.59384e-12
-7.21911e-12
-7.50333e-12
-8.18545e-12
-8.6402e-12
-8.75389e-12
-9.20863e-12
-9.15179e-12
-9.37916e-12
-1.00613e-11
-1.02887e-11
-1.15392e-11
-1.17097e-11
-1.21076e-11
-1.27329e-11
-1.27898e-11
-1.38698e-11
-1.39266e-11
-1.47793e-11
-1.44951e-11
-1.50635e-11
-1.58025e-11
-1.65983e-11
-1.75078e-11
-1.76783e-11
-1.8872e-11
-1.90994e-11
-1.84741e-11
-1.91562e-11
-1.97247e-11
-2.06342e-11
-2.09752e-11
-2.12026e-11
-2.13731e-11
-2.18279e-11
-2.1771e-11
-2.27374e-11
-2.251e-11
-2.27942e-11
-2.38742e-11
-2.45564e-11
-2.58069e-11
-2.67733e-11
-2.75691e-11
-2.76827e-11
-2.82512e-11
-2.8308e-11
-2.89333e-11
-2.80806e-11
-2.70575e-11
-2.70006e-11
-2.68869e-11
-2.6148e-11
-2.59774e-11
-2.58069e-11
-2.53522e-11
-2.48974e-11
-2.45564e-11
-2.38742e-11
-2.25668e-11
-2.19416e-11
-2.0691e-11
-2.08047e-11
-2.03499e-11
-1.92699e-11
-1.84741e-11
-1.81331e-11
-1.75078e-11
-1.68257e-11
-1.55751e-11
-1.46656e-11
-1.43245e-11
-1.45519e-11
-1.39266e-11
-1.36993e-11
-1.29035e-11
-1.22213e-11
-1.21076e-11
-1.1994e-11
-1.1994e-11
-1.26192e-11
-1.3074e-11
-1.2335e-11
-1.27329e-11
-1.27898e-11
-1.30171e-11
-1.29035e-11
-1.29035e-11
-1.39835e-11
-1.46088e-11
-1.51772e-11
-1.56888e-11
-1.64846e-11
-1.67688e-11
-1.69962e-11
-1.6712e-11
-1.76215e-11
-1.72804e-11
-1.87583e-11
-1.92699e-11
-1.98384e-11
-2.00089e-11
-1.93268e-11
-1.94404e-11
-1.9952e-11
-1.98952e-11
-2.00657e-11
-1.98384e-11
-1.92699e-11
-1.83604e-11
-1.7792e-11
-1.78488e-11
-1.7053e-11
-1.6712e-11
-1.61435e-11
-1.5973e-11
-1.50635e-11
-1.50635e-11
-1.46088e-11
-1.3813e-11
-1.3074e-11
-1.21076e-11
-1.16529e-11
-1.1255e-11
-1.1255e-11
-1.09708e-11
-1.02318e-11
-1.0516e-11
-9.9476e-12
-1.03455e-11
-1.02318e-11
-9.09495e-12
-8.98126e-12
-8.12861e-12
-8.07177e-12
-7.38964e-12
-6.99174e-12
-7.10543e-12
-6.25278e-12
-5.91172e-12
-5.28644e-12
-4.09273e-12
-4.20641e-12
-3.97904e-12
-3.80851e-12
-3.75167e-12
-3.24007e-12
-2.84217e-12
-2.21689e-12
-1.3074e-12
-9.66338e-13
-5.68434e-13
-5.68434e-14
4.54747e-13
1.25056e-12
1.98952e-12
2.10321e-12
3.24007e-12
4.26326e-12
4.88853e-12
5.34328e-12
5.40012e-12
6.13909e-12
7.10543e-12
7.3328e-12
8.01492e-12
8.69704e-12
8.86757e-12
8.46967e-12
8.6402e-12
9.37916e-12
9.77707e-12
9.37916e-12
9.54969e-12
9.26548e-12
9.37916e-12
9.15179e-12
9.15179e-12
9.32232e-12
9.72022e-12
9.72022e-12
9.72022e-12
1.00044e-11
9.77707e-12
9.83391e-12
9.9476e-12
9.9476e-12
1.00044e-11
1.00044e-11
9.9476e-12
9.72022e-12
9.72022e-12
1.00044e-11
9.83391e-12
1.00044e-11
9.20863e-12
9.43601e-12
8.6402e-12
8.07177e-12
7.95808e-12
7.27596e-12
6.9349e-12
5.68434e-12
5.28644e-12
4.54747e-12
3.69482e-12
3.0127e-12
2.67164e-12
3.12639e-12
3.0127e-12
2.78533e-12
2.38742e-12
1.47793e-12
1.25056e-12
8.52651e-13
1.7053e-13
-5.68434e-13
-2.16005e-12
-3.58114e-12
-4.20641e-12
-4.20641e-12
-4.88853e-12
-5.51381e-12
-5.34328e-12
-6.65068e-12
-6.99174e-12
-8.12861e-12
-8.86757e-12
-9.66338e-12
-1.17666e-11
-1.29035e-11
-1.35856e-11
-1.49498e-11
-1.65414e-11
-1.76215e-11
-1.84173e-11
-1.93268e-11
-2.05205e-11
-2.13163e-11
-2.19416e-11
-2.23395e-11
-2.34763e-11
-2.31353e-11
-2.38742e-11
-2.40448e-11
-2.467e-11
-2.5409e-11
-2.68301e-11
-2.67164e-11
-2.72848e-11
-2.79101e-11
-2.91038e-11
-2.97291e-11
-3.06954e-11
-3.05818e-11
-3.13207e-11
-3.17755e-11
-3.27418e-11
-3.32534e-11
-3.39924e-11
-3.46176e-11
-3.50155e-11
-3.42197e-11
-3.42766e-11
-3.46745e-11
-3.38218e-11
-3.3026e-11
-3.21165e-11
-3.18323e-11
-3.16618e-11
-3.18323e-11
-3.13776e-11
-2.96154e-11
-2.80238e-11
-2.73417e-11
-2.67164e-11
-2.5409e-11
-2.46132e-11
-2.39879e-11
-2.37037e-11
-2.1771e-11
-2.10321e-11
-1.96678e-11
-1.87583e-11
-1.8872e-11
-1.8531e-11
-1.89289e-11
-1.85878e-11
-1.75646e-11
-1.62572e-11
-1.57456e-11
-1.50635e-11
-1.4154e-11
-1.38698e-11
-1.3415e-11
-1.26192e-11
-1.21076e-11
-1.14824e-11
-1.11413e-11
-1.08571e-11
-1.00613e-11
-1.02318e-11
-1.04592e-11
-1.06866e-11
-1.07434e-11
-1.06297e-11
-9.9476e-12
-1.01181e-11
-1.01181e-11
-1.00044e-11
-9.32232e-12
-9.09495e-12
-9.32232e-12
-8.98126e-12
-7.67386e-12
-6.82121e-12
-6.82121e-12
-6.53699e-12
-6.87805e-12
-6.48015e-12
-6.76437e-12
-6.65068e-12
-6.76437e-12
-5.91172e-12
-5.68434e-12
-5.22959e-12
-4.718e-12
-4.14957e-12
-3.80851e-12
-3.24007e-12
-2.67164e-12
-2.27374e-12
-1.08002e-12
-2.27374e-13
-2.84217e-13
1.13687e-13
7.38964e-13
1.76215e-12
2.10321e-12
3.06954e-12
4.37694e-12
5.00222e-12
5.68434e-12
6.9349e-12
7.61702e-12
8.58336e-12
9.43601e-12
1.00044e-11
1.02318e-11
1.06866e-11
1.08002e-11
1.02318e-11
1.04023e-11
1.02318e-11
9.9476e-12
9.20863e-12
8.81073e-12
8.07177e-12
7.27596e-12
6.99174e-12
6.53699e-12
5.57066e-12
5.05906e-12
4.3201e-12
3.29692e-12
3.12639e-12
3.29692e-12
3.63798e-12
3.63798e-12
3.41061e-12
4.37694e-12
4.09273e-12
3.46745e-12
3.18323e-12
3.18323e-12
3.12639e-12
2.6148e-12
2.16005e-12
1.13687e-12
0
-6.82121e-13
-1.02318e-12
-1.64846e-12
-2.55795e-12
-3.0127e-12
-4.09273e-12
-4.77485e-12
-5.28644e-12
-6.30962e-12
-7.50333e-12
-8.07177e-12
-8.2423e-12
-8.6402e-12
-9.09495e-12
-9.49285e-12
-9.54969e-12
-9.9476e-12
-1.04023e-11
-1.00613e-11
-1.04592e-11
-1.10845e-11
-1.09708e-11
-1.09139e-11
-1.11982e-11
-1.15961e-11
-1.09708e-11
-1.06866e-11
-1.09139e-11
-1.06297e-11
-9.89075e-12
-8.58336e-12
-8.75389e-12
-8.12861e-12
-7.50333e-12
-6.9349e-12
-5.85487e-12
-4.66116e-12
-4.3201e-12
-4.14957e-12
-3.35376e-12
-2.6148e-12
-1.19371e-12
-3.41061e-13
9.09495e-13
1.59162e-12
4.54747e-13
2.27374e-13
6.25278e-13
9.66338e-13
1.19371e-12
1.47793e-12
1.08002e-12
1.19371e-12
1.47793e-12
1.7053e-12
1.13687e-12
9.66338e-13
7.38964e-13
3.97904e-13
2.84217e-13
-6.82121e-13
-9.66338e-13
-9.66338e-13
-1.98952e-12
-2.27374e-12
-2.21689e-12
-1.98952e-12
-2.10321e-12
-2.89901e-12
-3.86535e-12
-4.83169e-12
-4.94538e-12
-5.96856e-12
-6.87805e-12
-7.84439e-12
-7.95808e-12
-9.43601e-12
-9.89075e-12
-1.0516e-11
-1.11413e-11
-1.11413e-11
-1.14255e-11
-1.17097e-11
-1.1255e-11
-1.14824e-11
-1.11982e-11
-1.08571e-11
-1.11982e-11
-1.13687e-11
-1.13118e-11
-1.08571e-11
-1.04592e-11
-9.37916e-12
-8.6402e-12
-8.01492e-12
-7.44649e-12
-6.9349e-12
-7.04858e-12
-7.16227e-12
-7.16227e-12
-7.61702e-12
-7.50333e-12
-7.90124e-12
-8.41283e-12
-9.15179e-12
-9.37916e-12
-9.0381e-12
-9.66338e-12
-1.01181e-11
-1.0175e-11
-1.05729e-11
-1.18803e-11
-1.28466e-11
-1.33582e-11
-1.40403e-11
-1.48361e-11
-1.56888e-11
-1.58593e-11
-1.66551e-11
-1.80194e-11
-1.84173e-11
-1.92699e-11
-1.98384e-11
-2.05773e-11
-2.13731e-11
-2.12594e-11
-2.12026e-11
-2.10889e-11
-2.06342e-11
-2.0691e-11
-2.16573e-11
-2.12594e-11
-2.143e-11
-2.08615e-11
-2.10321e-11
-2.04068e-11
-1.91562e-11
-1.84173e-11
-1.83604e-11
-1.74509e-11
-1.6712e-11
-1.64846e-11
-1.57456e-11
-1.55183e-11
-1.48361e-11
-1.51772e-11
-1.46656e-11
-1.3813e-11
-1.29035e-11
-1.18234e-11
-1.16529e-11
-1.04592e-11
-1.05729e-11
-9.37916e-12
-8.18545e-12
-7.61702e-12
-7.50333e-12
-6.48015e-12
-5.11591e-12
-4.77485e-12
-3.58114e-12
-2.78533e-12
-2.04636e-12
-2.33058e-12
-1.87583e-12
-1.25056e-12
-5.68434e-14
7.95808e-13
6.82121e-13
7.38964e-13
1.3074e-12
1.53477e-12
1.47793e-12
1.7053e-12
1.13687e-12
1.08002e-12
1.19371e-12
1.3074e-12
1.25056e-12
1.7053e-12
7.95808e-13
2.84217e-13
3.41061e-13
-1.7053e-13
-8.52651e-13
-1.42109e-12
-2.33058e-12
-2.78533e-12
-2.89901e-12
-3.41061e-12
-4.37694e-12
-4.718e-12
-5.34328e-12
-6.70752e-12
-8.2423e-12
-8.29914e-12
-1.00044e-11
-1.05729e-11
-1.13118e-11
-1.29035e-11
-1.39266e-11
-1.43245e-11
-1.49498e-11
-1.55183e-11
-1.53477e-11
-1.55751e-11
-1.54046e-11
-1.58593e-11
-1.56319e-11
-1.58025e-11
-1.60298e-11
-1.52909e-11
-1.55183e-11
-1.51772e-11
-1.51772e-11
-1.45519e-11
-1.39266e-11
-1.31308e-11
-1.21076e-11
-1.08002e-11
-1.04592e-11
-9.72022e-12
-8.86757e-12
-7.84439e-12
-7.84439e-12
-6.9349e-12
-5.74119e-12
-5.00222e-12
-4.60432e-12
-4.09273e-12
-3.35376e-12
-2.72848e-12
-2.55795e-12
-3.18323e-12
-4.26326e-12
-5.00222e-12
-4.77485e-12
-5.45697e-12
-6.0254e-12
-6.65068e-12
-7.10543e-12
-8.18545e-12
-8.07177e-12
-8.29914e-12
-8.41283e-12
-8.52651e-12
-8.01492e-12
-7.67386e-12
-8.12861e-12
-8.52651e-12
-8.98126e-12
-9.20863e-12
-9.32232e-12
-1.00044e-11
-1.00613e-11
-9.43601e-12
-9.26548e-12
-8.52651e-12
-7.56017e-12
-7.27596e-12
-7.27596e-12
-6.42331e-12
-6.42331e-12
-6.19593e-12
-6.13909e-12
-5.91172e-12
-4.88853e-12
-4.83169e-12
-4.3201e-12
-4.37694e-12
-3.80851e-12
-2.78533e-12
-1.93268e-12
-1.13687e-12
1.13687e-13
1.02318e-12
2.72848e-12
3.58114e-12
4.77485e-12
5.05906e-12
6.0254e-12
6.0254e-12
6.87805e-12
7.27596e-12
7.21911e-12
7.38964e-12
6.9349e-12
7.44649e-12
7.38964e-12
7.21911e-12
7.21911e-12
6.9349e-12
5.6275e-12
5.85487e-12
6.53699e-12
7.10543e-12
7.95808e-12
8.6402e-12
9.32232e-12
1.07434e-11
1.1255e-11
1.29035e-11
1.46656e-11
1.62572e-11
1.94973e-11
2.33626e-11
2.7967e-11
3.40492e-11
4.18368e-11
5.0477e-11
6.26983e-11
7.63976e-11
9.39053e-11
1.15904e-10
1.43757e-10
1.78204e-10
2.21121e-10
2.74099e-10
3.4089e-10
4.22745e-10
5.22334e-10
6.45514e-10
7.96604e-10
9.82254e-10
1.20929e-09
1.48759e-09
1.82746e-09
2.24298e-09
2.74935e-09
3.36661e-09
4.1187e-09
5.03439e-09
6.14716e-09
7.49912e-09
9.13957e-09
1.11293e-08
1.35396e-08
1.6457e-08
1.9986e-08
2.42504e-08
2.93979e-08
3.56074e-08
4.30903e-08
5.21011e-08
6.29403e-08
7.5968e-08
9.16123e-08
1.10382e-07
1.3288e-07
1.59825e-07
1.92065e-07
2.30607e-07
2.76641e-07
3.31571e-07
3.9706e-07
4.75066e-07
5.67895e-07
6.78264e-07
8.09368e-07
9.64958e-07
1.14944e-06
1.36797e-06
1.62661e-06
1.93243e-06
2.29369e-06
2.72006e-06
3.2228e-06
3.81504e-06
4.51206e-06
5.33164e-06
6.29441e-06
7.42434e-06
8.74921e-06
1.03012e-05
1.21174e-05
1.4241e-05
1.67215e-05
1.96162e-05
2.29911e-05
2.69219e-05
3.1496e-05
3.68135e-05
4.29892e-05
5.01548e-05
5.8461e-05
6.80799e-05
7.92083e-05
9.20704e-05
0.000106922
0.000124054
0.000143797
0.000166528
0.000192671
0.00022271
0.000257192
0.000296734
0.000342035
0.00039388
0.000453157
0.000520862
0.000598118
0.000686182
0.000786466
0.00090055
0.0010302
0.0011774
0.00134434
0.00153349
0.00174757
0.00198963
0.00226304
0.00257155
0.0029193
0.00331087
0.00375134
0.00424629
0.00480188
0.0054249
0.00612277
0.0069037
0.00777662
0.00875137
0.00983864
0.0110502
0.0123987
0.0138981
0.0155635
0.0174112
0.0194591
0.0217264
0.0242339
0.0270039
0.0300607
0.0334303
0.0371406
0.0412216
0.0457055
0.0506265
0.0560214
0.0619292
0.0683915
0.0754527
0.0831595
0.0915617
0.100712
0.110665
0.121481
0.133219
0.145946
0.159728
0.174636
0.190744
0.20813
0.226874
0.247058
0.26877
0.292098
0.317135
0.343977
0.37272
0.403465
0.436315
0.471375
0.508753
0.548556
0.590897
0.635886
0.683638
0.734267
0.787887
0.844615
0.904565
0.967853
1.03459
1.1049
1.17889
1.25667
1.33835
1.42403
1.51384
1.60786
1.70619
1.80894
1.91619
2.02805
2.14458
2.26587
2.392
2.52305
2.65907
2.80014
2.94631
3.09762
3.25414
3.41589
3.58293
3.75527
3.93295
4.11598
4.30438
4.49817
4.69734
4.90189
5.11182
5.32712
5.54778
5.77377
6.00507
6.24165
6.48348
6.73053
6.98275
7.2401
7.50253
7.76999
8.04243
8.3198
8.60202
8.88906
9.18083
9.47727
9.77832
10.0839
10.394
10.7084
11.0272
11.3502
11.6774
12.0087
12.344
12.6833
13.0265
13.3734
13.724
14.0783
14.4362
14.7976
15.1623
15.5304
15.9018
16.2764
16.654
17.0348
17.4185
17.8051
18.1945
18.5867
18.9816
19.3791
19.7792
20.1818
20.5868
20.9942
21.4039
21.8158
22.23
22.6462
23.0646
23.485
23.9073
24.3315
24.7576
25.1855
25.6152
26.0466
26.4796
26.9143
27.3505
27.7882
28.2274
28.6681
29.1101
29.5535
29.9982
30.4442
30.8914
31.3399
31.7894
32.2402
32.692
33.1448
33.5988
34.0537
34.5095
34.9663
35.424
35.8826
36.342
36.8023
37.2634
37.7252
38.1878
38.6511
39.115
39.5797
40.045
40.511
40.9775
41.4446
41.9123
42.3806
42.8494
43.3186
43.7884
44.2586
44.7293
45.2005
45.672
46.144
46.6163
47.089
47.5621
48.0355
48.5092
48.9832
49.4576
49.9322
50.4071
50.8823
51.3577
51.8333
52.3092
52.7853
53.2616
53.738
54.2147
54.6915
55.1685
55.6456
56.1229
56.6002
57.0778
57.5554
58.0331
58.5109
58.9888
59.4668
59.9448
60.4229
60.9011
61.3793
61.8575
62.3358
62.8141
63.2924
63.7707
64.249
64.7273
65.2056
65.6839
66.1621
66.6403
67.1185
67.5967
68.0748
68.5528
69.0308
69.5087
69.9866
70.4644
70.9421
71.4197
71.8972
72.3747
72.852
73.3293
73.8064
74.2834
74.7603
75.2371
75.7138
76.1903
76.6667
77.143
77.6192
78.0952
78.571
79.0467
79.5223
79.9977
80.4729
80.948
81.4229
81.8976
82.3722
82.8466
83.3208
83.7948
84.2687
84.7423
85.2158
85.6891
86.1622
86.6351
87.1078
87.5803
88.0526
88.5246
88.9965
89.4682
89.9396
90.4109
90.8819
91.3527
91.8233
92.2936
92.7637
93.2336
93.7033
94.1727
94.6419
95.1109
95.5796
96.0481
96.5164
96.9844
97.4522
97.9197
98.387
98.854
99.3208
99.7873
100.254
100.72
101.185
101.651
102.116
102.581
103.046
103.51
103.974
104.438
104.902
105.365
105.829
106.291
106.754
107.216
107.678
108.14
108.602
109.063
109.524
109.984
110.445
110.905
111.365
111.824
112.284
112.743
113.201
113.66
114.118
114.576
115.033
115.49
115.947
116.404
116.86
117.316
117.772
118.228
118.683
119.138
119.593
120.047
120.501
120.955
121.408
121.861
122.314
122.767
123.219
123.671
124.122
124.574
125.025
125.475
125.926
126.376
126.826
127.275
127.724
128.173
128.622
129.07
129.518
129.966
130.413
130.86
131.307
131.753
132.2
132.645
133.091
133.536
133.981
134.426
134.87
135.314
135.757
136.201
136.644
137.086
137.529
137.971
138.413
138.854
139.295
139.736
140.176
140.617
141.056
141.496
141.935
142.374
142.813
143.251
143.689
144.126
144.564
145.001
145.437
145.874
146.31
146.745
147.181
147.616
148.051
148.485
148.919
149.353
149.786
150.22
150.652
151.085
151.517
151.949
152.381
152.812
153.243
153.673
154.103
154.533
154.963
155.392
155.821
156.25
156.678
157.106
157.534
157.961
158.388
158.815
159.241
159.667
160.093
160.518
160.944
161.368
161.793
162.217
162.641
163.064
163.487
163.91
164.332
164.755
165.176
165.598
166.019
166.44
166.86
167.281
167.701
168.12
168.539
168.958
169.377
169.795
170.213
170.631
171.048
171.465
171.881
172.298
172.714
173.129
173.545
173.96
174.374
174.789
175.203
175.616
176.03
176.443
176.855
177.268
177.68
178.092
178.503
178.914
179.325
179.735
180.145
180.555
180.965
181.374
181.783
182.191
182.599
183.007
183.415
183.822
184.229
184.635
185.041
185.447
185.853
186.258
186.663
187.067
187.472
187.875
188.279
188.682
189.085
189.488
189.89
190.292
190.694
191.095
191.496
191.897
192.297
192.697
193.097
193.496
193.895
194.294
194.692
195.09
195.488
195.885
196.282
196.679
197.076
197.472
197.868
198.263
198.658
199.053
199.447
199.842
200.235
200.629
201.022
201.415
201.808
202.2
202.592
202.983
203.375
203.765
204.156
204.546
204.936
205.326
205.715
206.104
206.493
206.881
207.269
207.657
208.044
208.431
208.818
209.205
209.591
209.976
210.362
210.747
211.132
211.516
211.9
212.284
212.668
213.051
213.434
213.816
214.198
214.58
214.962
215.343
215.724
216.105
216.485
216.865
217.245
217.624
218.003
218.382
218.76
219.138
219.516
219.893
220.27
220.647
221.024
221.4
221.775
222.151
222.526
222.901
223.276
223.65
224.024
224.397
224.77
225.143
225.516
225.888
226.26
226.632
227.003
227.374
227.745
228.115
228.486
228.855
229.225
229.594
229.963
230.331
230.699
231.067
231.435
231.802
232.169
232.535
232.902
233.268
233.633
233.999
234.364
234.728
235.093
235.457
235.82
236.184
236.547
236.91
237.272
237.634
237.996
238.358
238.719
239.08
239.44
239.801
240.161
240.52
240.88
241.239
241.597
241.956
242.314
242.672
243.029
243.386
243.743
244.099
244.456
244.811
245.167
245.522
245.877
246.232
246.586
246.94
247.294
247.647
248
248.353
248.706
249.058
249.41
249.761
250.112
250.463
250.814
251.164
251.514
251.864
252.213
252.562
252.911
253.259
253.607
253.955
254.302
254.65
254.996
255.343
255.689
256.035
256.381
256.726
257.071
257.416
257.76
258.104
258.448
258.791
259.135
259.477
259.82
260.162
260.504
260.846
261.187
261.528
261.869
262.209
262.549
262.889
263.228
263.568
263.906
264.245
264.583
264.921
265.259
265.596
265.933
266.27
266.606
266.942
267.278
267.614
267.949
268.284
268.618
268.953
269.287
269.62
269.954
270.287
270.619
270.952
271.284
271.616
271.947
272.279
272.609
272.94
273.27
273.6
273.93
274.26
274.589
274.918
275.246
275.574
275.902
276.23
276.557
276.884
277.211
277.537
277.863
278.189
278.515
278.84
279.165
279.489
279.814
280.138
280.461
280.785
281.108
281.431
281.753
282.075
282.397
282.719
283.04
283.361
283.682
284.002
284.322
284.642
284.962
285.281
285.6
285.918
286.237
286.555
286.872
287.19
287.507
287.824
288.14
288.457
288.773
289.088
289.404
289.719
290.033
290.348
290.662
290.976
291.29
291.603
291.916
292.228
292.541
292.853
293.165
293.476
293.788
294.098
294.409
294.719
295.029
295.339
295.649
295.958
296.267
296.575
296.884
297.192
297.499
297.807
298.114
298.421
298.727
299.033
299.339
299.645
299.95
300.255
300.56
300.865
301.169
301.473
301.776
302.08
302.383
302.685
302.988
303.29
303.592
303.893
304.195
304.496
304.796
305.097
305.397
305.697
305.996
306.296
306.595
306.893
307.192
307.49
307.788
308.085
308.382
308.679
308.976
309.272
309.568
309.864
310.16
310.455
310.75
311.045
311.339
311.633
311.927
312.22
312.514
312.807
313.099
313.392
313.684
313.975
314.267
314.558
314.849
315.14
315.43
315.72
316.01
316.3
316.589
316.878
317.166
317.455
317.743
318.031
318.318
318.605
318.892
319.179
319.465
319.752
320.037
320.323
320.608
320.893
321.178
321.462
321.746
322.03
322.314
322.597
322.88
323.163
323.445
323.728
324.009
324.291
324.572
324.853
325.134
325.415
325.695
325.975
326.254
326.534
326.813
327.092
327.37
327.648
327.926
328.204
328.482
328.759
329.036
329.312
329.588
329.864
330.14
330.416
330.691
330.966
331.24
331.515
331.789
332.063
332.336
332.609
332.882
333.155
333.427
333.7
333.971
334.243
334.514
334.785
335.056
335.327
335.597
335.867
336.136
336.406
336.675
336.944
337.212
337.481
337.749
338.016
338.284
338.551
338.818
339.085
339.351
339.617
339.883
340.148
340.414
340.679
340.944
341.208
341.472
341.736
342
342.263
342.526
342.789
343.052
343.314
343.576
343.838
344.099
344.36
344.621
344.882
345.142
345.402
345.662
345.922
346.181
346.44
346.699
346.958
347.216
347.474
347.731
347.989
348.246
348.503
348.76
349.016
349.272
349.528
349.783
350.039
350.294
350.548
350.803
351.057
351.311
351.565
351.818
352.071
352.324
352.577
352.829
353.081
353.333
353.585
353.836
354.087
354.338
354.588
354.838
355.088
355.338
355.587
355.836
356.085
356.334
356.582
356.83
357.078
357.326
357.573
357.82
358.067
358.313
358.56
358.806
359.051
359.297
359.542
359.787
360.032
360.276
360.52
360.764
361.008
361.251
361.494
361.737
361.98
362.222
362.464
362.706
362.947
363.189
363.43
363.67
363.911
364.151
364.391
364.631
364.87
365.109
365.348
365.587
365.825
366.064
366.302
366.539
366.777
367.014
367.251
367.487
367.723
367.96
368.195
368.431
368.666
368.901
369.136
369.371
369.605
369.839
370.073
370.306
370.539
370.772
371.005
371.238
371.47
371.702
371.934
372.165
372.396
372.627
372.858
373.088
373.319
373.548
373.778
374.008
374.237
374.466
374.694
374.923
375.151
375.379
375.606
375.834
376.061
376.288
376.514
376.741
376.967
377.193
377.418
377.644
377.869
378.094
378.318
378.543
378.767
378.99
379.214
379.437
379.66
379.883
380.106
380.328
380.55
380.772
380.994
381.215
381.436
381.657
381.878
382.098
382.318
382.538
382.757
382.977
383.196
383.415
383.633
383.852
384.07
384.287
384.505
384.722
384.939
385.156
385.373
385.589
385.805
386.021
386.237
386.452
386.667
386.882
387.097
387.311
387.525
387.739
387.953
388.166
388.379
388.592
388.805
389.017
389.229
389.441
389.653
389.864
390.075
390.286
390.497
390.707
390.918
391.127
391.337
391.547
391.756
391.965
392.174
392.382
392.59
392.798
393.006
393.213
393.421
393.628
393.834
394.041
394.247
394.453
394.659
394.865
395.07
395.275
395.48
395.684
395.889
396.093
396.297
396.5
396.704
396.907
397.11
397.312
397.515
397.717
397.919
398.121
398.322
398.523
398.724
398.925
399.126
399.326
399.526
399.726
399.925
400.124
400.324
400.522
400.721
400.919
401.117
401.315
401.513
401.71
401.907
402.104
402.301
402.497
402.694
402.89
403.085
403.281
403.476
403.671
403.866
404.06
404.255
404.449
404.643
404.836
405.03
405.223
405.416
405.608
405.801
405.993
406.185
406.376
406.568
406.759
406.95
407.141
407.331
407.522
407.712
407.902
408.091
408.281
408.47
408.659
408.847
409.036
409.224
409.412
409.6
409.787
409.974
410.161
410.348
410.535
410.721
410.907
411.093
411.279
411.464
411.649
411.834
412.019
412.204
412.388
412.572
412.756
412.939
413.123
413.306
413.488
413.671
413.854
414.036
414.218
414.399
414.581
414.762
414.943
415.124
415.305
415.485
415.665
415.845
416.025
416.204
416.383
416.562
416.741
416.919
417.098
417.276
417.454
417.631
417.809
417.986
418.163
418.339
418.516
418.692
418.868
419.044
419.219
419.395
419.57
419.745
419.919
420.094
420.268
420.442
420.615
420.79
420.962
421.136
421.308
421.482
421.653
421.826
421.998
422.17
422.341
422.512
422.684
422.854
423.025
423.195
423.366
423.535
423.706
423.874
424.044
424.212
424.382
424.55
424.719
424.887
425.055
425.222
425.39
425.557
425.724
425.891
426.058
426.224
426.39
426.556
426.722
426.887
427.053
427.218
427.383
427.547
427.712
427.876
428.04
428.204
428.367
428.53
428.693
428.856
429.019
429.181
429.344
429.506
429.667
429.829
429.99
430.151
430.312
430.473
430.633
430.794
430.954
431.113
431.273
431.432
431.591
431.75
431.909
432.068
432.226
432.384
432.542
432.699
432.857
433.014
433.171
433.328
433.484
433.641
433.797
433.953
434.108
434.264
434.419
434.574
434.729
434.884
435.038
435.192
435.346
435.5
435.653
435.807
435.96
436.113
436.265
436.418
436.57
436.722
436.874
437.026
437.177
437.328
437.479
437.63
437.781
437.931
438.081
438.231
438.381
438.53
438.679
438.828
438.977
439.126
439.274
439.423
439.571
439.718
439.866
440.013
440.161
440.307
440.454
440.601
440.747
440.893
441.039
441.185
441.33
441.476
441.621
441.765
441.91
442.055
442.199
442.343
442.487
442.63
442.774
442.917
443.06
443.203
443.345
443.487
443.63
443.771
443.913
444.055
444.196
444.337
444.478
444.619
444.759
444.899
445.04
445.179
445.319
445.459
445.598
445.737
445.876
446.014
446.153
446.291
446.429
446.567
446.704
446.842
446.979
447.116
447.253
447.389
447.526
447.662
447.798
447.933
448.069
448.204
448.339
448.474
448.609
448.744
448.878
449.012
449.146
449.28
449.413
449.547
449.68
449.813
449.945
450.078
450.21
450.342
450.474
450.606
450.737
450.869
451
451.131
451.261
451.392
451.522
451.652
451.782
451.912
452.041
452.17
452.299
452.428
452.557
452.685
452.814
452.942
453.07
453.197
453.325
453.452
453.579
453.706
453.833
453.959
454.086
454.212
454.337
454.463
454.589
454.714
454.839
454.964
455.089
455.213
455.337
455.462
455.585
455.709
455.833
455.956
456.079
456.202
456.325
456.447
456.57
456.692
456.814
456.935
457.057
457.178
457.299
457.42
457.541
457.662
457.782
457.902
458.022
458.142
458.261
458.381
458.5
458.619
458.738
458.856
458.975
459.093
459.211
459.329
459.447
459.564
459.681
459.798
459.915
460.032
460.148
460.265
460.381
460.497
460.612
460.728
460.843
460.958
461.073
461.188
461.303
461.417
461.531
461.645
461.759
461.872
461.986
462.099
462.212
462.325
462.438
462.55
462.662
462.774
462.886
462.998
463.109
463.221
463.332
463.443
463.553
463.664
463.774
463.884
463.994
464.104
464.214
464.323
464.432
464.541
464.65
464.759
464.867
464.976
465.084
465.192
465.299
465.407
465.514
465.621
465.728
465.835
465.942
466.048
466.154
466.26
466.366
466.472
466.577
466.682
466.788
466.892
466.997
467.102
467.206
467.31
467.414
467.518
467.621
467.725
467.828
467.931
468.034
468.137
468.239
468.341
468.444
468.545
468.647
468.749
468.85
468.951
469.052
469.153
469.254
469.354
469.454
469.555
469.654
469.754
469.854
469.953
470.052
470.151
470.25
470.349
470.447
470.545
470.643
470.741
470.839
470.936
471.034
471.131
471.228
471.325
471.421
471.518
471.614
471.71
471.806
471.902
471.997
472.093
472.188
472.283
472.378
472.472
472.567
472.661
472.755
472.849
472.943
473.036
473.129
473.223
473.316
473.408
473.501
473.594
473.686
473.778
473.87
473.962
474.053
474.145
474.236
474.327
474.418
474.508
474.599
474.689
474.779
474.869
474.959
475.049
475.138
475.227
475.316
475.405
475.494
475.583
475.671
475.759
475.847
475.935
476.023
476.11
476.197
476.284
476.371
476.458
476.545
476.631
476.718
476.804
476.889
476.975
477.061
477.146
477.231
477.316
477.401
477.486
477.57
477.655
477.739
477.823
477.907
477.99
478.074
478.157
478.24
478.323
478.406
478.488
478.571
478.653
478.735
478.817
478.899
478.98
479.062
479.143
479.224
479.305
479.385
479.466
479.546
479.626
479.706
479.786
479.866
479.945
480.025
480.104
480.183
480.262
480.34
480.419
480.497
480.575
480.653
480.731
480.808
480.886
480.963
481.04
481.117
481.194
481.27
481.347
481.423
481.499
481.575
481.651
481.726
481.802
481.877
481.952
482.027
482.102
482.176
482.251
482.325
482.399
482.473
482.546
482.62
482.693
482.767
482.84
482.912
482.985
483.058
483.13
483.202
483.274
483.346
483.418
483.489
483.561
483.632
483.703
483.774
483.844
483.915
483.985
484.056
484.126
484.195
484.265
484.335
484.404
484.473
484.542
484.611
484.68
484.748
484.817
484.885
484.953
485.021
485.089
485.156
485.224
485.291
485.358
485.425
485.491
485.558
485.624
485.691
485.757
485.823
485.888
485.954
486.019
486.085
486.15
486.215
486.279
486.344
486.408
486.473
486.537
486.601
486.665
486.728
486.792
486.855
486.918
486.981
487.044
487.106
487.169
487.231
487.293
487.355
487.417
487.479
487.541
487.602
487.663
487.724
487.785
487.846
487.906
487.967
488.027
488.087
488.147
488.207
488.266
488.326
488.385
488.444
488.503
488.562
488.62
488.679
488.737
488.795
488.853
488.911
488.969
489.026
489.084
489.141
489.198
489.255
489.312
489.368
489.425
489.481
489.537
489.593
489.649
489.704
489.76
489.815
489.87
489.925
489.98
490.035
490.089
490.144
490.198
490.252
490.306
490.359
490.413
490.466
490.52
490.573
490.626
490.678
490.731
490.784
490.836
490.888
490.94
490.992
491.044
491.095
491.146
491.198
491.249
491.3
491.35
491.401
491.451
491.502
491.552
491.602
491.652
491.701
491.751
491.8
491.849
491.899
491.947
491.996
492.045
492.093
492.141
492.19
492.238
492.285
492.333
492.381
492.428
492.475
492.522
492.569
492.616
492.662
492.709
492.755
492.801
492.847
492.893
492.939
492.984
493.029
493.075
493.12
493.165
493.209
493.254
493.298
493.343
493.387
493.431
493.475
493.518
493.562
493.605
493.648
493.691
493.734
493.777
493.82
493.862
493.905
493.947
493.989
494.031
494.072
494.114
494.155
494.196
494.237
494.278
494.319
494.36
494.4
494.441
494.481
494.521
494.561
494.6
494.64
494.679
494.719
494.758
494.797
494.836
494.874
494.913
494.951
494.989
495.027
495.065
495.103
495.141
495.178
495.215
495.252
495.289
495.326
495.363
495.4
495.436
495.472
495.508
495.544
495.58
495.616
495.651
495.686
495.722
495.757
495.792
495.826
495.861
495.895
495.93
495.964
495.998
496.031
496.065
496.099
496.132
496.165
496.198
496.231
496.264
496.296
496.329
496.361
496.393
496.425
496.457
496.489
496.52
496.552
496.583
496.614
496.645
496.676
496.706
496.737
496.767
496.797
496.827
496.857
496.887
496.916
496.946
496.975
497.004
497.033
497.062
497.09
497.119
497.147
497.175
497.203
497.231
497.259
497.286
497.314
497.341
497.368
497.395
497.422
497.448
497.475
497.501
497.527
497.553
497.579
497.604
497.63
497.655
497.68
497.705
497.73
497.755
497.779
497.804
497.828
497.852
497.876
497.9
497.923
497.947
497.97
497.993
498.016
498.038
498.061
498.083
498.106
498.128
498.15
498.171
498.193
498.214
498.236
498.257
498.278
498.298
498.319
498.339
498.359
498.38
498.399
498.419
498.439
498.458
498.477
498.496
498.515
498.534
498.552
498.57
498.589
498.607
498.624
498.642
498.659
498.677
498.694
498.71
498.727
498.744
498.76
498.776
498.792
498.808
498.823
498.839
498.854
498.869
498.884
498.899
498.913
498.927
498.941
498.955
498.969
498.982
498.996
499.009
499.022
499.035
499.047
499.059
499.072
499.084
499.095
499.107
499.118
499.13
499.141
499.151
499.162
499.172
499.183
499.193
499.202
499.212
499.221
499.231
499.24
499.249
499.257
499.266
499.274
499.282
499.29
499.298
499.305
499.313
499.32
499.327
499.334
499.34
499.347
499.353
499.359
499.365
499.371
499.376
499.382
499.387
499.392
499.397
499.402
499.406
499.411
499.415
499.419
499.423
499.427
499.431
499.434
499.438
499.441
499.444
499.447
499.45
499.453
499.456
499.458
499.461
499.463
499.465
499.467
499.469
499.471
499.473
499.475
499.476
499.478
499.48
499.481
499.482
499.484
499.485
499.486
499.487
499.488
499.489
499.49
499.491
499.491
499.492
499.493
499.493
499.494
499.495
499.495
499.496
499.496
499.496
499.497
499.497
499.498
499.498
499.498
499.498
499.499
499.499
499.499
499.499
499.499
499.5
499.5
499.5
499.5
499.5
499.5
499.5
499.5
499.5
499.5
499.5
499.501
499.501
499.501
499.501
499.501
499.501
499.501
499.501
499.501
499.501
499.501
499.501
499.501
499.501
499.501
499.501
499.501
499.501
499.501
499.501
499.501
499.501
499.501
499.501
499.501
499.5
499.5
499.5
499.5
499.5
499.5
499.5
499.5
499.5
499.5
499.5
499.5
499.5
499.5
499.5
499.5
499.5
499.5
499.5
499.5
499.5
499.5
499.5
499.5
499.5
499.5
499.5
499.5
499.5
499.5
499.5
499.5
499.5
499.5
499.5
499.5
499.5
499.5
499.5
499.5
499.499
499.499
499.499
499.499
499.499
499.499
499.499
499.499
499.499
499.499
499.499
499.499
499.499
499.499
499.499
499.499
499.499
499.499
499.499
499.499
499.499
499.499
499.499
499.499
499.499
499.499
499.499
499.499
499.499
499.499
499.499
499.499
499.499
499.499
499.499
499.499
499.499
499.498
499.498
499.498
499.498
499.498
499.498
499.498
499.498
499.498
499.498
499.498
499.498
499.498
499.498
499.498
499.498
499.498
499.498
499.498
499.498
499.498
499.498
499.498
499.498
499.498
499.498
499.498
499.498
499.498
499.498
499.498
499.498
499.498
499.498
499.498
499.497
499.497
499.497
499.497
499.497
499.497
499.497
499.497
499.497
499.497
499.497
499.497
499.497
499.497
499.497
499.497
499.497
499.497
499.497
499.497
499.497
499.497
499.497
499.497
499.497
499.497
499.497
499.497
499.497
499.497
499.497
499.497
499.497
499.497
499.496
499.496
499.496
499.496
499.496
499.496
499.496
499.496
499.496
499.496
499.496
499.496
499.496
499.496
499.496
499.496
499.496
499.496
499.496
499.496
499.496
499.496
499.496
499.496
499.496
499.496
499.496
499.496
499.496
499.496
499.496
499.495
499.495
499.495
499.495
499.495
499.495
499.495
499.495
499.495
499.495
499.495
499.495
499.495
499.495
499.495
499.495
499.495
499.495
499.495
499.495
499.495
499.495
499.495
499.495
499.495
499.495
499.495
499.495
499.495
499.495
499.494
499.494
499.494
499.494
499.494
499.494
499.494
499.494
499.494
499.494
499.494
499.494
499.494
499.494
499.494
499.494
499.494
499.494
499.494
499.494
499.494
499.494
499.494
499.494
499.494
499.494
499.494
499.494
499.494
499.493
499.493
499.493
499.493
499.493
499.493
499.493
499.493
499.493
499.493
499.493
499.493
499.493
499.493
499.493
499.493
499.493
499.493
499.493
499.493
499.493
499.493
499.493
499.493
499.493
499.493
499.493
499.493
499.492
499.492
499.492
499.492
499.492
499.492
499.492
499.492
499.492
499.492
499.492
499.492
499.492
499.492
499.492
499.492
499.492
499.492
499.492
499.492
499.492
499.492
499.492
499.492
499.492
499.492
499.491
499.491
499.491
499.491
499.491
499.491
499.491
499.491
499.491
499.491
499.491
499.491
499.491
499.491
499.491
499.491
499.491
499.491
499.491
499.491
499.491
499.491
499.491
499.491
499.491
499.491
499.49
499.49
499.49
499.49
499.49
499.49
499.49
499.49
499.49
499.49
499.49
499.49
499.49
499.49
499.49
499.49
499.49
499.49
499.49
499.49
499.49
499.49
499.49
499.49
499.49
499.489
499.489
499.489
499.489
499.489
499.489
499.489
499.489
499.489
499.489
499.489
499.489
499.489
499.489
499.489
499.489
499.489
499.489
499.489
499.489
499.489
499.489
499.489
499.489
499.488
499.488
499.488
499.488
499.488
499.488
499.488
499.488
499.488
499.488
499.488
499.488
499.488
499.488
499.488
499.488
499.488
499.488
499.488
499.488
499.488
499.488
499.488
499.487
499.487
499.487
499.487
499.487
499.487
499.487
499.487
499.487
499.487
499.487
499.487
499.487
499.487
499.487
499.487
499.487
499.487
499.487
499.487
499.487
499.487
499.486
499.486
499.486
499.486
499.486
499.486
499.486
499.486
499.486
499.486
499.486
499.486
499.486
499.486
499.486
499.486
499.486
499.486
499.486
499.486
499.486
499.486
499.485
499.485
499.485
499.485
499.485
499.485
499.485
499.485
499.485
499.485
499.485
499.485
499.485
499.485
499.485
499.485
499.485
499.485
499.485
499.485
499.485
499.484
499.484
499.484
499.484
499.484
499.484
499.484
499.484
499.484
499.484
499.484
499.484
499.484
499.484
499.484
499.484
499.484
499.484
499.484
499.484
499.483
499.483
499.483
499.483
499.483
499.483
499.483
499.483
499.483
499.483
499.483
499.483
499.483
499.483
499.483
499.483
499.483
499.483
499.483
499.483
499.482
499.482
499.482
499.482
499.482
499.482
499.482
499.482
499.482
499.482
499.482
499.482
499.482
499.482
499.482
499.482
499.482
499.482
499.482
499.481
499.481
499.481
499.481
499.481
499.481
499.481
499.481
499.481
499.481
499.481
499.481
499.481
499.481
499.481
499.481
499.481
499.481
499.48
499.48
499.48
499.48
499.48
499.48
499.48
499.48
499.48
499.48
499.48
499.48
499.48
499.48
499.48
499.48
499.48
499.48
499.479
499.479
499.479
499.479
499.479
499.479
499.479
499.479
499.479
499.479
499.479
499.479
499.479
499.479
499.479
499.479
499.479
499.479
499.478
499.478
499.478
499.478
499.478
499.478
499.478
499.478
499.478
499.478
499.478
499.478
499.478
499.478
499.478
499.478
499.478
499.477
499.477
499.477
499.477
499.477
499.477
499.477
499.477
499.477
499.477
499.477
499.477
499.477
499.477
499.477
499.477
499.476
499.476
499.476
499.476
499.476
499.476
499.476
499.476
499.476
499.476
499.476
499.476
499.476
499.476
499.476
499.476
499.475
499.475
499.475
499.475
499.475
499.475
499.475
499.475
499.475
499.475
499.475
499.475
499.475
499.475
499.475
499.475
499.474
499.474
499.474
499.474
499.474
499.474
499.474
499.474
499.474
499.474
499.474
499.474
499.474
499.474
499.474
499.473
499.473
499.473
499.473
499.473
499.473
499.473
499.473
499.473
499.473
499.473
499.473
499.473
499.473
499.473
499.472
499.472
499.472
499.472
499.472
499.472
499.472
499.472
499.472
499.472
499.472
499.472
499.472
499.472
499.471
499.471
499.471
499.471
499.471
499.471
499.471
499.471
499.471
499.471
499.471
499.471
499.471
499.471
499.47
499.47
499.47
499.47
499.47
499.47
499.47
499.47
499.47
499.47
499.47
499.47
499.47
499.47
499.469
499.469
499.469
499.469
499.469
499.469
499.469
499.469
499.469
499.469
499.469
499.469
499.469
499.468
499.468
499.468
499.468
499.468
499.468
499.468
499.468
499.468
499.468
499.468
499.468
499.468
499.467
499.467
499.467
499.467
499.467
499.467
499.467
499.467
499.467
499.467
499.467
499.467
499.467
499.466
499.466
499.466
499.466
499.466
499.466
499.466
499.466
499.466
499.466
499.466
499.466
499.465
499.465
499.465
499.465
499.465
499.465
499.465
499.465
499.465
499.465
499.465
499.465
499.465
499.464
499.464
499.464
499.464
499.464
499.464
499.464
499.464
499.464
499.464
499.464
499.463
499.463
499.463
499.463
499.463
499.463
499.463
499.463
499.463
499.463
499.463
499.463
499.462
499.462
499.462
499.462
499.462
499.462
499.462
499.462
499.462
499.462
499.462
499.461
499.461
499.461
499.461
499.461
499.461
499.461
499.461
499.461
499.461
499.461
499.46
499.46
499.46
499.46
499.46
499.46
499.46
499.46
499.46
499.46
499.46
499.459
499.459
499.459
499.459
499.459
499.459
499.459
499.459
499.459
499.459
499.459
499.458
499.458
499.458
499.458
499.458
499.458
499.458
499.458
499.458
499.458
499.457
499.457
499.457
499.457
499.457
499.457
499.457
499.457
499.457
499.457
499.456
499.456
499.456
499.456
499.456
499.456
499.456
499.456
499.456
499.456
499.455
499.455
499.455
499.455
499.455
499.455
499.455
499.455
499.455
499.454
499.454
499.454
499.454
499.454
499.454
499.454
499.454
499.454
499.454
499.453
499.453
499.453
499.453
499.453
499.453
499.453
499.453
499.453
499.452
499.452
499.452
499.452
499.452
499.452
499.452
499.452
499.452
499.451
499.451
499.451
499.451
499.451
499.451
499.451
499.451
499.451
499.45
499.45
499.45
499.45
499.45
499.45
499.45
499.45
499.45
499.449
499.449
499.449
499.449
499.449
499.449
499.449
499.449
499.448
499.448
499.448
499.448
499.448
499.448
499.448
499.448
499.448
499.447
499.447
499.447
499.447
499.447
499.447
499.447
499.447
499.446
499.446
499.446
499.446
499.446
499.446
499.446
499.446
499.445
499.445
499.445
499.445
499.445
499.445
499.445
499.445
499.444
499.444
499.444
499.444
499.444
499.444
499.444
499.444
499.443
499.443
499.443
499.443
499.443
499.443
499.443
499.442
499.442
499.442
499.442
499.442
499.442
499.442
499.442
499.441
499.441
499.441
499.441
499.441
499.441
499.441
499.44
499.44
499.44
499.44
499.44
499.44
499.44
499.439
499.439
499.439
499.439
499.439
499.439
499.439
499.438
499.438
499.438
499.438
499.438
499.438
499.438
499.437
499.437
499.437
499.437
499.437
499.437
499.437
499.436
499.436
499.436
499.436
499.436
499.436
499.436
499.435
499.435
499.435
499.435
499.435
499.435
499.434
499.434
499.434
499.434
499.434
499.434
499.434
499.433
499.433
499.433
499.433
499.433
499.433
499.432
499.432
499.432
499.432
499.432
499.432
499.431
499.431
499.431
499.431
499.431
499.431
499.43
499.43
499.43
499.43
499.43
499.43
499.429
499.429
499.429
499.429
499.429
499.429
499.428
499.428
499.428
499.428
499.428
499.428
499.427
499.427
499.427
499.427
499.427
499.427
499.426
499.426
499.426
499.426
499.426
499.425
499.425
499.425
499.425
499.425
499.425
499.424
499.424
499.424
499.424
499.424
499.423
499.423
499.423
499.423
499.423
499.423
499.422
499.422
499.422
499.422
499.422
499.421
499.421
499.421
499.421
499.421
499.42
499.42
499.42
499.42
499.42
499.419
499.419
499.419
499.419
499.419
499.418
499.418
499.418
499.418
499.418
499.417
499.417
499.417
499.417
499.417
499.416
499.416
499.416
499.416
499.416
499.415
499.415
499.415
499.415
499.415
499.414
499.414
499.414
499.414
499.413
499.413
499.413
499.413
499.413
499.412
499.412
499.412
499.412
499.411
499.411
499.411
499.411
499.411
499.41
499.41
499.41
499.41
499.409
499.409
499.409
499.409
499.409
499.408
499.408
499.408
499.408
499.407
499.407
499.407
499.407
499.406
499.406
499.406
499.406
499.405
499.405
499.405
499.405
499.404
499.404
499.404
499.404
499.403
499.403
499.403
499.403
499.402
499.402
499.402
499.402
499.401
499.401
499.401
499.401
499.4
499.4
499.4
499.4
499.399
499.399
499.399
499.399
499.398
499.398
499.398
499.397
499.397
499.397
499.397
499.396
499.396
499.396
499.396
499.395
499.395
499.395
499.394
499.394
499.394
499.394
499.393
499.393
499.393
499.392
499.392
499.392
499.392
499.391
499.391
499.391
499.39
499.39
499.39
499.389
499.389
499.389
499.389
499.388
499.388
499.388
499.387
499.387
499.387
499.386
499.386
499.386
499.385
499.385
499.385
499.385
499.384
499.384
499.384
499.383
499.383
499.383
499.382
499.382
499.382
499.381
499.381
499.381
499.38
499.38
499.38
499.379
499.379
499.379
499.378
499.378
499.378
499.377
499.377
499.376
499.376
499.376
499.375
499.375
499.375
499.374
499.374
499.374
499.373
499.373
499.373
499.372
499.372
499.371
499.371
499.371
499.37
499.37
499.37
499.369
499.369
499.368
499.368
499.368
499.367
499.367
499.366
499.366
499.366
499.365
499.365
499.364
499.364
499.364
499.363
499.363
499.362
499.362
499.362
499.361
499.361
499.36
499.36
499.359
499.359
499.359
499.358
499.358
499.357
499.357
499.356
499.356
499.356
499.355
499.355
499.354
499.354
499.353
499.353
499.352
499.352
499.351
499.351
499.351
499.35
499.35
499.349
499.349
499.348
499.348
499.347
499.347
499.346
499.346
499.345
499.345
499.344
499.344
499.343
499.343
499.342
499.342
499.341
499.341
499.34
499.34
499.339
499.339
499.338
499.338
499.337
499.337
499.336
499.335
499.335
499.334
499.334
499.333
499.333
499.332
499.332
499.331
499.33
499.33
499.329
499.329
499.328
499.328
499.327
499.326
499.326
499.325
499.325
499.324
499.323
499.323
499.322
499.322
499.321
499.32
499.32
499.319
499.318
499.318
499.317
499.317
499.316
499.315
499.315
499.314
499.313
499.313
499.312
499.311
499.311
499.31
499.309
499.309
499.308
499.307
499.306
499.306
499.305
499.304
499.304
499.303
499.302
499.301
499.301
499.3
499.299
499.299
499.298
499.297
499.296
499.295
499.295
499.294
499.293
499.292
499.292
499.291
499.29
499.289
499.288
499.288
499.287
499.286
499.285
499.284
499.283
499.283
499.282
499.281
499.28
499.279
499.278
499.277
499.276
499.276
499.275
499.274
499.273
499.272
499.271
499.27
499.269
499.268
499.267
499.266
499.265
499.264
499.263
499.262
499.261
499.26
499.259
499.258
499.257
499.256
499.255
499.254
499.253
499.252
499.251
499.25
499.249
499.248
499.247
499.246
499.245
499.244
499.242
499.241
499.24
499.239
499.238
499.237
499.235
499.234
499.233
499.232
499.231
499.229
499.228
499.227
499.226
499.224
499.223
499.222
499.221
499.219
499.218
499.217
499.215
499.214
499.213
499.211
499.21
499.208
499.207
499.206
499.204
499.203
499.201
499.2
499.198
499.197
499.195
499.194
499.192
499.191
499.189
499.188
499.186
499.184
499.183
499.181
499.179
499.178
499.176
499.174
499.173
499.171
499.169
499.167
499.166
499.164
499.162
499.16
499.158
499.156
499.155
499.153
499.151
499.149
499.147
499.145
499.143
499.141
499.139
499.137
499.135
499.133
499.13
499.128
499.126
499.124
499.122
499.119
499.117
499.115
499.113
499.11
499.108
499.105
499.103
499.101
499.098
499.096
499.093
499.09
499.088
499.085
499.083
499.08
499.077
499.074
499.072
499.069
499.066
499.063
499.06
499.057
499.054
499.051
499.048
499.045
499.042
499.039
499.035
499.032
499.029
499.025
499.022
499.018
499.015
499.011
499.008
499.004
499
498.996
498.993
498.989
498.985
498.981
498.977
498.973
498.968
498.964
498.96
498.956
498.951
498.947
498.942
498.937
498.933
498.928
498.923
498.918
498.913
498.908
498.902
498.897
498.892
498.886
498.88
498.875
498.869
498.863
498.857
498.851
498.844
498.838
498.831
498.825
498.818
498.811
498.804
498.797
498.789
498.782
498.774
498.766
498.758
498.75
498.741
498.733
498.724
498.715
498.706
498.696
498.686
498.676
498.666
498.655
498.645
498.633
498.622
498.61
498.598
498.585
498.572
498.558
498.544
498.529
498.513
498.497
498.48
498.462
498.442
498.422
498.4
498.376
498.35
498.322
498.291
498.258
498.221
498.181
498.135
498.085
498.029
497.967
497.897
497.819
497.731
497.633
497.522
497.399
497.26
497.105
496.931
496.737
496.52
496.279
496.011
495.713
495.383
495.019
494.617
494.174
493.687
493.154
492.571
491.935
491.242
490.49
489.675
488.794
487.844
486.822
485.724
484.549
483.293
481.954
480.53
479.018
477.418
475.728
473.947
472.074
470.109
468.052
465.904
463.665
461.336
458.92
456.418
453.833
451.169
448.427
445.614
442.731
439.785
436.779
433.72
430.612
427.462
424.275
421.057
417.815
414.555
411.283
408.007
404.731
401.464
398.211
394.977
391.771
388.596
385.459
382.366
379.32
376.328
373.393
370.52
367.712
364.973
362.306
359.714
357.198
354.761
352.405
350.13
347.938
345.829
343.804
341.862
340.002
338.225
336.53
334.914
333.378
331.919
330.535
329.225
327.987
326.819
325.718
324.683
323.71
322.797
321.942
321.142
320.396
319.7
319.051
318.449
317.889
317.371
316.89
316.447
316.037
315.659
315.311
314.992
314.699
314.43
314.184
313.959
313.753
313.566
313.396
313.241
313.1
312.973
312.857
312.753
312.658
312.573
312.497
312.428
312.366
312.31
312.26
312.216
312.176
312.141
312.109
312.081
312.055
312.033
312.013
311.996
311.98
311.967
311.954
311.944
311.934
311.926
311.919
311.912
311.907
311.902
311.897
311.894
311.89
311.887
311.885
311.883
311.881
311.879
311.877
311.876
311.875
311.874
311.873
311.872
311.872
311.871
311.871
311.87
311.87
311.869
311.869
311.869
311.869
311.868
311.868
311.868
311.868
311.868
311.868
311.867
311.867
311.867
311.867
311.867
311.867
311.867
311.867
311.867
311.867
311.867
311.866
311.866
311.866
311.866
311.866
311.866
311.866
311.866
311.866
311.866
311.866
311.866
311.866
311.866
311.866
311.866
311.865
311.865
311.865
311.865
311.865
311.865
311.865
311.865
311.865
311.865
311.865
311.865
311.865
311.865
311.865
311.865
311.865
311.865
311.865
311.865
311.865
311.864
311.864
311.864
311.864
311.864
311.864
311.864
311.864
311.864
311.864
311.864
311.864
311.864
311.864
311.864
311.864
311.864
311.864
311.864
311.864
311.864
311.864
311.864
311.864
311.864
311.864
311.864
311.864
311.864
311.864
311.863
311.863
311.863
311.863
311.863
311.863
311.863
311.863
311.863
311.863
311.863
311.863
311.863
311.863
311.863
311.863
311.863
311.863
311.863
311.863
311.863
311.863
311.863
311.863
311.863
311.863
311.863
311.863
311.863
311.863
311.863
311.863
311.863
311.863
311.863
311.863
311.863
311.863
311.863
311.863
311.863
311.863
311.863
311.863
311.863
311.862
311.862
311.862
311.862
311.862
311.862
311.862
311.862
311.862
311.862
311.862
311.862
311.862
311.862
311.862
311.862
311.862
311.862
311.862
311.862
311.862
311.862
311.862
311.862
311.862
311.862
311.862
311.862
311.862
311.862
311.862
311.862
311.862
311.862
311.862
311.862
311.862
311.862
311.862
311.862
311.862
311.862
311.862
311.862
311.862
311.862
311.862
311.862
311.862
311.862
311.862
311.862
311.862
311.862
311.862
311.862
311.862
311.862
311.862
311.862
311.862
311.862
311.862
311.862
311.862
311.862
311.862
311.862
311.862
311.862
311.862
311.862
311.862
311.862
311.861
311.861
311.861
311.861
311.861
311.861
311.861
311.861
311.861
311.861
311.861
311.861
311.861
311.861
311.861
311.861
311.861
311.861
311.861
311.861
311.861
311.861
311.861
311.861
311.861
311.861
311.861
311.861
311.861
311.861
311.861
311.861
311.861
311.861
311.861
311.861
311.861
311.861
311.861
311.861
311.861
311.861
311.861
311.861
311.861
311.861
311.861
311.861
311.861
311.861
311.861
311.861
311.861
311.861
311.861
311.861
311.861
311.861
311.861
311.861
311.861
311.861
311.861
311.861
311.861
311.861
311.861
311.861
311.861
311.861
311.861
311.861
311.861
311.861
311.861
311.861
311.861
311.861
311.861
311.861
311.861
311.861
311.861
311.861
311.861
311.861
311.861
311.861
311.861
311.861
311.861
311.861
311.861
311.861
311.861
311.861
311.861
311.861
311.861
311.861
311.861
311.861
311.861
311.861
311.861
311.861
311.861
311.861
311.861
311.861
311.861
311.861
311.861
311.861
311.861
311.861
311.861
311.861
311.861
311.861
311.861
311.861
311.861
311.861
311.861
311.861
311.861
311.861
311.861
311.861
311.861
311.861
311.861
311.861
311.861
311.861
311.861
311.861
311.861
311.861
311.861
311.861
311.861
311.861
311.861
311.861
311.861
311.861
311.861
311.861
311.861
311.861
311.861
311.861
311.861
311.861
311.861
311.861
311.861
311.861
311.861
311.861
311.861
311.861
311.861
311.861
311.861
311.861
311.861
311.861
311.86
311.86
311.86
311.86
311.86
311.86
311.86
311.86
311.86
311.86
311.86
311.86
311.86
311.86
311.86
311.86
311.86
311.86
311.86
311.86
311.86
311.86
311.86
311.86
311.86
311.86
311.86
311.86
311.86
311.86
311.86
311.86
311.86
311.86
311.86
311.86
311.86
311.86
311.86
311.86
311.86
311.86
311.86
311.86
311.86
311.86
311.86
311.86
311.86
311.86
311.86
311.86
311.86
311.86
311.86
311.86
311.86
311.86
311.86
311.86
311.86
311.86
311.86
311.86
311.86
311.86
311.86
311.86
311.86
311.86
311.86
311.86
311.86
311.86
311.86
311.86
311.86
311.86
311.86
311.86
311.86
311.86
311.86
311.86
311.86
311.86
311.86
311.86
311.86
311.86
311.86
311.86
311.86
311.86
311.86
311.86
311.86
311.86
311.86
311.86
311.86
311.86
311.86
311.86
311.86
311.86
311.86
311.86
311.86
311.86
311.86
311.86
311.86
311.86
311.86
311.86
311.86
311.86
311.86
311.86
311.86
311.86
311.86
311.86
311.86
311.86
311.86
311.86
311.86
311.86
311.86
311.86
311.86
311.86
311.86
311.86
311.86
311.86
311.86
311.86
311.86
311.86
311.86
311.86
311.86
311.86
311.86
311.86
311.86
311.86
311.86
311.86
311.86
311.86
311.86
311.86
311.86
311.86
311.86
311.86
311.86
311.86
311.86
311.86
311.86
311.86
311.86
311.86
311.86
311.86
311.86
311.86
311.86
311.86
311.86
311.86
311.86
311.86
311.86
311.86
311.86
311.86
311.86
311.86
311.86
311.86
311.86
311.86
311.86
311.86
311.86
311.86
311.86
311.86
311.86
311.86
311.86
311.86
311.86
311.86
311.86
311.86
311.86
311.86
311.86
311.86
311.86
311.86
311.86
311.86
311.86
311.86
311.86
311.86
311.86
311.86
311.86
311.86
311.86
311.86
311.86
311.86
311.86
311.86
311.86
311.86
311.86
311.86
311.86
311.86
311.86
311.86
311.86
311.86
311.86
311.86
311.86
311.86
311.86
311.86
311.86
311.86
311.86
311.86
311.86
311.86
311.86
311.86
311.86
311.86
311.86
311.86
311.86
311.86
311.86
311.86
311.86
311.86
311.86
311.86
311.86
311.86
311.86
311.86
311.86
311.86
311.86
311.86
311.86
311.86
311.86
311.86
311.86
311.86
311.86
311.86
311.86
311.86
311.86
311.86
311.86
311.86
311.86
311.86
311.86
311.86
311.86
311.86
311.86
311.86
311.86
311.86
311.86
311.86
311.86
311.86
311.86
311.86
311.86
311.86
311.86
311.86
311.86
311.86
311.86
311.86
311.86
311.86
311.86
311.86
311.86
311.86
311.86
311.86
311.86
311.86
311.86
311.86
311.86
311.86
311.86
311.86
311.86
311.86
311.86
311.86
311.86
311.86
311.86
311.86
311.86
311.86
311.86
311.86
311.86
311.86
311.86
311.86
311.86
311.86
311.86
311.86
311.86
311.86
311.86
311.86
311.86
311.86
311.86
311.86
311.86
311.86
311.86
311.86
311.86
311.86
311.86
311.86
311.86
311.86
311.86
311.86
311.86
311.86
311.86
311.86
311.86
311.86
311.86
311.86
311.86
311.86
311.86
311.86
311.86
311.86
311.86
311.86
311.86
311.86
311.86
311.86
311.859
311.859
311.859
311.859
311.859
311.859
311.859
311.859
311.859
311.859
311.859
311.859
311.859
311.859
311.859
311.859
311.859
311.859
311.859
311.859
311.859
311.859
311.859
311.859
311.859
311.859
311.859
311.859
311.859
311.859
311.859
311.859
311.859
311.859
311.859
311.859
311.859
311.859
311.859
311.859
311.859
311.859
311.859
311.859
311.859
311.859
311.859
311.859
311.859
311.859
311.859
311.859
311.859
311.859
311.859
311.859
311.859
311.859
311.859
311.859
311.859
311.859
311.859
311.859
311.859
311.859
311.859
311.859
311.859
311.859
311.859
311.859
311.859
311.859
311.859
311.859
311.859
311.859
311.859
311.859
311.859
311.859
311.859
311.859
311.859
311.859
311.859
311.859
311.859
311.859
311.859
311.859
311.859
311.859
311.859
311.859
311.859
311.859
311.859
311.859
311.859
311.859
311.859
311.859
311.859
311.859
311.859
311.859
311.859
311.859
311.859
311.859
311.859
311.859
311.859
311.859
311.859
311.859
311.859
311.859
311.859
311.859
311.859
311.859
311.859
311.859
311.859
311.859
311.859
311.859
311.859
311.859
311.859
311.859
311.859
311.859
311.859
311.859
311.859
311.859
311.859
311.859
311.859
311.859
311.859
311.859
311.859
311.859
311.859
311.859
311.859
311.859
311.859
311.859
311.859
311.859
311.859
311.859
311.859
311.859
311.859
311.859
311.859
311.859
311.859
311.859
311.859
311.859
311.859
311.859
311.859
311.859
311.859
311.859
311.859
311.859
311.859
311.859
311.859
311.859
311.859
311.859
311.859
311.859
311.859
311.859
311.859
311.859
311.859
311.859
311.859
311.859
311.859
311.859
311.859
311.859
311.859
311.859
311.859
311.859
311.859
311.859
311.859
311.859
311.859
311.859
311.859
311.859
311.859
311.859
311.859
311.859
311.859
311.859
311.859
311.859
311.859
311.859
311.859
311.859
311.859
311.859
311.859
311.859
311.859
311.859
311.859
311.859
311.859
311.859
311.859
311.859
311.859
311.859
311.859
311.859
311.859
311.859
311.859
311.859
311.859
311.859
311.859
311.859
311.859
311.859
311.859
311.859
311.859
311.859
311.859
311.859
311.859
311.859
311.859
311.859
311.859
311.859
311.859
311.859
311.859
311.859
311.859
311.859
311.859
311.859
311.859
311.859
311.859
311.859
311.859
311.859
311.859
311.859
311.859
311.859
311.859
311.859
311.859
311.859
311.859
311.859
311.859
311.859
311.859
311.859
311.859
311.859
311.859
311.859
311.859
311.859
311.859
311.859
311.859
311.859
311.859
311.859
311.859
311.859
311.859
311.859
311.859
311.859
311.859
311.859
311.859
311.859
311.859
311.859
311.859
311.859
311.859
311.859
311.859
311.859
311.859
311.859
311.859
311.859
311.859
311.859
311.859
311.859
311.859
311.859
311.859
311.859
311.859
311.859
311.859
311.859
311.859
311.859
311.859
311.859
311.859
311.859
311.859
311.859
311.859
311.859
311.859
311.859
311.859
311.859
311.859
311.859
311.859
311.859
311.859
311.859
311.859
311.859
311.859
311.859
311.859
311.859
311.859
311.859
311.859
311.859
311.859
311.859
311.859
311.859
311.859
311.859
311.859
311.859
311.859
311.859
311.859
311.859
311.859
311.859
311.859
311.859
311.859
311.859
311.859
311.859
311.859
311.859
311.859
311.859
311.859
311.859
311.859
311.859
311.859
311.859
311.859
311.859
311.859
311.859
311.859
311.859
311.859
311.859
311.859
311.858
311.858
311.858
311.858
311.858
311.858
311.858
311.858
311.858
311.858
311.858
311.858
311.858
311.858
311.858
311.858
311.858
311.858
311.858
311.858
311.858
311.858
311.858
311.858
311.858
311.858
311.858
311.858
311.858
311.858
311.858
311.858
311.858
311.858
311.858
311.858
311.858
311.858
311.858
311.858
311.858
311.858
311.858
311.858
311.858
311.858
311.858
311.858
311.858
311.858
311.858
311.858
311.858
311.858
311.858
311.858
311.858
311.858
311.858
311.858
311.858
311.858
311.858
311.858
311.858
311.858
311.858
311.858
311.858
311.858
311.858
311.858
311.858
311.858
311.858
311.858
311.858
311.858
311.858
311.858
311.858
311.858
311.858
311.858
311.858
311.858
311.858
311.858
311.858
311.858
311.858
311.858
311.858
311.858
311.858
311.858
311.858
311.858
311.858
311.858
311.858
311.858
311.858
311.858
311.858
311.858
311.858
311.858
311.858
311.858
311.858
311.858
311.858
311.858
311.858
311.858
311.858
311.858
311.858
311.858
311.858
311.858
311.858
311.858
311.858
311.858
311.858
311.858
311.858
311.858
311.858
311.858
311.858
311.858
311.858
311.858
311.858
311.858
311.858
311.858
311.858
311.858
311.858
311.858
311.858
311.858
311.858
311.858
311.858
311.858
311.858
311.858
311.858
311.858
311.858
311.858
311.858
311.858
311.858
311.858
311.858
311.858
311.858
311.858
311.858
311.858
311.858
311.858
311.858
311.858
311.858
311.858
311.858
311.858
311.858
311.858
311.858
311.858
311.858
311.858
311.858
311.858
311.858
311.858
311.858
311.858
311.858
311.858
311.858
311.858
311.858
311.858
311.858
311.858
311.858
311.858
311.858
311.858
311.858
311.858
311.858
311.858
311.858
311.858
311.858
311.858
311.858
311.858
311.858
311.858
311.858
311.857
311.857
311.857
311.857
311.857
311.857
311.857
311.857
311.857
311.858
311.858
311.858
311.858
311.858
311.858
311.858
311.858
311.858
311.858
311.858
311.858
311.857
311.857
311.857
311.857
311.857
311.857
311.857
311.857
311.857
311.857
311.857
311.858
311.858
311.858
311.858
311.858
311.858
311.858
311.858
311.858
311.857
311.857
311.857
311.857
311.857
311.857
311.857
311.857
311.857
311.857
311.857
311.857
311.857
311.857
311.857
311.857
311.857
311.857
311.856
311.855
311.853
311.85
311.842
311.828
311.797
311.739
311.627
311.391
310.918
309.942
307.865
303.01
291.608
265.375
210.882
137.961
69.5361
26.563
8.01849
2.11488
0.531891
0.132248
0.0328155
0.00814088
0.00201962
0.000501041
0.000124303
3.08383e-05
7.65069e-06
1.89807e-06
4.70895e-07
1.16827e-07
2.89859e-08
7.19333e-09
1.78676e-09
4.45397e-10
1.126e-10
3.00702e-11
9.69891e-12
4.90274e-12
3.87246e-12
3.62377e-12
3.58114e-12
3.58114e-12
3.57403e-12
3.57403e-12
3.60956e-12
3.56692e-12
3.58114e-12
3.58824e-12
3.56692e-12
3.49587e-12
3.45324e-12
3.38218e-12
3.4035e-12
3.33245e-12
3.23297e-12
3.16902e-12
3.08376e-12
3.0056e-12
2.94875e-12
2.8848e-12
2.77822e-12
2.72848e-12
2.65032e-12
2.6219e-12
2.58638e-12
2.53664e-12
2.52953e-12
2.55795e-12
2.46558e-12
2.45137e-12
2.52243e-12
2.60059e-12
2.65032e-12
2.76401e-12
2.97007e-12
3.1406e-12
3.19744e-12
3.25429e-12
3.41061e-12
3.48876e-12
3.55982e-12
3.60245e-12
3.73745e-12
3.75167e-12
3.65219e-12
3.7943e-12
3.76588e-12
3.75877e-12
3.73745e-12
3.82983e-12
3.93641e-12
4.03588e-12
4.0643e-12
4.14957e-12
4.14246e-12
4.28457e-12
4.35563e-12
4.448e-12
4.41958e-12
4.53326e-12
4.46221e-12
4.62563e-12
4.55458e-12
4.56168e-12
4.51195e-12
4.52616e-12
4.46931e-12
4.47642e-12
4.51905e-12
4.448e-12
4.36273e-12
4.39115e-12
4.34142e-12
4.44089e-12
4.41958e-12
4.38405e-12
4.39115e-12
4.34142e-12
4.39826e-12
4.448e-12
4.49774e-12
4.49063e-12
4.51905e-12
4.52616e-12
4.50484e-12
4.49063e-12
4.42668e-12
4.46931e-12
4.50484e-12
4.50484e-12
4.50484e-12
4.49774e-12
4.37694e-12
4.31299e-12
4.19931e-12
4.03588e-12
3.85825e-12
3.82272e-12
3.75167e-12
3.69482e-12
3.58114e-12
3.60956e-12
3.59535e-12
3.54561e-12
3.45324e-12
3.47455e-12
3.51008e-12
3.5314e-12
3.6664e-12
3.63798e-12
3.68772e-12
3.62377e-12
3.55982e-12
3.55271e-12
3.55982e-12
3.51008e-12
3.48876e-12
3.49587e-12
3.65219e-12
3.58114e-12
3.55982e-12
3.58114e-12
3.5385e-12
3.55982e-12
3.43192e-12
3.30402e-12
3.28981e-12
3.28981e-12
3.24007e-12
3.28981e-12
3.19744e-12
3.12639e-12
3.1406e-12
3.08376e-12
3.01981e-12
2.8848e-12
2.77112e-12
2.69296e-12
2.6219e-12
2.57216e-12
2.67875e-12
2.63611e-12
2.65032e-12
2.60059e-12
2.55795e-12
2.59348e-12
2.57216e-12
2.58638e-12
2.59348e-12
2.65743e-12
2.72138e-12
2.6148e-12
2.6148e-12
2.49401e-12
2.52243e-12
2.55795e-12
2.57216e-12
2.57927e-12
2.57927e-12
2.52243e-12
2.52243e-12
2.52953e-12
2.4869e-12
2.43716e-12
2.4869e-12
2.52953e-12
2.51532e-12
2.4869e-12
2.54374e-12
2.50822e-12
2.58638e-12
2.70717e-12
2.81375e-12
2.89901e-12
3.07665e-12
3.19034e-12
3.2756e-12
3.26139e-12
3.42482e-12
3.50298e-12
3.54561e-12
3.51719e-12
3.50298e-12
3.51008e-12
3.5385e-12
3.56692e-12
3.62377e-12
3.59535e-12
3.55982e-12
3.57403e-12
3.54561e-12
3.57403e-12
3.60956e-12
3.55271e-12
3.60245e-12
3.61666e-12
3.59535e-12
3.5385e-12
3.51719e-12
3.51008e-12
3.48166e-12
3.58824e-12
3.6664e-12
3.68061e-12
3.75167e-12
3.91509e-12
4.07141e-12
4.08562e-12
4.22062e-12
4.23483e-12
4.22773e-12
4.1851e-12
4.12115e-12
4.20641e-12
4.20641e-12
4.29878e-12
4.37694e-12
4.29168e-12
4.33431e-12
4.3201e-12
4.29168e-12
4.39115e-12
4.39826e-12
4.39115e-12
4.51905e-12
4.40536e-12
4.37694e-12
4.38405e-12
4.39826e-12
4.40536e-12
4.36273e-12
4.34852e-12
4.34852e-12
4.43379e-12
4.43379e-12
4.448e-12
4.40536e-12
4.49774e-12
4.38405e-12
4.41958e-12
4.40536e-12
4.34852e-12
4.41958e-12
4.47642e-12
4.39115e-12
4.44089e-12
4.36273e-12
4.43379e-12
4.46221e-12
4.41247e-12
4.41958e-12
4.43379e-12
4.3201e-12
4.1922e-12
4.14246e-12
4.03588e-12
3.97904e-12
3.87246e-12
3.83693e-12
3.70903e-12
3.70903e-12
3.63087e-12
3.60245e-12
3.5314e-12
3.5385e-12
3.43903e-12
3.29692e-12
3.15481e-12
3.20455e-12
3.1477e-12
3.13349e-12
3.01981e-12
2.93454e-12
2.72848e-12
2.74269e-12
2.73559e-12
2.73559e-12
2.66454e-12
2.57927e-12
2.58638e-12
2.59348e-12
2.6148e-12
2.65032e-12
2.65032e-12
2.59348e-12
2.58638e-12
2.64322e-12
2.55795e-12
2.4869e-12
2.46558e-12
2.52243e-12
2.56506e-12
2.6219e-12
2.66454e-12
2.82796e-12
3.04823e-12
3.1406e-12
3.22586e-12
3.30402e-12
3.45324e-12
3.5385e-12
3.45324e-12
3.48166e-12
3.47455e-12
3.55271e-12
3.49587e-12
3.45324e-12
3.46034e-12
3.45324e-12
3.56692e-12
3.58824e-12
3.48876e-12
3.55271e-12
3.52429e-12
3.54561e-12
3.49587e-12
3.49587e-12
3.48876e-12
3.48166e-12
3.45324e-12
3.48166e-12
3.43192e-12
3.31113e-12
3.31823e-12
3.2756e-12
3.29692e-12
3.23297e-12
3.1477e-12
3.16192e-12
2.98428e-12
2.84217e-12
2.84928e-12
2.73559e-12
2.66454e-12
2.56506e-12
2.6148e-12
2.55085e-12
2.47269e-12
2.45137e-12
2.39453e-12
2.51532e-12
2.46558e-12
2.52243e-12
2.54374e-12
2.50111e-12
2.44427e-12
2.40874e-12
2.53664e-12
2.63611e-12
2.72848e-12
2.71427e-12
2.77822e-12
2.87059e-12
3.05533e-12
3.15481e-12
3.24718e-12
3.29692e-12
3.33955e-12
3.44613e-12
3.43903e-12
3.47455e-12
3.52429e-12
3.56692e-12
3.49587e-12
3.5314e-12
3.51719e-12
3.5314e-12
3.60245e-12
3.60956e-12
3.67351e-12
3.77298e-12
3.91509e-12
4.02878e-12
4.02878e-12
4.13536e-12
4.22062e-12
4.25615e-12
4.28457e-12
4.38405e-12
4.39115e-12
4.42668e-12
4.43379e-12
4.34852e-12
4.24194e-12
4.29168e-12
4.26326e-12
4.29878e-12
4.32721e-12
4.34142e-12
4.22773e-12
4.22062e-12
4.36984e-12
4.34852e-12
4.34852e-12
4.24905e-12
4.27747e-12
4.26326e-12
4.10694e-12
3.96483e-12
3.80851e-12
3.7943e-12
3.70903e-12
3.60245e-12
3.48876e-12
3.5314e-12
3.51008e-12
3.50298e-12
3.46745e-12
3.50298e-12
3.47455e-12
3.46034e-12
3.33955e-12
3.41061e-12
3.39639e-12
3.37508e-12
3.37508e-12
3.46745e-12
3.48876e-12
3.45324e-12
3.46034e-12
3.54561e-12
3.49587e-12
3.50298e-12
3.52429e-12
3.74456e-12
3.87956e-12
4.03588e-12
4.12825e-12
4.11404e-12
4.16378e-12
4.22773e-12
4.35563e-12
4.44089e-12
4.4551e-12
4.448e-12
4.36984e-12
4.41958e-12
4.39826e-12
4.39826e-12
4.49063e-12
4.41958e-12
4.42668e-12
4.51905e-12
4.49774e-12
4.36273e-12
4.35563e-12
4.44089e-12
4.49774e-12
4.41958e-12
4.36273e-12
4.35563e-12
4.34852e-12
4.41958e-12
4.47642e-12
4.51195e-12
4.54747e-12
4.51905e-12
4.64695e-12
4.76774e-12
4.83169e-12
4.94538e-12
4.98801e-12
5.03775e-12
5.03064e-12
5.04485e-12
5.08038e-12
5.1017e-12
5.11591e-12
5.03064e-12
4.91696e-12
4.79616e-12
4.72511e-12
4.62563e-12
4.50484e-12
4.51195e-12
4.36273e-12
4.25615e-12
4.22773e-12
4.12825e-12
3.99325e-12
3.82272e-12
3.73745e-12
3.63087e-12
3.5314e-12
3.54561e-12
3.45324e-12
3.34666e-12
3.31113e-12
3.24718e-12
3.36087e-12
3.39639e-12
3.28271e-12
3.2756e-12
3.26139e-12
3.1477e-12
2.97717e-12
2.92744e-12
2.80664e-12
2.87059e-12
2.84928e-12
2.70717e-12
2.67875e-12
2.55085e-12
2.55795e-12
2.47269e-12
2.56506e-12
2.56506e-12
2.56506e-12
2.68585e-12
2.71427e-12
2.85638e-12
3.04112e-12
3.1406e-12
3.20455e-12
3.31823e-12
3.37508e-12
3.5385e-12
3.5314e-12
3.59535e-12
3.63798e-12
3.6593e-12
3.58824e-12
3.56692e-12
3.44613e-12
3.57403e-12
3.56692e-12
3.5385e-12
3.5314e-12
3.55982e-12
3.67351e-12
3.77298e-12
3.83693e-12
3.97193e-12
4.0643e-12
4.0572e-12
4.08562e-12
4.12115e-12
4.12825e-12
4.22773e-12
4.23483e-12
4.29878e-12
4.31299e-12
4.22773e-12
4.26326e-12
4.44089e-12
4.49063e-12
4.46931e-12
4.46221e-12
4.47642e-12
4.41247e-12
4.46931e-12
4.54037e-12
4.56879e-12
4.54747e-12
4.47642e-12
4.48352e-12
4.59011e-12
4.55458e-12
4.583e-12
4.64695e-12
4.67537e-12
4.718e-12
4.65405e-12
4.718e-12
4.68958e-12
4.7109e-12
4.72511e-12
4.66827e-12
4.76064e-12
4.73932e-12
4.51195e-12
4.37694e-12
4.34142e-12
4.13536e-12
4.04299e-12
3.94351e-12
3.87246e-12
3.82272e-12
3.84404e-12
3.76588e-12
3.7943e-12
3.84404e-12
3.90799e-12
3.91509e-12
3.94351e-12
4.09983e-12
4.12825e-12
4.17799e-12
4.1851e-12
4.1851e-12
4.03588e-12
4.08562e-12
4.00746e-12
4.02167e-12
3.88667e-12
3.84404e-12
3.8014e-12
3.80851e-12
3.67351e-12
3.63087e-12
3.57403e-12
3.45324e-12
3.48166e-12
3.51008e-12
3.50298e-12
3.38929e-12
3.31113e-12
3.23297e-12
3.1477e-12
3.08376e-12
3.04823e-12
2.87059e-12
2.82796e-12
2.82085e-12
2.77822e-12
2.70717e-12
2.77112e-12
2.69296e-12
2.6148e-12
2.60059e-12
2.62901e-12
2.49401e-12
2.6148e-12
2.66454e-12
2.70006e-12
2.73559e-12
2.72848e-12
2.78533e-12
2.83507e-12
2.85638e-12
2.89191e-12
2.99849e-12
3.16902e-12
3.24007e-12
3.31823e-12
3.41061e-12
3.41771e-12
3.51008e-12
3.52429e-12
3.57403e-12
3.56692e-12
3.61666e-12
3.56692e-12
3.69482e-12
3.62377e-12
3.72324e-12
3.81561e-12
3.94351e-12
3.99325e-12
4.08562e-12
4.17799e-12
4.24194e-12
4.24905e-12
4.32721e-12
4.39826e-12
4.32721e-12
4.25615e-12
4.19931e-12
4.21352e-12
4.24194e-12
4.10694e-12
4.05009e-12
3.97904e-12
3.87956e-12
3.91509e-12
3.87246e-12
3.75167e-12
3.68061e-12
3.68772e-12
3.6593e-12
3.55982e-12
3.45324e-12
3.5385e-12
3.47455e-12
3.48876e-12
3.44613e-12
3.56692e-12
3.60956e-12
3.60956e-12
3.55982e-12
3.43192e-12
3.44613e-12
3.55271e-12
3.60956e-12
3.61666e-12
3.63798e-12
3.67351e-12
3.8014e-12
3.78009e-12
3.85114e-12
3.97193e-12
4.09983e-12
4.14957e-12
4.22773e-12
4.31299e-12
4.31299e-12
4.34142e-12
4.39826e-12
4.27036e-12
4.24905e-12
4.32721e-12
4.27747e-12
4.27747e-12
4.22062e-12
4.27036e-12
4.14957e-12
4.17799e-12
4.26326e-12
4.23483e-12
4.16378e-12
4.07852e-12
4.10694e-12
4.09273e-12
4.02878e-12
4.0572e-12
4.10694e-12
4.16378e-12
4.17089e-12
4.15668e-12
4.17089e-12
4.10694e-12
4.01457e-12
3.97904e-12
3.86535e-12
3.90799e-12
4.00036e-12
3.90799e-12
3.85114e-12
3.85825e-12
3.85825e-12
3.81561e-12
3.74456e-12
3.69482e-12
3.43192e-12
3.43192e-12
3.39639e-12
3.28271e-12
3.28271e-12
3.2685e-12
3.15481e-12
3.10507e-12
3.10507e-12
3.0056e-12
2.97007e-12
2.92744e-12
3.04823e-12
3.06954e-12
3.09086e-12
3.02691e-12
3.0127e-12
3.1406e-12
3.19744e-12
3.16902e-12
3.11218e-12
3.20455e-12
3.1477e-12
3.1406e-12
3.13349e-12
3.16192e-12
3.15481e-12
3.12639e-12
3.08376e-12
2.99138e-12
2.97007e-12
2.99138e-12
2.99138e-12
2.94165e-12
2.97007e-12
2.97717e-12
2.94875e-12
2.83507e-12
2.89191e-12
2.92033e-12
3.0127e-12
3.0056e-12
3.04112e-12
2.94875e-12
3.04823e-12
3.05533e-12
3.09797e-12
3.16902e-12
3.22586e-12
3.16902e-12
3.18323e-12
3.2756e-12
3.31113e-12
3.41061e-12
3.39639e-12
3.5314e-12
3.6593e-12
3.85114e-12
3.97904e-12
4.02878e-12
4.05009e-12
4.00746e-12
4.08562e-12
4.14957e-12
4.10694e-12
4.14246e-12
4.21352e-12
4.17089e-12
4.19931e-12
4.16378e-12
4.10694e-12
4.02167e-12
3.93641e-12
3.84404e-12
3.83693e-12
3.71614e-12
3.68061e-12
3.59535e-12
3.46034e-12
3.48166e-12
3.43192e-12
3.31113e-12
3.20455e-12
3.20455e-12
3.18323e-12
3.10507e-12
3.16902e-12
3.10507e-12
3.04112e-12
2.99849e-12
2.99138e-12
3.03402e-12
3.11218e-12
3.09797e-12
3.08376e-12
3.0127e-12
2.97717e-12
3.02691e-12
3.03402e-12
3.1477e-12
3.09086e-12
3.1406e-12
3.21165e-12
3.2685e-12
3.31823e-12
3.28271e-12
3.32534e-12
3.32534e-12
3.35376e-12
3.44613e-12
3.51008e-12
3.51719e-12
3.6593e-12
3.61666e-12
3.70193e-12
3.78009e-12
3.82272e-12
3.85825e-12
3.78719e-12
3.77298e-12
3.82272e-12
3.74456e-12
3.75167e-12
3.76588e-12
3.75877e-12
3.71614e-12
3.8014e-12
3.78009e-12
3.75877e-12
3.86535e-12
3.77298e-12
3.78719e-12
3.7943e-12
3.67351e-12
3.6664e-12
3.60956e-12
3.52429e-12
3.4035e-12
3.35376e-12
3.33245e-12
3.32534e-12
3.2685e-12
3.2685e-12
3.21165e-12
3.19034e-12
3.12639e-12
3.04112e-12
2.99138e-12
2.92033e-12
2.92033e-12
2.84928e-12
2.82796e-12
2.78533e-12
2.82796e-12
2.85638e-12
2.84217e-12
2.87059e-12
2.80664e-12
2.81375e-12
2.73559e-12
2.60769e-12
2.6219e-12
2.59348e-12
2.59348e-12
2.65032e-12
2.60769e-12
2.68585e-12
2.68585e-12
2.72138e-12
2.73559e-12
2.65743e-12
2.66454e-12
2.80664e-12
2.8848e-12
2.98428e-12
3.11218e-12
3.23297e-12
3.43903e-12
3.43192e-12
3.50298e-12
3.46745e-12
3.54561e-12
3.54561e-12
3.54561e-12
3.5314e-12
3.55982e-12
3.51719e-12
3.55271e-12
3.44613e-12
3.46034e-12
3.43192e-12
3.47455e-12
3.46034e-12
3.42482e-12
3.45324e-12
3.4035e-12
3.28981e-12
3.17613e-12
3.09797e-12
3.06954e-12
2.94875e-12
2.92744e-12
2.82796e-12
2.72138e-12
2.59348e-12
2.55085e-12
2.43006e-12
2.31637e-12
2.23821e-12
2.26663e-12
2.28084e-12
2.20979e-12
2.20268e-12
2.07478e-12
1.98241e-12
1.85452e-12
1.82609e-12
1.80478e-12
1.76215e-12
1.68399e-12
1.69109e-12
1.67688e-12
1.64846e-12
1.60583e-12
1.62714e-12
1.64846e-12
1.64135e-12
1.71951e-12
1.62004e-12
1.68399e-12
1.76925e-12
1.80478e-12
1.84031e-12
1.88294e-12
1.87583e-12
1.88294e-12
1.86873e-12
1.89715e-12
1.91847e-12
1.95399e-12
1.9682e-12
2.01084e-12
2.11742e-12
2.25953e-12
2.18137e-12
2.26663e-12
2.34479e-12
2.36611e-12
2.42295e-12
2.49401e-12
2.6148e-12
2.70006e-12
2.64322e-12
2.60769e-12
2.6219e-12
2.65743e-12
2.50822e-12
2.47979e-12
2.47269e-12
2.4869e-12
2.33058e-12
2.224e-12
2.13873e-12
2.08189e-12
2.18847e-12
2.11742e-12
2.03215e-12
2.01794e-12
1.95399e-12
1.85452e-12
1.74794e-12
1.74083e-12
1.64846e-12
1.55609e-12
1.52056e-12
1.53477e-12
1.42109e-12
1.34293e-12
1.3145e-12
1.27898e-12
1.25766e-12
1.28608e-12
1.27187e-12
1.27898e-12
1.20792e-12
1.12266e-12
1.13687e-12
1.15818e-12
1.05871e-12
9.87654e-13
9.87654e-13
9.73444e-13
8.81073e-13
9.23706e-13
9.52127e-13
1.03739e-12
1.15108e-12
1.28608e-12
1.36424e-12
1.37135e-12
1.4424e-12
1.50635e-12
1.66978e-12
1.6982e-12
1.78346e-12
1.87583e-12
1.93268e-12
2.03926e-12
2.13163e-12
2.26663e-12
2.39453e-12
2.52243e-12
2.6148e-12
2.60059e-12
2.50822e-12
2.60769e-12
2.72848e-12
2.72848e-12
2.78533e-12
2.92744e-12
2.86349e-12
2.99138e-12
3.0056e-12
2.99138e-12
3.0127e-12
2.93454e-12
2.94165e-12
3.0056e-12
2.93454e-12
2.92033e-12
2.91323e-12
3.0056e-12
2.94165e-12
2.87059e-12
2.78533e-12
2.73559e-12
2.67875e-12
2.57927e-12
2.60059e-12
2.53664e-12
2.40874e-12
2.3519e-12
2.34479e-12
2.28795e-12
2.28795e-12
2.18847e-12
2.07478e-12
1.9682e-12
1.87583e-12
1.91847e-12
1.93268e-12
1.87583e-12
1.88294e-12
1.89004e-12
1.87583e-12
1.89004e-12
1.86873e-12
1.90425e-12
1.92557e-12
1.93268e-12
1.84741e-12
1.80478e-12
1.84031e-12
1.86162e-12
2.06057e-12
2.17426e-12
2.21689e-12
2.32347e-12
2.33769e-12
2.39453e-12
2.36611e-12
2.38032e-12
2.51532e-12
2.47979e-12
2.55085e-12
2.6148e-12
2.63611e-12
2.55085e-12
2.63611e-12
2.7498e-12
2.72848e-12
2.81375e-12
2.87059e-12
2.84928e-12
2.95586e-12
2.92744e-12
2.91323e-12
2.84928e-12
2.84928e-12
2.77112e-12
2.70717e-12
2.67875e-12
2.65743e-12
2.65743e-12
2.7498e-12
2.60059e-12
2.62901e-12
2.6219e-12
2.53664e-12
2.52953e-12
2.58638e-12
2.64322e-12
2.66454e-12
2.68585e-12
2.6148e-12
2.58638e-12
2.6148e-12
2.59348e-12
2.59348e-12
2.67875e-12
2.73559e-12
2.79954e-12
2.79243e-12
2.92033e-12
3.02691e-12
3.16902e-12
3.19034e-12
3.28981e-12
3.31823e-12
3.41061e-12
3.49587e-12
3.51719e-12
3.52429e-12
3.49587e-12
3.46745e-12
3.57403e-12
3.5385e-12
3.6593e-12
3.63087e-12
3.52429e-12
3.45324e-12
3.41061e-12
3.39639e-12
3.21876e-12
3.1406e-12
3.02691e-12
2.8848e-12
2.7498e-12
2.66454e-12
2.50822e-12
2.51532e-12
2.41585e-12
2.45137e-12
2.25953e-12
2.224e-12
2.2311e-12
2.20979e-12
2.11031e-12
1.97531e-12
1.98952e-12
2.02505e-12
2.06768e-12
2.08189e-12
2.14584e-12
2.3519e-12
2.57927e-12
2.65032e-12
2.74269e-12
2.82796e-12
2.85638e-12
2.92033e-12
2.85638e-12
2.89191e-12
2.91323e-12
3.04112e-12
3.16902e-12
3.18323e-12
3.34666e-12
3.31113e-12
3.30402e-12
3.31113e-12
3.35376e-12
3.41771e-12
3.34666e-12
3.28981e-12
3.28271e-12
3.16902e-12
3.25429e-12
3.15481e-12
2.98428e-12
2.93454e-12
2.93454e-12
2.80664e-12
2.82796e-12
2.74269e-12
2.67875e-12
2.72848e-12
2.7498e-12
2.80664e-12
2.78533e-12
2.81375e-12
2.83507e-12
2.82085e-12
2.83507e-12
2.87059e-12
2.86349e-12
2.91323e-12
2.97717e-12
3.09797e-12
3.16192e-12
3.21165e-12
3.28981e-12
3.33245e-12
3.48166e-12
3.63798e-12
3.6593e-12
3.68061e-12
3.80851e-12
3.87956e-12
3.9293e-12
3.98614e-12
3.94351e-12
3.98614e-12
4.07141e-12
4.05009e-12
4.14957e-12
4.15668e-12
4.1851e-12
4.24905e-12
4.1851e-12
4.07141e-12
3.97904e-12
3.93641e-12
3.97904e-12
3.95062e-12
3.85825e-12
3.9222e-12
4.00746e-12
4.0572e-12
3.95772e-12
3.89377e-12
3.80851e-12
3.78719e-12
3.74456e-12
3.62377e-12
3.58114e-12
3.60245e-12
3.58824e-12
3.47455e-12
3.48876e-12
3.41061e-12
3.28981e-12
3.34666e-12
3.2756e-12
3.33955e-12
3.37508e-12
3.38218e-12
3.2756e-12
3.16192e-12
3.22586e-12
3.1477e-12
3.16902e-12
3.18323e-12
3.18323e-12
3.24007e-12
3.31823e-12
3.31113e-12
3.38218e-12
3.39639e-12
3.39639e-12
3.42482e-12
3.41771e-12
3.34666e-12
3.4035e-12
3.26139e-12
3.28981e-12
3.24007e-12
3.33245e-12
3.36087e-12
3.28981e-12
3.32534e-12
3.24718e-12
3.24718e-12
3.13349e-12
3.05533e-12
2.93454e-12
2.8848e-12
2.80664e-12
2.70006e-12
2.65743e-12
2.52953e-12
2.49401e-12
2.50822e-12
2.43716e-12
2.47269e-12
2.31637e-12
2.17426e-12
2.13163e-12
2.13163e-12
2.15294e-12
2.089e-12
2.11742e-12
2.18847e-12
2.27374e-12
2.38032e-12
2.56506e-12
2.63611e-12
2.69296e-12
2.72848e-12
2.75691e-12
2.82796e-12
2.84928e-12
2.8848e-12
2.93454e-12
2.91323e-12
2.83507e-12
2.8848e-12
2.99849e-12
3.12639e-12
3.06244e-12
3.09797e-12
3.07665e-12
3.11218e-12
3.1406e-12
3.21876e-12
3.22586e-12
3.31823e-12
3.45324e-12
3.38929e-12
3.36797e-12
3.28981e-12
3.33955e-12
3.33245e-12
3.43903e-12
3.44613e-12
3.46034e-12
3.33245e-12
3.31113e-12
3.26139e-12
3.34666e-12
3.4035e-12
3.35376e-12
3.45324e-12
3.34666e-12
3.28271e-12
3.2685e-12
3.10507e-12
3.0127e-12
2.97007e-12
2.92744e-12
2.8777e-12
2.82796e-12
2.76401e-12
2.59348e-12
2.52953e-12
2.42295e-12
2.25242e-12
2.18847e-12
2.17426e-12
1.99663e-12
1.79767e-12
1.71241e-12
1.66267e-12
1.58451e-12
1.56319e-12
1.47082e-12
1.45661e-12
1.48503e-12
1.42819e-12
1.21503e-12
1.12976e-12
1.16529e-12
1.24345e-12
1.26477e-12
1.27187e-12
1.4353e-12
1.4424e-12
1.4353e-12
1.47793e-12
1.61293e-12
1.68399e-12
1.76925e-12
1.86873e-12
1.99663e-12
2.05347e-12
2.16005e-12
2.15294e-12
2.30926e-12
2.44427e-12
2.56506e-12
2.6148e-12
2.80664e-12
2.93454e-12
2.97007e-12
3.01981e-12
2.95586e-12
2.89191e-12
3.01981e-12
3.09797e-12
3.12639e-12
3.11928e-12
3.15481e-12
3.09797e-12
3.19744e-12
3.24718e-12
3.21876e-12
3.15481e-12
3.01981e-12
2.97007e-12
2.89191e-12
2.73559e-12
2.63611e-12
2.50822e-12
2.38032e-12
2.21689e-12
2.224e-12
2.15294e-12
2.06057e-12
1.95399e-12
1.94689e-12
1.79767e-12
1.71241e-12
1.74083e-12
1.65556e-12
1.61293e-12
1.58451e-12
1.58451e-12
1.49925e-12
1.39266e-12
1.25056e-12
1.1795e-12
1.02318e-12
1.08713e-12
1.0516e-12
1.02318e-12
1.01608e-12
1.06581e-12
1.06581e-12
1.08002e-12
1.05871e-12
9.66338e-13
9.80549e-13
1.0445e-12
1.15108e-12
1.22213e-12
1.24345e-12
1.40687e-12
1.37135e-12
1.39266e-12
1.47082e-12
1.47082e-12
1.59872e-12
1.79767e-12
1.93978e-12
1.98952e-12
2.089e-12
2.11742e-12
2.13163e-12
2.21689e-12
2.23821e-12
2.20268e-12
2.30926e-12
2.30926e-12
2.53664e-12
2.59348e-12
2.47269e-12
2.40874e-12
2.41585e-12
2.44427e-12
2.40874e-12
2.42295e-12
2.43716e-12
2.46558e-12
2.41585e-12
2.47269e-12
2.43006e-12
2.36611e-12
2.224e-12
2.18847e-12
2.13163e-12
2.14584e-12
2.16005e-12
2.06768e-12
1.98241e-12
2.02505e-12
1.98241e-12
1.89715e-12
1.84031e-12
1.93978e-12
1.84741e-12
1.78346e-12
1.80478e-12
1.86873e-12
1.79767e-12
1.71951e-12
1.73372e-12
1.79057e-12
1.85452e-12
1.88294e-12
1.88294e-12
1.90425e-12
1.89715e-12
1.88294e-12
1.92557e-12
1.88294e-12
1.91847e-12
1.91136e-12
1.86873e-12
1.9682e-12
2.03926e-12
2.12452e-12
2.23821e-12
2.2311e-12
2.24532e-12
2.30926e-12
2.30216e-12
2.45848e-12
2.4869e-12
2.40163e-12
2.40874e-12
2.3519e-12
2.34479e-12
2.27374e-12
2.25242e-12
2.25242e-12
2.21689e-12
2.25953e-12
2.28795e-12
2.27374e-12
2.33058e-12
2.24532e-12
2.27374e-12
2.30926e-12
2.3519e-12
2.41585e-12
2.40163e-12
2.50822e-12
2.59348e-12
2.60769e-12
2.54374e-12
2.60769e-12
2.60769e-12
2.64322e-12
2.68585e-12
2.70717e-12
2.64322e-12
2.53664e-12
2.56506e-12
2.50822e-12
2.47269e-12
2.29505e-12
2.24532e-12
2.27374e-12
2.20979e-12
2.13163e-12
1.9682e-12
1.81188e-12
1.77636e-12
1.66978e-12
1.60583e-12
1.64135e-12
1.66978e-12
1.59162e-12
1.6982e-12
1.65556e-12
1.66978e-12
1.69109e-12
1.65556e-12
1.60583e-12
1.62714e-12
1.62004e-12
1.5774e-12
1.48503e-12
1.37845e-12
1.37845e-12
1.29319e-12
1.34293e-12
1.20082e-12
1.19371e-12
1.10134e-12
1.09424e-12
1.03739e-12
9.45022e-13
8.95284e-13
8.95284e-13
9.02389e-13
9.59233e-13
1.05871e-12
1.02318e-12
9.73444e-13
9.66338e-13
1.05871e-12
9.80549e-13
9.59233e-13
9.45022e-13
1.0516e-12
9.23706e-13
8.3844e-13
8.52651e-13
7.53175e-13
6.82121e-13
6.89226e-13
7.31859e-13
6.6791e-13
6.32383e-13
6.60805e-13
7.31859e-13
7.74492e-13
8.31335e-13
8.73968e-13
9.02389e-13
9.80549e-13
1.0445e-12
1.0445e-12
1.10134e-12
1.11555e-12
1.25056e-12
1.37135e-12
1.39977e-12
1.42819e-12
1.5703e-12
1.62004e-12
1.66978e-12
1.76215e-12
1.92557e-12
2.089e-12
2.14584e-12
2.20979e-12
2.18137e-12
2.15294e-12
2.14584e-12
2.0961e-12
1.87583e-12
1.74083e-12
1.59872e-12
1.48503e-12
1.4424e-12
)
;

boundaryField
{
    sides
    {
        type            calculated;
        value           nonuniform List<scalar> 2(1.41901e-12 -4.46466e-12);
    }
    empty
    {
        type            empty;
        value           nonuniform List<scalar> 0();
    }
}


// ************************************************************************* //
