/*--------------------------------*- C++ -*----------------------------------*\
  =========                 |
  \\      /  F ield         | OpenFOAM: The Open Source CFD Toolbox
   \\    /   O peration     | Website:  https://openfoam.org
    \\  /    A nd           | Version:  9
     \\/     M anipulation  |
\*---------------------------------------------------------------------------*/
FoamFile
{
    format      ascii;
    class       labelList;
    note        "nPoints: 8514 nCells: 4096 nFaces: 16544 nInternalFaces: 8032";
    location    "constant/polyMesh";
    object      neighbour;
}
// * * * * * * * * * * * * * * * * * * * * * * * * * * * * * * * * * * * * * //


8032
(
1
32
2
33
3
34
4
35
5
36
6
37
7
38
8
39
9
40
10
41
11
42
12
43
13
44
14
45
15
46
16
47
17
48
18
49
19
50
20
51
21
52
22
53
23
54
24
55
25
56
26
57
27
58
28
59
29
60
30
61
31
62
63
33
64
34
65
35
66
36
67
37
68
38
69
39
70
40
71
41
72
42
73
43
74
44
75
45
76
46
77
47
78
48
79
49
80
50
81
51
82
52
83
53
84
54
85
55
86
56
87
57
88
58
89
59
90
60
91
61
92
62
93
63
94
95
65
96
66
97
67
98
68
99
69
100
70
101
71
102
72
103
73
104
74
105
75
106
76
107
77
108
78
109
79
110
80
111
81
112
82
113
83
114
84
115
85
116
86
117
87
118
88
119
89
120
90
121
91
122
92
123
93
124
94
125
95
126
127
97
128
98
129
99
130
100
131
101
132
102
133
103
134
104
135
105
136
106
137
107
138
108
139
109
140
110
141
111
142
112
143
113
144
114
145
115
146
116
147
117
148
118
149
119
150
120
151
121
152
122
153
123
154
124
155
125
156
126
157
127
158
159
129
160
130
161
131
162
132
163
133
164
134
165
135
166
136
167
137
168
138
169
139
170
140
171
141
172
142
173
143
174
144
175
145
176
146
177
147
178
148
179
149
180
150
181
151
182
152
183
153
184
154
185
155
186
156
187
157
188
158
189
159
190
191
161
192
162
193
163
194
164
195
165
196
166
197
167
198
168
199
169
200
170
201
171
202
172
203
173
204
174
205
175
206
176
207
177
208
178
209
179
210
180
211
181
212
182
213
183
214
184
215
185
216
186
217
187
218
188
219
189
220
190
221
191
222
223
193
224
194
225
195
226
196
227
197
228
198
229
199
230
200
231
201
232
202
233
203
234
204
235
205
236
206
237
207
238
208
239
209
240
210
241
211
242
212
243
213
244
214
245
215
246
216
247
217
248
218
249
219
250
220
251
221
252
222
253
223
254
255
225
256
226
257
227
258
228
259
229
260
230
261
231
262
232
263
233
264
234
265
235
266
236
267
237
268
238
269
239
270
240
271
241
272
242
273
243
274
244
275
245
276
246
277
247
278
248
279
249
280
250
281
251
282
252
283
253
284
254
285
255
286
287
257
288
258
289
259
290
260
291
261
292
262
293
263
294
264
295
265
296
266
297
267
298
268
299
269
300
270
301
271
302
272
303
273
304
274
305
275
306
276
307
277
308
278
309
279
310
280
311
281
312
282
313
283
314
284
315
285
316
286
317
287
318
319
289
320
290
321
291
322
292
323
293
324
294
325
295
326
296
327
297
328
298
329
299
330
300
331
301
332
302
333
303
334
304
335
305
336
306
337
307
338
308
339
309
340
310
341
311
342
312
343
313
344
314
345
315
346
316
347
317
348
318
349
319
350
351
321
352
322
353
323
354
324
355
325
356
326
357
327
358
328
359
329
360
330
361
331
362
332
363
333
364
334
365
335
366
336
367
337
368
338
369
339
370
340
371
341
372
342
373
343
374
344
375
345
376
346
377
347
378
348
379
349
380
350
381
351
382
383
353
384
354
385
355
386
356
387
357
388
358
389
359
390
360
391
361
392
362
393
363
394
364
395
365
396
366
397
367
398
368
399
369
400
370
401
371
402
372
403
373
404
374
405
375
406
376
407
377
408
378
409
379
410
380
411
381
412
382
413
383
414
415
385
416
386
417
387
418
388
419
389
420
390
421
391
422
392
423
393
424
394
425
395
426
396
427
397
428
398
429
399
430
400
431
401
432
402
433
403
434
404
435
405
436
406
437
407
438
408
439
409
440
410
441
411
442
412
443
413
444
414
445
415
446
447
417
448
418
449
419
450
420
451
421
452
422
453
423
454
424
455
425
456
426
457
427
458
428
459
429
460
430
461
431
462
432
463
433
464
434
465
435
466
436
467
437
468
438
469
439
470
440
471
441
472
442
473
443
474
444
475
445
476
446
477
447
478
479
449
480
450
481
451
482
452
483
453
484
454
485
455
486
456
487
457
488
458
489
459
490
460
491
461
492
462
493
463
494
464
495
465
496
466
497
467
498
468
499
469
500
470
501
471
502
472
503
473
504
474
505
475
506
476
507
477
508
478
509
479
510
511
481
512
482
513
483
514
484
515
485
516
486
517
487
518
488
519
489
520
490
521
491
522
492
523
493
524
494
525
495
526
496
527
497
528
498
529
499
530
500
531
501
532
502
533
503
534
504
535
505
536
506
537
507
538
508
539
509
540
510
541
511
542
543
513
544
514
545
515
546
516
547
517
548
518
549
519
550
520
551
521
552
522
553
523
554
524
555
525
556
526
557
527
558
528
559
529
560
530
561
531
562
532
563
533
564
534
565
535
566
536
567
537
568
538
569
539
570
540
571
541
572
542
573
543
574
575
545
576
546
577
547
578
548
579
549
580
550
581
551
582
552
583
553
584
554
585
555
586
556
587
557
588
558
589
559
590
560
591
561
592
562
593
563
594
564
595
565
596
566
597
567
598
568
599
569
600
570
601
571
602
572
603
573
604
574
605
575
606
607
577
608
578
609
579
610
580
611
581
612
582
613
583
614
584
615
585
616
586
617
587
618
588
619
589
620
590
621
591
622
592
623
593
624
594
625
595
626
596
627
597
628
598
629
599
630
600
631
601
632
602
633
603
634
604
635
605
636
606
637
607
638
639
609
640
610
641
611
642
612
643
613
644
614
645
615
646
616
647
617
648
618
649
619
650
620
651
621
652
622
653
623
654
624
655
625
656
626
657
627
658
628
659
629
660
630
661
631
662
632
663
633
664
634
665
635
666
636
667
637
668
638
669
639
670
671
641
672
642
673
643
674
644
675
645
676
646
677
647
678
648
679
649
680
650
681
651
682
652
683
653
684
654
685
655
686
656
687
657
688
658
689
659
690
660
691
661
692
662
693
663
694
664
695
665
696
666
697
667
698
668
699
669
700
670
701
671
702
703
673
704
674
705
675
706
676
707
677
708
678
709
679
710
680
711
681
712
682
713
683
714
684
715
685
716
686
717
687
718
688
719
689
720
690
721
691
722
692
723
693
724
694
725
695
726
696
727
697
728
698
729
699
730
700
731
701
732
702
733
703
734
735
705
736
706
737
707
738
708
739
709
740
710
741
711
742
712
743
713
744
714
745
715
746
716
747
717
748
718
749
719
750
720
751
721
752
722
753
723
754
724
755
725
756
726
757
727
758
728
759
729
760
730
761
731
762
732
763
733
764
734
765
735
766
767
737
768
738
769
739
770
740
771
741
772
742
773
743
774
744
775
745
776
746
777
747
778
748
779
749
780
750
781
751
782
752
783
753
784
754
785
755
786
756
787
757
788
758
789
759
790
760
791
761
792
762
793
763
794
764
795
765
796
766
797
767
798
799
769
800
770
801
771
802
772
803
773
804
774
805
775
806
776
807
777
808
778
809
779
810
780
811
781
812
782
813
783
814
784
815
785
816
786
817
787
818
788
819
789
820
790
821
791
822
792
823
793
824
794
825
795
826
796
827
797
828
798
829
799
830
831
801
832
802
833
803
834
804
835
805
836
806
837
807
838
808
839
809
840
810
841
811
842
812
843
813
844
814
845
815
846
816
847
817
848
818
849
819
850
820
851
821
852
822
853
823
854
824
855
825
856
826
857
827
858
828
859
829
860
830
861
831
862
863
833
864
834
865
835
866
836
867
837
868
838
869
839
870
840
871
841
872
842
873
843
874
844
875
845
876
846
877
847
878
848
879
849
880
850
881
851
882
852
883
853
884
854
885
855
886
856
887
857
888
858
889
859
890
860
891
861
892
862
893
863
894
895
865
896
866
897
867
898
868
899
869
900
870
901
871
902
872
903
873
904
874
905
875
906
876
907
877
908
878
909
879
910
880
911
881
912
882
913
883
914
884
915
885
916
886
917
887
918
888
919
889
920
890
921
891
922
892
923
893
924
894
925
895
926
927
897
928
898
929
899
930
900
931
901
932
902
933
903
934
904
935
905
936
906
937
907
938
908
939
909
940
910
941
911
942
912
943
913
944
914
945
915
946
916
947
917
948
918
949
919
950
920
951
921
952
922
953
923
954
924
955
925
956
926
957
927
958
959
929
960
930
961
931
962
932
963
933
964
934
965
935
966
936
967
937
968
938
969
939
970
940
971
941
972
942
973
943
974
944
975
945
976
946
977
947
978
948
979
949
980
950
981
951
982
952
983
953
984
954
985
955
986
956
987
957
988
958
989
959
990
991
961
992
962
993
963
994
964
995
965
996
966
997
967
998
968
999
969
1000
970
1001
971
1002
972
1003
973
1004
974
1005
975
1006
976
1007
977
1008
978
1009
979
1010
980
1011
981
1012
982
1013
983
1014
984
1015
985
1016
986
1017
987
1018
988
1019
989
1020
990
1021
991
1022
1023
993
1024
994
1025
995
1026
996
1027
997
1028
998
1029
999
1030
1000
1031
1001
1032
1002
1033
1003
1034
1004
1035
1005
1036
1006
1037
1007
1038
1008
1039
1009
1040
1010
1041
1011
1042
1012
1043
1013
1044
1014
1045
1015
1046
1016
1047
1017
1048
1018
1049
1019
1050
1020
1051
1021
1052
1022
1053
1023
1054
1055
1025
1056
1026
1057
1027
1058
1028
1059
1029
1060
1030
1061
1031
1062
1032
1063
1033
1064
1034
1065
1035
1066
1036
1067
1037
1068
1038
1069
1039
1070
1040
1071
1041
1072
1042
1073
1043
1074
1044
1075
1045
1076
1046
1077
1047
1078
1048
1079
1049
1080
1050
1081
1051
1082
1052
1083
1053
1084
1054
1085
1055
1086
1087
1057
1088
1058
1089
1059
1090
1060
1091
1061
1092
1062
1093
1063
1094
1064
1095
1065
1096
1066
1097
1067
1098
1068
1099
1069
1100
1070
1101
1071
1102
1072
1103
1073
1104
1074
1105
1075
1106
1076
1107
1077
1108
1078
1109
1079
1110
1080
1111
1081
1112
1082
1113
1083
1114
1084
1115
1085
1116
1086
1117
1087
1118
1119
1089
1120
1090
1121
1091
1122
1092
1123
1093
1124
1094
1125
1095
1126
1096
1127
1097
1128
1098
1129
1099
1130
1100
1131
1101
1132
1102
1133
1103
1134
1104
1135
1105
1136
1106
1137
1107
1138
1108
1139
1109
1140
1110
1141
1111
1142
1112
1143
1113
1144
1114
1145
1115
1146
1116
1147
1117
1148
1118
1149
1119
1150
1151
1121
1152
1122
1153
1123
1154
1124
1155
1125
1156
1126
1157
1127
1158
1128
1159
1129
1160
1130
1161
1131
1162
1132
1163
1133
1164
1134
1165
1135
1166
1136
1167
1137
1168
1138
1169
1139
1170
1140
1171
1141
1172
1142
1173
1143
1174
1144
1175
1145
1176
1146
1177
1147
1178
1148
1179
1149
1180
1150
1181
1151
1182
1183
1153
1184
1154
1185
1155
1186
1156
1187
1157
1188
1158
1189
1159
1190
1160
1191
1161
1192
1162
1193
1163
1194
1164
1195
1165
1196
1166
1197
1167
1198
1168
1199
1169
1200
1170
1201
1171
1202
1172
1203
1173
1204
1174
1205
1175
1206
1176
1207
1177
1208
1178
1209
1179
1210
1180
1211
1181
1212
1182
1213
1183
1214
1215
1185
1216
1186
1217
1187
1218
1188
1219
1189
1220
1190
1221
1191
1222
1192
1223
1193
1224
1194
1225
1195
1226
1196
1227
1197
1228
1198
1229
1199
1230
1200
1231
1201
1232
1202
1233
1203
1234
1204
1235
1205
1236
1206
1237
1207
1238
1208
1239
1209
1240
1210
1241
1211
1242
1212
1243
1213
1244
1214
1245
1215
1246
1247
1217
1248
1218
1249
1219
1250
1220
1251
1221
1252
1222
1253
1223
1254
1224
1255
1225
1256
1226
1257
1227
1258
1228
1259
1229
1260
1230
1261
1231
1262
1232
1263
1233
1264
1234
1265
1235
1266
1236
1267
1237
1268
1238
1269
1239
1270
1240
1271
1241
1272
1242
1273
1243
1274
1244
1275
1245
1276
1246
1277
1247
1278
1279
1249
1280
1250
1281
1251
1282
1252
1283
1253
1284
1254
1285
1255
1286
1256
1287
1257
1288
1258
1289
1259
1290
1260
1291
1261
1292
1262
1293
1263
1294
1264
1295
1265
1296
1266
1297
1267
1298
1268
1299
1269
1300
1270
1301
1271
1302
1272
1303
1273
1304
1274
1305
1275
1306
1276
1307
1277
1308
1278
1309
1279
1310
1311
1281
1312
1282
1313
1283
1314
1284
1315
1285
1316
1286
1317
1287
1318
1288
1319
1289
1320
1290
1321
1291
1322
1292
1323
1293
1324
1294
1325
1295
1326
1296
1327
1297
1328
1298
1329
1299
1330
1300
1331
1301
1332
1302
1333
1303
1334
1304
1335
1305
1336
1306
1337
1307
1338
1308
1339
1309
1340
1310
1341
1311
1342
1343
1313
1344
1314
1345
1315
1346
1316
1347
1317
1348
1318
1349
1319
1350
1320
1351
1321
1352
1322
1353
1323
1354
1324
1355
1325
1356
1326
1357
1327
1358
1328
1359
1329
1360
1330
1361
1331
1362
1332
1363
1333
1364
1334
1365
1335
1366
1336
1367
1337
1368
1338
1369
1339
1370
1340
1371
1341
1372
1342
1373
1343
1374
1375
1345
1376
1346
1377
1347
1378
1348
1379
1349
1380
1350
1381
1351
1382
1352
1383
1353
1384
1354
1385
1355
1386
1356
1387
1357
1388
1358
1389
1359
1390
1360
1391
1361
1392
1362
1393
1363
1394
1364
1395
1365
1396
1366
1397
1367
1398
1368
1399
1369
1400
1370
1401
1371
1402
1372
1403
1373
1404
1374
1405
1375
1406
1407
1377
1408
1378
1409
1379
1410
1380
1411
1381
1412
1382
1413
1383
1414
1384
1415
1385
1416
1386
1417
1387
1418
1388
1419
1389
1420
1390
1421
1391
1422
1392
1423
1393
1424
1394
1425
1395
1426
1396
1427
1397
1428
1398
1429
1399
1430
1400
1431
1401
1432
1402
1433
1403
1434
1404
1435
1405
1436
1406
1437
1407
1438
1439
1409
1440
1410
1441
1411
1442
1412
1443
1413
1444
1414
1445
1415
1446
1416
1447
1417
1448
1418
1449
1419
1450
1420
1451
1421
1452
1422
1453
1423
1454
1424
1455
1425
1456
1426
1457
1427
1458
1428
1459
1429
1460
1430
1461
1431
1462
1432
1463
1433
1464
1434
1465
1435
1466
1436
1467
1437
1468
1438
1469
1439
1470
1471
1441
1472
1442
1473
1443
1474
1444
1475
1445
1476
1446
1477
1447
1478
1448
1479
1449
1480
1450
1481
1451
1482
1452
1483
1453
1484
1454
1485
1455
1486
1456
1487
1457
1488
1458
1489
1459
1490
1460
1491
1461
1492
1462
1493
1463
1494
1464
1495
1465
1496
1466
1497
1467
1498
1468
1499
1469
1500
1470
1501
1471
1502
1503
1473
1504
1474
1505
1475
1506
1476
1507
1477
1508
1478
1509
1479
1510
1480
1511
1481
1512
1482
1513
1483
1514
1484
1515
1485
1516
1486
1517
1487
1518
1488
1519
1489
1520
1490
1521
1491
1522
1492
1523
1493
1524
1494
1525
1495
1526
1496
1527
1497
1528
1498
1529
1499
1530
1500
1531
1501
1532
1502
1533
1503
1534
1535
1505
1536
1506
1537
1507
1538
1508
1539
1509
1540
1510
1541
1511
1542
1512
1543
1513
1544
1514
1545
1515
1546
1516
1547
1517
1548
1518
1549
1519
1550
1520
1551
1521
1552
1522
1553
1523
1554
1524
1555
1525
1556
1526
1557
1527
1558
1528
1559
1529
1560
1530
1561
1531
1562
1532
1563
1533
1564
1534
1565
1535
1566
1567
1537
1568
1538
1569
1539
1570
1540
1571
1541
1572
1542
1573
1543
1574
1544
1575
1545
1576
1546
1577
1547
1578
1548
1579
1549
1580
1550
1581
1551
1582
1552
1583
1553
1584
1554
1585
1555
1586
1556
1587
1557
1588
1558
1589
1559
1590
1560
1591
1561
1592
1562
1593
1563
1594
1564
1595
1565
1596
1566
1597
1567
1598
1599
1569
1600
1570
1601
1571
1602
1572
1603
1573
1604
1574
1605
1575
1606
1576
1607
1577
1608
1578
1609
1579
1610
1580
1611
1581
1612
1582
1613
1583
1614
1584
1615
1585
1616
1586
1617
1587
1618
1588
1619
1589
1620
1590
1621
1591
1622
1592
1623
1593
1624
1594
1625
1595
1626
1596
1627
1597
1628
1598
1629
1599
1630
1631
1601
1632
1602
1633
1603
1634
1604
1635
1605
1636
1606
1637
1607
1638
1608
1639
1609
1640
1610
1641
1611
1642
1612
1643
1613
1644
1614
1645
1615
1646
1616
1647
1617
1648
1618
1649
1619
1650
1620
1651
1621
1652
1622
1653
1623
1654
1624
1655
1625
1656
1626
1657
1627
1658
1628
1659
1629
1660
1630
1661
1631
1662
1663
1633
1664
1634
1665
1635
1666
1636
1667
1637
1668
1638
1669
1639
1670
1640
1671
1641
1672
1642
1673
1643
1674
1644
1675
1645
1676
1646
1677
1647
1678
1648
1679
1649
1680
1650
1681
1651
1682
1652
1683
1653
1684
1654
1685
1655
1686
1656
1687
1657
1688
1658
1689
1659
1690
1660
1691
1661
1692
1662
1693
1663
1694
1695
1665
1696
1666
1697
1667
1698
1668
1699
1669
1700
1670
1701
1671
1702
1672
1703
1673
1704
1674
1705
1675
1706
1676
1707
1677
1708
1678
1709
1679
1710
1680
1711
1681
1712
1682
1713
1683
1714
1684
1715
1685
1716
1686
1717
1687
1718
1688
1719
1689
1720
1690
1721
1691
1722
1692
1723
1693
1724
1694
1725
1695
1726
1727
1697
1728
1698
1729
1699
1730
1700
1731
1701
1732
1702
1733
1703
1734
1704
1735
1705
1736
1706
1737
1707
1738
1708
1739
1709
1740
1710
1741
1711
1742
1712
1743
1713
1744
1714
1745
1715
1746
1716
1747
1717
1748
1718
1749
1719
1750
1720
1751
1721
1752
1722
1753
1723
1754
1724
1755
1725
1756
1726
1757
1727
1758
1759
1729
1760
1730
1761
1731
1762
1732
1763
1733
1764
1734
1765
1735
1766
1736
1767
1737
1768
1738
1769
1739
1770
1740
1771
1741
1772
1742
1773
1743
1774
1744
1775
1745
1776
1746
1777
1747
1778
1748
1779
1749
1780
1750
1781
1751
1782
1752
1783
1753
1784
1754
1785
1755
1786
1756
1787
1757
1788
1758
1789
1759
1790
1791
1761
1792
1762
1793
1763
1794
1764
1795
1765
1796
1766
1797
1767
1798
1768
1799
1769
1800
1770
1801
1771
1802
1772
1803
1773
1804
1774
1805
1775
1806
1776
1807
1777
1808
1778
1809
1779
1810
1780
1811
1781
1812
1782
1813
1783
1814
1784
1815
1785
1816
1786
1817
1787
1818
1788
1819
1789
1820
1790
1821
1791
1822
1823
1793
1824
1794
1825
1795
1826
1796
1827
1797
1828
1798
1829
1799
1830
1800
1831
1801
1832
1802
1833
1803
1834
1804
1835
1805
1836
1806
1837
1807
1838
1808
1839
1809
1840
1810
1841
1811
1842
1812
1843
1813
1844
1814
1845
1815
1846
1816
1847
1817
1848
1818
1849
1819
1850
1820
1851
1821
1852
1822
1853
1823
1854
1855
1825
1856
1826
1857
1827
1858
1828
1859
1829
1860
1830
1861
1831
1862
1832
1863
1833
1864
1834
1865
1835
1866
1836
1867
1837
1868
1838
1869
1839
1870
1840
1871
1841
1872
1842
1873
1843
1874
1844
1875
1845
1876
1846
1877
1847
1878
1848
1879
1849
1880
1850
1881
1851
1882
1852
1883
1853
1884
1854
1885
1855
1886
1887
1857
1888
1858
1889
1859
1890
1860
1891
1861
1892
1862
1893
1863
1894
1864
1895
1865
1896
1866
1897
1867
1898
1868
1899
1869
1900
1870
1901
1871
1902
1872
1903
1873
1904
1874
1905
1875
1906
1876
1907
1877
1908
1878
1909
1879
1910
1880
1911
1881
1912
1882
1913
1883
1914
1884
1915
1885
1916
1886
1917
1887
1918
1919
1889
1920
1890
1921
1891
1922
1892
1923
1893
1924
1894
1925
1895
1926
1896
1927
1897
1928
1898
1929
1899
1930
1900
1931
1901
1932
1902
1933
1903
1934
1904
1935
1905
1936
1906
1937
1907
1938
1908
1939
1909
1940
1910
1941
1911
1942
1912
1943
1913
1944
1914
1945
1915
1946
1916
1947
1917
1948
1918
1949
1919
1950
1951
1921
1952
1922
1953
1923
1954
1924
1955
1925
1956
1926
1957
1927
1958
1928
1959
1929
1960
1930
1961
1931
1962
1932
1963
1933
1964
1934
1965
1935
1966
1936
1967
1937
1968
1938
1969
1939
1970
1940
1971
1941
1972
1942
1973
1943
1974
1944
1975
1945
1976
1946
1977
1947
1978
1948
1979
1949
1980
1950
1981
1951
1982
1983
1953
1984
1954
1985
1955
1986
1956
1987
1957
1988
1958
1989
1959
1990
1960
1991
1961
1992
1962
1993
1963
1994
1964
1995
1965
1996
1966
1997
1967
1998
1968
1999
1969
2000
1970
2001
1971
2002
1972
2003
1973
2004
1974
2005
1975
2006
1976
2007
1977
2008
1978
2009
1979
2010
1980
2011
1981
2012
1982
2013
1983
2014
2015
1985
2016
1986
2017
1987
2018
1988
2019
1989
2020
1990
2021
1991
2022
1992
2023
1993
2024
1994
2025
1995
2026
1996
2027
1997
2028
1998
2029
1999
2030
2000
2031
2001
2032
2002
2033
2003
2034
2004
2035
2005
2036
2006
2037
2007
2038
2008
2039
2009
2040
2010
2041
2011
2042
2012
2043
2013
2044
2014
2045
2015
2046
2047
2017
2048
2018
2049
2019
2050
2020
2051
2021
2052
2022
2053
2023
2054
2024
2055
2025
2056
2026
2057
2027
2058
2028
2059
2029
2060
2030
2061
2031
2062
2032
2063
2033
2064
2034
2065
2035
2066
2036
2067
2037
2068
2038
2069
2039
2070
2040
2071
2041
2072
2042
2073
2043
2074
2044
2075
2045
2076
2046
2077
2047
2078
2079
2049
2080
2050
2081
2051
2082
2052
2083
2053
2084
2054
2085
2055
2086
2056
2087
2057
2088
2058
2089
2059
2090
2060
2091
2061
2092
2062
2093
2063
2094
2064
2095
2065
2096
2066
2097
2067
2098
2068
2099
2069
2100
2070
2101
2071
2102
2072
2103
2073
2104
2074
2105
2075
2106
2076
2107
2077
2108
2078
2109
2079
2110
2111
2081
2112
2082
2113
2083
2114
2084
2115
2085
2116
2086
2117
2087
2118
2088
2119
2089
2120
2090
2121
2091
2122
2092
2123
2093
2124
2094
2125
2095
2126
2096
2127
2097
2128
2098
2129
2099
2130
2100
2131
2101
2132
2102
2133
2103
2134
2104
2135
2105
2136
2106
2137
2107
2138
2108
2139
2109
2140
2110
2141
2111
2142
2143
2113
2144
2114
2145
2115
2146
2116
2147
2117
2148
2118
2149
2119
2150
2120
2151
2121
2152
2122
2153
2123
2154
2124
2155
2125
2156
2126
2157
2127
2158
2128
2159
2129
2160
2130
2161
2131
2162
2132
2163
2133
2164
2134
2165
2135
2166
2136
2167
2137
2168
2138
2169
2139
2170
2140
2171
2141
2172
2142
2173
2143
2174
2175
2145
2176
2146
2177
2147
2178
2148
2179
2149
2180
2150
2181
2151
2182
2152
2183
2153
2184
2154
2185
2155
2186
2156
2187
2157
2188
2158
2189
2159
2190
2160
2191
2161
2192
2162
2193
2163
2194
2164
2195
2165
2196
2166
2197
2167
2198
2168
2199
2169
2200
2170
2201
2171
2202
2172
2203
2173
2204
2174
2205
2175
2206
2207
2177
2208
2178
2209
2179
2210
2180
2211
2181
2212
2182
2213
2183
2214
2184
2215
2185
2216
2186
2217
2187
2218
2188
2219
2189
2220
2190
2221
2191
2222
2192
2223
2193
2224
2194
2225
2195
2226
2196
2227
2197
2228
2198
2229
2199
2230
2200
2231
2201
2232
2202
2233
2203
2234
2204
2235
2205
2236
2206
2237
2207
2238
2239
2209
2240
2210
2241
2211
2242
2212
2243
2213
2244
2214
2245
2215
2246
2216
2247
2217
2248
2218
2249
2219
2250
2220
2251
2221
2252
2222
2253
2223
2254
2224
2255
2225
2256
2226
2257
2227
2258
2228
2259
2229
2260
2230
2261
2231
2262
2232
2263
2233
2264
2234
2265
2235
2266
2236
2267
2237
2268
2238
2269
2239
2270
2271
2241
2272
2242
2273
2243
2274
2244
2275
2245
2276
2246
2277
2247
2278
2248
2279
2249
2280
2250
2281
2251
2282
2252
2283
2253
2284
2254
2285
2255
2286
2256
2287
2257
2288
2258
2289
2259
2290
2260
2291
2261
2292
2262
2293
2263
2294
2264
2295
2265
2296
2266
2297
2267
2298
2268
2299
2269
2300
2270
2301
2271
2302
2303
2273
2304
2274
2305
2275
2306
2276
2307
2277
2308
2278
2309
2279
2310
2280
2311
2281
2312
2282
2313
2283
2314
2284
2315
2285
2316
2286
2317
2287
2318
2288
2319
2289
2320
2290
2321
2291
2322
2292
2323
2293
2324
2294
2325
2295
2326
2296
2327
2297
2328
2298
2329
2299
2330
2300
2331
2301
2332
2302
2333
2303
2334
2335
2305
2336
2306
2337
2307
2338
2308
2339
2309
2340
2310
2341
2311
2342
2312
2343
2313
2344
2314
2345
2315
2346
2316
2347
2317
2348
2318
2349
2319
2350
2320
2351
2321
2352
2322
2353
2323
2354
2324
2355
2325
2356
2326
2357
2327
2358
2328
2359
2329
2360
2330
2361
2331
2362
2332
2363
2333
2364
2334
2365
2335
2366
2367
2337
2368
2338
2369
2339
2370
2340
2371
2341
2372
2342
2373
2343
2374
2344
2375
2345
2376
2346
2377
2347
2378
2348
2379
2349
2380
2350
2381
2351
2382
2352
2383
2353
2384
2354
2385
2355
2386
2356
2387
2357
2388
2358
2389
2359
2390
2360
2391
2361
2392
2362
2393
2363
2394
2364
2395
2365
2396
2366
2397
2367
2398
2399
2369
2400
2370
2401
2371
2402
2372
2403
2373
2404
2374
2405
2375
2406
2376
2407
2377
2408
2378
2409
2379
2410
2380
2411
2381
2412
2382
2413
2383
2414
2384
2415
2385
2416
2386
2417
2387
2418
2388
2419
2389
2420
2390
2421
2391
2422
2392
2423
2393
2424
2394
2425
2395
2426
2396
2427
2397
2428
2398
2429
2399
2430
2431
2401
2432
2402
2433
2403
2434
2404
2435
2405
2436
2406
2437
2407
2438
2408
2439
2409
2440
2410
2441
2411
2442
2412
2443
2413
2444
2414
2445
2415
2446
2416
2447
2417
2448
2418
2449
2419
2450
2420
2451
2421
2452
2422
2453
2423
2454
2424
2455
2425
2456
2426
2457
2427
2458
2428
2459
2429
2460
2430
2461
2431
2462
2463
2433
2464
2434
2465
2435
2466
2436
2467
2437
2468
2438
2469
2439
2470
2440
2471
2441
2472
2442
2473
2443
2474
2444
2475
2445
2476
2446
2477
2447
2478
2448
2479
2449
2480
2450
2481
2451
2482
2452
2483
2453
2484
2454
2485
2455
2486
2456
2487
2457
2488
2458
2489
2459
2490
2460
2491
2461
2492
2462
2493
2463
2494
2495
2465
2496
2466
2497
2467
2498
2468
2499
2469
2500
2470
2501
2471
2502
2472
2503
2473
2504
2474
2505
2475
2506
2476
2507
2477
2508
2478
2509
2479
2510
2480
2511
2481
2512
2482
2513
2483
2514
2484
2515
2485
2516
2486
2517
2487
2518
2488
2519
2489
2520
2490
2521
2491
2522
2492
2523
2493
2524
2494
2525
2495
2526
2527
2497
2528
2498
2529
2499
2530
2500
2531
2501
2532
2502
2533
2503
2534
2504
2535
2505
2536
2506
2537
2507
2538
2508
2539
2509
2540
2510
2541
2511
2542
2512
2543
2513
2544
2514
2545
2515
2546
2516
2547
2517
2548
2518
2549
2519
2550
2520
2551
2521
2552
2522
2553
2523
2554
2524
2555
2525
2556
2526
2557
2527
2558
2559
2529
2560
2530
2561
2531
2562
2532
2563
2533
2564
2534
2565
2535
2566
2536
2567
2537
2568
2538
2569
2539
2570
2540
2571
2541
2572
2542
2573
2543
2574
2544
2575
2545
2576
2546
2577
2547
2578
2548
2579
2549
2580
2550
2581
2551
2582
2552
2583
2553
2584
2554
2585
2555
2586
2556
2587
2557
2588
2558
2589
2559
2590
2591
2561
2592
2562
2593
2563
2594
2564
2595
2565
2596
2566
2597
2567
2598
2568
2599
2569
2600
2570
2601
2571
2602
2572
2603
2573
2604
2574
2605
2575
2606
2576
2607
2577
2608
2578
2609
2579
2610
2580
2611
2581
2612
2582
2613
2583
2614
2584
2615
2585
2616
2586
2617
2587
2618
2588
2619
2589
2620
2590
2621
2591
2622
2623
2593
2624
2594
2625
2595
2626
2596
2627
2597
2628
2598
2629
2599
2630
2600
2631
2601
2632
2602
2633
2603
2634
2604
2635
2605
2636
2606
2637
2607
2638
2608
2639
2609
2640
2610
2641
2611
2642
2612
2643
2613
2644
2614
2645
2615
2646
2616
2647
2617
2648
2618
2649
2619
2650
2620
2651
2621
2652
2622
2653
2623
2654
2655
2625
2656
2626
2657
2627
2658
2628
2659
2629
2660
2630
2661
2631
2662
2632
2663
2633
2664
2634
2665
2635
2666
2636
2667
2637
2668
2638
2669
2639
2670
2640
2671
2641
2672
2642
2673
2643
2674
2644
2675
2645
2676
2646
2677
2647
2678
2648
2679
2649
2680
2650
2681
2651
2682
2652
2683
2653
2684
2654
2685
2655
2686
2687
2657
2688
2658
2689
2659
2690
2660
2691
2661
2692
2662
2693
2663
2694
2664
2695
2665
2696
2666
2697
2667
2698
2668
2699
2669
2700
2670
2701
2671
2702
2672
2703
2673
2704
2674
2705
2675
2706
2676
2707
2677
2708
2678
2709
2679
2710
2680
2711
2681
2712
2682
2713
2683
2714
2684
2715
2685
2716
2686
2717
2687
2718
2719
2689
2720
2690
2721
2691
2722
2692
2723
2693
2724
2694
2725
2695
2726
2696
2727
2697
2728
2698
2729
2699
2730
2700
2731
2701
2732
2702
2733
2703
2734
2704
2735
2705
2736
2706
2737
2707
2738
2708
2739
2709
2740
2710
2741
2711
2742
2712
2743
2713
2744
2714
2745
2715
2746
2716
2747
2717
2748
2718
2749
2719
2750
2751
2721
2752
2722
2753
2723
2754
2724
2755
2725
2756
2726
2757
2727
2758
2728
2759
2729
2760
2730
2761
2731
2762
2732
2763
2733
2764
2734
2765
2735
2766
2736
2767
2737
2768
2738
2769
2739
2770
2740
2771
2741
2772
2742
2773
2743
2774
2744
2775
2745
2776
2746
2777
2747
2778
2748
2779
2749
2780
2750
2781
2751
2782
2783
2753
2784
2754
2785
2755
2786
2756
2787
2757
2788
2758
2789
2759
2790
2760
2791
2761
2792
2762
2793
2763
2794
2764
2795
2765
2796
2766
2797
2767
2798
2768
2799
2769
2800
2770
2801
2771
2802
2772
2803
2773
2804
2774
2805
2775
2806
2776
2807
2777
2808
2778
2809
2779
2810
2780
2811
2781
2812
2782
2813
2783
2814
2815
2785
2816
2786
2817
2787
2818
2788
2819
2789
2820
2790
2821
2791
2822
2792
2823
2793
2824
2794
2825
2795
2826
2796
2827
2797
2828
2798
2829
2799
2830
2800
2831
2801
2832
2802
2833
2803
2834
2804
2835
2805
2836
2806
2837
2807
2838
2808
2839
2809
2840
2810
2841
2811
2842
2812
2843
2813
2844
2814
2845
2815
2846
2847
2817
2848
2818
2849
2819
2850
2820
2851
2821
2852
2822
2853
2823
2854
2824
2855
2825
2856
2826
2857
2827
2858
2828
2859
2829
2860
2830
2861
2831
2862
2832
2863
2833
2864
2834
2865
2835
2866
2836
2867
2837
2868
2838
2869
2839
2870
2840
2871
2841
2872
2842
2873
2843
2874
2844
2875
2845
2876
2846
2877
2847
2878
2879
2849
2880
2850
2881
2851
2882
2852
2883
2853
2884
2854
2885
2855
2886
2856
2887
2857
2888
2858
2889
2859
2890
2860
2891
2861
2892
2862
2893
2863
2894
2864
2895
2865
2896
2866
2897
2867
2898
2868
2899
2869
2900
2870
2901
2871
2902
2872
2903
2873
2904
2874
2905
2875
2906
2876
2907
2877
2908
2878
2909
2879
2910
2911
2881
2912
2882
2913
2883
2914
2884
2915
2885
2916
2886
2917
2887
2918
2888
2919
2889
2920
2890
2921
2891
2922
2892
2923
2893
2924
2894
2925
2895
2926
2896
2927
2897
2928
2898
2929
2899
2930
2900
2931
2901
2932
2902
2933
2903
2934
2904
2935
2905
2936
2906
2937
2907
2938
2908
2939
2909
2940
2910
2941
2911
2942
2943
2913
2944
2914
2945
2915
2946
2916
2947
2917
2948
2918
2949
2919
2950
2920
2951
2921
2952
2922
2953
2923
2954
2924
2955
2925
2956
2926
2957
2927
2958
2928
2959
2929
2960
2930
2961
2931
2962
2932
2963
2933
2964
2934
2965
2935
2966
2936
2967
2937
2968
2938
2969
2939
2970
2940
2971
2941
2972
2942
2973
2943
2974
2975
2945
2976
2946
2977
2947
2978
2948
2979
2949
2980
2950
2981
2951
2982
2952
2983
2953
2984
2954
2985
2955
2986
2956
2987
2957
2988
2958
2989
2959
2990
2960
2991
2961
2992
2962
2993
2963
2994
2964
2995
2965
2996
2966
2997
2967
2998
2968
2999
2969
3000
2970
3001
2971
3002
2972
3003
2973
3004
2974
3005
2975
3006
3007
2977
3008
2978
3009
2979
3010
2980
3011
2981
3012
2982
3013
2983
3014
2984
3015
2985
3016
2986
3017
2987
3018
2988
3019
2989
3020
2990
3021
2991
3022
2992
3023
2993
3024
2994
3025
2995
3026
2996
3027
2997
3028
2998
3029
2999
3030
3000
3031
3001
3032
3002
3033
3003
3034
3004
3035
3005
3036
3006
3037
3007
3038
3039
3009
3040
3010
3041
3011
3042
3012
3043
3013
3044
3014
3045
3015
3046
3016
3047
3017
3048
3018
3049
3019
3050
3020
3051
3021
3052
3022
3053
3023
3054
3024
3055
3025
3056
3026
3057
3027
3058
3028
3059
3029
3060
3030
3061
3031
3062
3032
3063
3033
3064
3034
3065
3035
3066
3036
3067
3037
3068
3038
3069
3039
3070
3071
3041
3072
3042
3073
3043
3074
3044
3075
3045
3076
3046
3077
3047
3078
3048
3079
3049
3080
3050
3081
3051
3082
3052
3083
3053
3084
3054
3085
3055
3086
3056
3087
3057
3088
3058
3089
3059
3090
3060
3091
3061
3092
3062
3093
3063
3094
3064
3095
3065
3096
3066
3097
3067
3098
3068
3099
3069
3100
3070
3101
3071
3102
3103
3073
3104
3074
3105
3075
3106
3076
3107
3077
3108
3078
3109
3079
3110
3080
3111
3081
3112
3082
3113
3083
3114
3084
3115
3085
3116
3086
3117
3087
3118
3088
3119
3089
3120
3090
3121
3091
3122
3092
3123
3093
3124
3094
3125
3095
3126
3096
3127
3097
3128
3098
3129
3099
3130
3100
3131
3101
3132
3102
3133
3103
3134
3135
3105
3136
3106
3137
3107
3138
3108
3139
3109
3140
3110
3141
3111
3142
3112
3143
3113
3144
3114
3145
3115
3146
3116
3147
3117
3148
3118
3149
3119
3150
3120
3151
3121
3152
3122
3153
3123
3154
3124
3155
3125
3156
3126
3157
3127
3158
3128
3159
3129
3160
3130
3161
3131
3162
3132
3163
3133
3164
3134
3165
3135
3166
3167
3137
3168
3138
3169
3139
3170
3140
3171
3141
3172
3142
3173
3143
3174
3144
3175
3145
3176
3146
3177
3147
3178
3148
3179
3149
3180
3150
3181
3151
3182
3152
3183
3153
3184
3154
3185
3155
3186
3156
3187
3157
3188
3158
3189
3159
3190
3160
3191
3161
3192
3162
3193
3163
3194
3164
3195
3165
3196
3166
3197
3167
3198
3199
3169
3200
3170
3201
3171
3202
3172
3203
3173
3204
3174
3205
3175
3206
3176
3207
3177
3208
3178
3209
3179
3210
3180
3211
3181
3212
3182
3213
3183
3214
3184
3215
3185
3216
3186
3217
3187
3218
3188
3219
3189
3220
3190
3221
3191
3222
3192
3223
3193
3224
3194
3225
3195
3226
3196
3227
3197
3228
3198
3229
3199
3230
3231
3201
3232
3202
3233
3203
3234
3204
3235
3205
3236
3206
3237
3207
3238
3208
3239
3209
3240
3210
3241
3211
3242
3212
3243
3213
3244
3214
3245
3215
3246
3216
3247
3217
3248
3218
3249
3219
3250
3220
3251
3221
3252
3222
3253
3223
3254
3224
3255
3225
3256
3226
3257
3227
3258
3228
3259
3229
3260
3230
3261
3231
3262
3263
3233
3264
3234
3265
3235
3266
3236
3267
3237
3268
3238
3269
3239
3270
3240
3271
3241
3272
3242
3273
3243
3274
3244
3275
3245
3276
3246
3277
3247
3278
3248
3279
3249
3280
3250
3281
3251
3282
3252
3283
3253
3284
3254
3285
3255
3286
3256
3287
3257
3288
3258
3289
3259
3290
3260
3291
3261
3292
3262
3293
3263
3294
3295
3265
3296
3266
3297
3267
3298
3268
3299
3269
3300
3270
3301
3271
3302
3272
3303
3273
3304
3274
3305
3275
3306
3276
3307
3277
3308
3278
3309
3279
3310
3280
3311
3281
3312
3282
3313
3283
3314
3284
3315
3285
3316
3286
3317
3287
3318
3288
3319
3289
3320
3290
3321
3291
3322
3292
3323
3293
3324
3294
3325
3295
3326
3327
3297
3328
3298
3329
3299
3330
3300
3331
3301
3332
3302
3333
3303
3334
3304
3335
3305
3336
3306
3337
3307
3338
3308
3339
3309
3340
3310
3341
3311
3342
3312
3343
3313
3344
3314
3345
3315
3346
3316
3347
3317
3348
3318
3349
3319
3350
3320
3351
3321
3352
3322
3353
3323
3354
3324
3355
3325
3356
3326
3357
3327
3358
3359
3329
3360
3330
3361
3331
3362
3332
3363
3333
3364
3334
3365
3335
3366
3336
3367
3337
3368
3338
3369
3339
3370
3340
3371
3341
3372
3342
3373
3343
3374
3344
3375
3345
3376
3346
3377
3347
3378
3348
3379
3349
3380
3350
3381
3351
3382
3352
3383
3353
3384
3354
3385
3355
3386
3356
3387
3357
3388
3358
3389
3359
3390
3391
3361
3392
3362
3393
3363
3394
3364
3395
3365
3396
3366
3397
3367
3398
3368
3399
3369
3400
3370
3401
3371
3402
3372
3403
3373
3404
3374
3405
3375
3406
3376
3407
3377
3408
3378
3409
3379
3410
3380
3411
3381
3412
3382
3413
3383
3414
3384
3415
3385
3416
3386
3417
3387
3418
3388
3419
3389
3420
3390
3421
3391
3422
3423
3393
3424
3394
3425
3395
3426
3396
3427
3397
3428
3398
3429
3399
3430
3400
3431
3401
3432
3402
3433
3403
3434
3404
3435
3405
3436
3406
3437
3407
3438
3408
3439
3409
3440
3410
3441
3411
3442
3412
3443
3413
3444
3414
3445
3415
3446
3416
3447
3417
3448
3418
3449
3419
3450
3420
3451
3421
3452
3422
3453
3423
3454
3455
3425
3456
3426
3457
3427
3458
3428
3459
3429
3460
3430
3461
3431
3462
3432
3463
3433
3464
3434
3465
3435
3466
3436
3467
3437
3468
3438
3469
3439
3470
3440
3471
3441
3472
3442
3473
3443
3474
3444
3475
3445
3476
3446
3477
3447
3478
3448
3479
3449
3480
3450
3481
3451
3482
3452
3483
3453
3484
3454
3485
3455
3486
3487
3457
3488
3458
3489
3459
3490
3460
3491
3461
3492
3462
3493
3463
3494
3464
3495
3465
3496
3466
3497
3467
3498
3468
3499
3469
3500
3470
3501
3471
3502
3472
3503
3473
3504
3474
3505
3475
3506
3476
3507
3477
3508
3478
3509
3479
3510
3480
3511
3481
3512
3482
3513
3483
3514
3484
3515
3485
3516
3486
3517
3487
3518
3519
3489
3520
3490
3521
3491
3522
3492
3523
3493
3524
3494
3525
3495
3526
3496
3527
3497
3528
3498
3529
3499
3530
3500
3531
3501
3532
3502
3533
3503
3534
3504
3535
3505
3536
3506
3537
3507
3538
3508
3539
3509
3540
3510
3541
3511
3542
3512
3543
3513
3544
3514
3545
3515
3546
3516
3547
3517
3548
3518
3549
3519
3550
3551
3521
3552
3522
3553
3523
3554
3524
3555
3525
3556
3526
3557
3527
3558
3528
3559
3529
3560
3530
3561
3531
3562
3532
3563
3533
3564
3534
3565
3535
3566
3536
3567
3537
3568
3538
3569
3539
3570
3540
3571
3541
3572
3542
3573
3543
3574
3544
3575
3545
3576
3546
3577
3547
3578
3548
3579
3549
3580
3550
3581
3551
3582
3583
3553
3584
3554
3585
3555
3586
3556
3587
3557
3588
3558
3589
3559
3590
3560
3591
3561
3592
3562
3593
3563
3594
3564
3595
3565
3596
3566
3597
3567
3598
3568
3599
3569
3600
3570
3601
3571
3602
3572
3603
3573
3604
3574
3605
3575
3606
3576
3607
3577
3608
3578
3609
3579
3610
3580
3611
3581
3612
3582
3613
3583
3614
3615
3585
3616
3586
3617
3587
3618
3588
3619
3589
3620
3590
3621
3591
3622
3592
3623
3593
3624
3594
3625
3595
3626
3596
3627
3597
3628
3598
3629
3599
3630
3600
3631
3601
3632
3602
3633
3603
3634
3604
3635
3605
3636
3606
3637
3607
3638
3608
3639
3609
3640
3610
3641
3611
3642
3612
3643
3613
3644
3614
3645
3615
3646
3647
3617
3648
3618
3649
3619
3650
3620
3651
3621
3652
3622
3653
3623
3654
3624
3655
3625
3656
3626
3657
3627
3658
3628
3659
3629
3660
3630
3661
3631
3662
3632
3663
3633
3664
3634
3665
3635
3666
3636
3667
3637
3668
3638
3669
3639
3670
3640
3671
3641
3672
3642
3673
3643
3674
3644
3675
3645
3676
3646
3677
3647
3678
3679
3649
3680
3650
3681
3651
3682
3652
3683
3653
3684
3654
3685
3655
3686
3656
3687
3657
3688
3658
3689
3659
3690
3660
3691
3661
3692
3662
3693
3663
3694
3664
3695
3665
3696
3666
3697
3667
3698
3668
3699
3669
3700
3670
3701
3671
3702
3672
3703
3673
3704
3674
3705
3675
3706
3676
3707
3677
3708
3678
3709
3679
3710
3711
3681
3712
3682
3713
3683
3714
3684
3715
3685
3716
3686
3717
3687
3718
3688
3719
3689
3720
3690
3721
3691
3722
3692
3723
3693
3724
3694
3725
3695
3726
3696
3727
3697
3728
3698
3729
3699
3730
3700
3731
3701
3732
3702
3733
3703
3734
3704
3735
3705
3736
3706
3737
3707
3738
3708
3739
3709
3740
3710
3741
3711
3742
3743
3713
3744
3714
3745
3715
3746
3716
3747
3717
3748
3718
3749
3719
3750
3720
3751
3721
3752
3722
3753
3723
3754
3724
3755
3725
3756
3726
3757
3727
3758
3728
3759
3729
3760
3730
3761
3731
3762
3732
3763
3733
3764
3734
3765
3735
3766
3736
3767
3737
3768
3738
3769
3739
3770
3740
3771
3741
3772
3742
3773
3743
3774
3775
3745
3776
3746
3777
3747
3778
3748
3779
3749
3780
3750
3781
3751
3782
3752
3783
3753
3784
3754
3785
3755
3786
3756
3787
3757
3788
3758
3789
3759
3790
3760
3791
3761
3792
3762
3793
3763
3794
3764
3795
3765
3796
3766
3797
3767
3798
3768
3799
3769
3800
3770
3801
3771
3802
3772
3803
3773
3804
3774
3805
3775
3806
3807
3777
3808
3778
3809
3779
3810
3780
3811
3781
3812
3782
3813
3783
3814
3784
3815
3785
3816
3786
3817
3787
3818
3788
3819
3789
3820
3790
3821
3791
3822
3792
3823
3793
3824
3794
3825
3795
3826
3796
3827
3797
3828
3798
3829
3799
3830
3800
3831
3801
3832
3802
3833
3803
3834
3804
3835
3805
3836
3806
3837
3807
3838
3839
3809
3840
3810
3841
3811
3842
3812
3843
3813
3844
3814
3845
3815
3846
3816
3847
3817
3848
3818
3849
3819
3850
3820
3851
3821
3852
3822
3853
3823
3854
3824
3855
3825
3856
3826
3857
3827
3858
3828
3859
3829
3860
3830
3861
3831
3862
3832
3863
3833
3864
3834
3865
3835
3866
3836
3867
3837
3868
3838
3869
3839
3870
3871
3841
3872
3842
3873
3843
3874
3844
3875
3845
3876
3846
3877
3847
3878
3848
3879
3849
3880
3850
3881
3851
3882
3852
3883
3853
3884
3854
3885
3855
3886
3856
3887
3857
3888
3858
3889
3859
3890
3860
3891
3861
3892
3862
3893
3863
3894
3864
3895
3865
3896
3866
3897
3867
3898
3868
3899
3869
3900
3870
3901
3871
3902
3903
3873
3904
3874
3905
3875
3906
3876
3907
3877
3908
3878
3909
3879
3910
3880
3911
3881
3912
3882
3913
3883
3914
3884
3915
3885
3916
3886
3917
3887
3918
3888
3919
3889
3920
3890
3921
3891
3922
3892
3923
3893
3924
3894
3925
3895
3926
3896
3927
3897
3928
3898
3929
3899
3930
3900
3931
3901
3932
3902
3933
3903
3934
3935
3905
3936
3906
3937
3907
3938
3908
3939
3909
3940
3910
3941
3911
3942
3912
3943
3913
3944
3914
3945
3915
3946
3916
3947
3917
3948
3918
3949
3919
3950
3920
3951
3921
3952
3922
3953
3923
3954
3924
3955
3925
3956
3926
3957
3927
3958
3928
3959
3929
3960
3930
3961
3931
3962
3932
3963
3933
3964
3934
3965
3935
3966
3967
3937
3968
3938
3969
3939
3970
3940
3971
3941
3972
3942
3973
3943
3974
3944
3975
3945
3976
3946
3977
3947
3978
3948
3979
3949
3980
3950
3981
3951
3982
3952
3983
3953
3984
3954
3985
3955
3986
3956
3987
3957
3988
3958
3989
3959
3990
3960
3991
3961
3992
3962
3993
3963
3994
3964
3995
3965
3996
3966
3997
3967
3998
3999
3969
4000
3970
4001
3971
4002
3972
4003
3973
4004
3974
4005
3975
4006
3976
4007
3977
4008
3978
4009
3979
4010
3980
4011
3981
4012
3982
4013
3983
4014
3984
4015
3985
4016
3986
4017
3987
4018
3988
4019
3989
4020
3990
4021
3991
4022
3992
4023
3993
4024
3994
4025
3995
4026
3996
4027
3997
4028
3998
4029
3999
4030
4031
4001
4032
4002
4033
4003
4034
4004
4035
4005
4036
4006
4037
4007
4038
4008
4039
4009
4040
4010
4041
4011
4042
4012
4043
4013
4044
4014
4045
4015
4046
4016
4047
4017
4048
4018
4049
4019
4050
4020
4051
4021
4052
4022
4053
4023
4054
4024
4055
4025
4056
4026
4057
4027
4058
4028
4059
4029
4060
4030
4061
4031
4062
4063
4033
4064
4034
4065
4035
4066
4036
4067
4037
4068
4038
4069
4039
4070
4040
4071
4041
4072
4042
4073
4043
4074
4044
4075
4045
4076
4046
4077
4047
4078
4048
4079
4049
4080
4050
4081
4051
4082
4052
4083
4053
4084
4054
4085
4055
4086
4056
4087
4057
4088
4058
4089
4059
4090
4060
4091
4061
4092
4062
4093
4063
4094
4095
4065
4066
4067
4068
4069
4070
4071
4072
4073
4074
4075
4076
4077
4078
4079
4080
4081
4082
4083
4084
4085
4086
4087
4088
4089
4090
4091
4092
4093
4094
4095
)


// ************************************************************************* //
