/*--------------------------------*- C++ -*----------------------------------*\
  =========                 |
  \\      /  F ield         | OpenFOAM: The Open Source CFD Toolbox
   \\    /   O peration     | Website:  https://openfoam.org
    \\  /    A nd           | Version:  9
     \\/     M anipulation  |
\*---------------------------------------------------------------------------*/
FoamFile
{
    format      ascii;
    class       labelList;
    note        "nPoints: 8514 nCells: 4096 nFaces: 16544 nInternalFaces: 8032";
    location    "constant/polyMesh";
    object      owner;
}
// * * * * * * * * * * * * * * * * * * * * * * * * * * * * * * * * * * * * * //


16544
(
0
0
1
1
2
2
3
3
4
4
5
5
6
6
7
7
8
8
9
9
10
10
11
11
12
12
13
13
14
14
15
15
16
16
17
17
18
18
19
19
20
20
21
21
22
22
23
23
24
24
25
25
26
26
27
27
28
28
29
29
30
30
31
32
32
33
33
34
34
35
35
36
36
37
37
38
38
39
39
40
40
41
41
42
42
43
43
44
44
45
45
46
46
47
47
48
48
49
49
50
50
51
51
52
52
53
53
54
54
55
55
56
56
57
57
58
58
59
59
60
60
61
61
62
62
63
64
64
65
65
66
66
67
67
68
68
69
69
70
70
71
71
72
72
73
73
74
74
75
75
76
76
77
77
78
78
79
79
80
80
81
81
82
82
83
83
84
84
85
85
86
86
87
87
88
88
89
89
90
90
91
91
92
92
93
93
94
94
95
96
96
97
97
98
98
99
99
100
100
101
101
102
102
103
103
104
104
105
105
106
106
107
107
108
108
109
109
110
110
111
111
112
112
113
113
114
114
115
115
116
116
117
117
118
118
119
119
120
120
121
121
122
122
123
123
124
124
125
125
126
126
127
128
128
129
129
130
130
131
131
132
132
133
133
134
134
135
135
136
136
137
137
138
138
139
139
140
140
141
141
142
142
143
143
144
144
145
145
146
146
147
147
148
148
149
149
150
150
151
151
152
152
153
153
154
154
155
155
156
156
157
157
158
158
159
160
160
161
161
162
162
163
163
164
164
165
165
166
166
167
167
168
168
169
169
170
170
171
171
172
172
173
173
174
174
175
175
176
176
177
177
178
178
179
179
180
180
181
181
182
182
183
183
184
184
185
185
186
186
187
187
188
188
189
189
190
190
191
192
192
193
193
194
194
195
195
196
196
197
197
198
198
199
199
200
200
201
201
202
202
203
203
204
204
205
205
206
206
207
207
208
208
209
209
210
210
211
211
212
212
213
213
214
214
215
215
216
216
217
217
218
218
219
219
220
220
221
221
222
222
223
224
224
225
225
226
226
227
227
228
228
229
229
230
230
231
231
232
232
233
233
234
234
235
235
236
236
237
237
238
238
239
239
240
240
241
241
242
242
243
243
244
244
245
245
246
246
247
247
248
248
249
249
250
250
251
251
252
252
253
253
254
254
255
256
256
257
257
258
258
259
259
260
260
261
261
262
262
263
263
264
264
265
265
266
266
267
267
268
268
269
269
270
270
271
271
272
272
273
273
274
274
275
275
276
276
277
277
278
278
279
279
280
280
281
281
282
282
283
283
284
284
285
285
286
286
287
288
288
289
289
290
290
291
291
292
292
293
293
294
294
295
295
296
296
297
297
298
298
299
299
300
300
301
301
302
302
303
303
304
304
305
305
306
306
307
307
308
308
309
309
310
310
311
311
312
312
313
313
314
314
315
315
316
316
317
317
318
318
319
320
320
321
321
322
322
323
323
324
324
325
325
326
326
327
327
328
328
329
329
330
330
331
331
332
332
333
333
334
334
335
335
336
336
337
337
338
338
339
339
340
340
341
341
342
342
343
343
344
344
345
345
346
346
347
347
348
348
349
349
350
350
351
352
352
353
353
354
354
355
355
356
356
357
357
358
358
359
359
360
360
361
361
362
362
363
363
364
364
365
365
366
366
367
367
368
368
369
369
370
370
371
371
372
372
373
373
374
374
375
375
376
376
377
377
378
378
379
379
380
380
381
381
382
382
383
384
384
385
385
386
386
387
387
388
388
389
389
390
390
391
391
392
392
393
393
394
394
395
395
396
396
397
397
398
398
399
399
400
400
401
401
402
402
403
403
404
404
405
405
406
406
407
407
408
408
409
409
410
410
411
411
412
412
413
413
414
414
415
416
416
417
417
418
418
419
419
420
420
421
421
422
422
423
423
424
424
425
425
426
426
427
427
428
428
429
429
430
430
431
431
432
432
433
433
434
434
435
435
436
436
437
437
438
438
439
439
440
440
441
441
442
442
443
443
444
444
445
445
446
446
447
448
448
449
449
450
450
451
451
452
452
453
453
454
454
455
455
456
456
457
457
458
458
459
459
460
460
461
461
462
462
463
463
464
464
465
465
466
466
467
467
468
468
469
469
470
470
471
471
472
472
473
473
474
474
475
475
476
476
477
477
478
478
479
480
480
481
481
482
482
483
483
484
484
485
485
486
486
487
487
488
488
489
489
490
490
491
491
492
492
493
493
494
494
495
495
496
496
497
497
498
498
499
499
500
500
501
501
502
502
503
503
504
504
505
505
506
506
507
507
508
508
509
509
510
510
511
512
512
513
513
514
514
515
515
516
516
517
517
518
518
519
519
520
520
521
521
522
522
523
523
524
524
525
525
526
526
527
527
528
528
529
529
530
530
531
531
532
532
533
533
534
534
535
535
536
536
537
537
538
538
539
539
540
540
541
541
542
542
543
544
544
545
545
546
546
547
547
548
548
549
549
550
550
551
551
552
552
553
553
554
554
555
555
556
556
557
557
558
558
559
559
560
560
561
561
562
562
563
563
564
564
565
565
566
566
567
567
568
568
569
569
570
570
571
571
572
572
573
573
574
574
575
576
576
577
577
578
578
579
579
580
580
581
581
582
582
583
583
584
584
585
585
586
586
587
587
588
588
589
589
590
590
591
591
592
592
593
593
594
594
595
595
596
596
597
597
598
598
599
599
600
600
601
601
602
602
603
603
604
604
605
605
606
606
607
608
608
609
609
610
610
611
611
612
612
613
613
614
614
615
615
616
616
617
617
618
618
619
619
620
620
621
621
622
622
623
623
624
624
625
625
626
626
627
627
628
628
629
629
630
630
631
631
632
632
633
633
634
634
635
635
636
636
637
637
638
638
639
640
640
641
641
642
642
643
643
644
644
645
645
646
646
647
647
648
648
649
649
650
650
651
651
652
652
653
653
654
654
655
655
656
656
657
657
658
658
659
659
660
660
661
661
662
662
663
663
664
664
665
665
666
666
667
667
668
668
669
669
670
670
671
672
672
673
673
674
674
675
675
676
676
677
677
678
678
679
679
680
680
681
681
682
682
683
683
684
684
685
685
686
686
687
687
688
688
689
689
690
690
691
691
692
692
693
693
694
694
695
695
696
696
697
697
698
698
699
699
700
700
701
701
702
702
703
704
704
705
705
706
706
707
707
708
708
709
709
710
710
711
711
712
712
713
713
714
714
715
715
716
716
717
717
718
718
719
719
720
720
721
721
722
722
723
723
724
724
725
725
726
726
727
727
728
728
729
729
730
730
731
731
732
732
733
733
734
734
735
736
736
737
737
738
738
739
739
740
740
741
741
742
742
743
743
744
744
745
745
746
746
747
747
748
748
749
749
750
750
751
751
752
752
753
753
754
754
755
755
756
756
757
757
758
758
759
759
760
760
761
761
762
762
763
763
764
764
765
765
766
766
767
768
768
769
769
770
770
771
771
772
772
773
773
774
774
775
775
776
776
777
777
778
778
779
779
780
780
781
781
782
782
783
783
784
784
785
785
786
786
787
787
788
788
789
789
790
790
791
791
792
792
793
793
794
794
795
795
796
796
797
797
798
798
799
800
800
801
801
802
802
803
803
804
804
805
805
806
806
807
807
808
808
809
809
810
810
811
811
812
812
813
813
814
814
815
815
816
816
817
817
818
818
819
819
820
820
821
821
822
822
823
823
824
824
825
825
826
826
827
827
828
828
829
829
830
830
831
832
832
833
833
834
834
835
835
836
836
837
837
838
838
839
839
840
840
841
841
842
842
843
843
844
844
845
845
846
846
847
847
848
848
849
849
850
850
851
851
852
852
853
853
854
854
855
855
856
856
857
857
858
858
859
859
860
860
861
861
862
862
863
864
864
865
865
866
866
867
867
868
868
869
869
870
870
871
871
872
872
873
873
874
874
875
875
876
876
877
877
878
878
879
879
880
880
881
881
882
882
883
883
884
884
885
885
886
886
887
887
888
888
889
889
890
890
891
891
892
892
893
893
894
894
895
896
896
897
897
898
898
899
899
900
900
901
901
902
902
903
903
904
904
905
905
906
906
907
907
908
908
909
909
910
910
911
911
912
912
913
913
914
914
915
915
916
916
917
917
918
918
919
919
920
920
921
921
922
922
923
923
924
924
925
925
926
926
927
928
928
929
929
930
930
931
931
932
932
933
933
934
934
935
935
936
936
937
937
938
938
939
939
940
940
941
941
942
942
943
943
944
944
945
945
946
946
947
947
948
948
949
949
950
950
951
951
952
952
953
953
954
954
955
955
956
956
957
957
958
958
959
960
960
961
961
962
962
963
963
964
964
965
965
966
966
967
967
968
968
969
969
970
970
971
971
972
972
973
973
974
974
975
975
976
976
977
977
978
978
979
979
980
980
981
981
982
982
983
983
984
984
985
985
986
986
987
987
988
988
989
989
990
990
991
992
992
993
993
994
994
995
995
996
996
997
997
998
998
999
999
1000
1000
1001
1001
1002
1002
1003
1003
1004
1004
1005
1005
1006
1006
1007
1007
1008
1008
1009
1009
1010
1010
1011
1011
1012
1012
1013
1013
1014
1014
1015
1015
1016
1016
1017
1017
1018
1018
1019
1019
1020
1020
1021
1021
1022
1022
1023
1024
1024
1025
1025
1026
1026
1027
1027
1028
1028
1029
1029
1030
1030
1031
1031
1032
1032
1033
1033
1034
1034
1035
1035
1036
1036
1037
1037
1038
1038
1039
1039
1040
1040
1041
1041
1042
1042
1043
1043
1044
1044
1045
1045
1046
1046
1047
1047
1048
1048
1049
1049
1050
1050
1051
1051
1052
1052
1053
1053
1054
1054
1055
1056
1056
1057
1057
1058
1058
1059
1059
1060
1060
1061
1061
1062
1062
1063
1063
1064
1064
1065
1065
1066
1066
1067
1067
1068
1068
1069
1069
1070
1070
1071
1071
1072
1072
1073
1073
1074
1074
1075
1075
1076
1076
1077
1077
1078
1078
1079
1079
1080
1080
1081
1081
1082
1082
1083
1083
1084
1084
1085
1085
1086
1086
1087
1088
1088
1089
1089
1090
1090
1091
1091
1092
1092
1093
1093
1094
1094
1095
1095
1096
1096
1097
1097
1098
1098
1099
1099
1100
1100
1101
1101
1102
1102
1103
1103
1104
1104
1105
1105
1106
1106
1107
1107
1108
1108
1109
1109
1110
1110
1111
1111
1112
1112
1113
1113
1114
1114
1115
1115
1116
1116
1117
1117
1118
1118
1119
1120
1120
1121
1121
1122
1122
1123
1123
1124
1124
1125
1125
1126
1126
1127
1127
1128
1128
1129
1129
1130
1130
1131
1131
1132
1132
1133
1133
1134
1134
1135
1135
1136
1136
1137
1137
1138
1138
1139
1139
1140
1140
1141
1141
1142
1142
1143
1143
1144
1144
1145
1145
1146
1146
1147
1147
1148
1148
1149
1149
1150
1150
1151
1152
1152
1153
1153
1154
1154
1155
1155
1156
1156
1157
1157
1158
1158
1159
1159
1160
1160
1161
1161
1162
1162
1163
1163
1164
1164
1165
1165
1166
1166
1167
1167
1168
1168
1169
1169
1170
1170
1171
1171
1172
1172
1173
1173
1174
1174
1175
1175
1176
1176
1177
1177
1178
1178
1179
1179
1180
1180
1181
1181
1182
1182
1183
1184
1184
1185
1185
1186
1186
1187
1187
1188
1188
1189
1189
1190
1190
1191
1191
1192
1192
1193
1193
1194
1194
1195
1195
1196
1196
1197
1197
1198
1198
1199
1199
1200
1200
1201
1201
1202
1202
1203
1203
1204
1204
1205
1205
1206
1206
1207
1207
1208
1208
1209
1209
1210
1210
1211
1211
1212
1212
1213
1213
1214
1214
1215
1216
1216
1217
1217
1218
1218
1219
1219
1220
1220
1221
1221
1222
1222
1223
1223
1224
1224
1225
1225
1226
1226
1227
1227
1228
1228
1229
1229
1230
1230
1231
1231
1232
1232
1233
1233
1234
1234
1235
1235
1236
1236
1237
1237
1238
1238
1239
1239
1240
1240
1241
1241
1242
1242
1243
1243
1244
1244
1245
1245
1246
1246
1247
1248
1248
1249
1249
1250
1250
1251
1251
1252
1252
1253
1253
1254
1254
1255
1255
1256
1256
1257
1257
1258
1258
1259
1259
1260
1260
1261
1261
1262
1262
1263
1263
1264
1264
1265
1265
1266
1266
1267
1267
1268
1268
1269
1269
1270
1270
1271
1271
1272
1272
1273
1273
1274
1274
1275
1275
1276
1276
1277
1277
1278
1278
1279
1280
1280
1281
1281
1282
1282
1283
1283
1284
1284
1285
1285
1286
1286
1287
1287
1288
1288
1289
1289
1290
1290
1291
1291
1292
1292
1293
1293
1294
1294
1295
1295
1296
1296
1297
1297
1298
1298
1299
1299
1300
1300
1301
1301
1302
1302
1303
1303
1304
1304
1305
1305
1306
1306
1307
1307
1308
1308
1309
1309
1310
1310
1311
1312
1312
1313
1313
1314
1314
1315
1315
1316
1316
1317
1317
1318
1318
1319
1319
1320
1320
1321
1321
1322
1322
1323
1323
1324
1324
1325
1325
1326
1326
1327
1327
1328
1328
1329
1329
1330
1330
1331
1331
1332
1332
1333
1333
1334
1334
1335
1335
1336
1336
1337
1337
1338
1338
1339
1339
1340
1340
1341
1341
1342
1342
1343
1344
1344
1345
1345
1346
1346
1347
1347
1348
1348
1349
1349
1350
1350
1351
1351
1352
1352
1353
1353
1354
1354
1355
1355
1356
1356
1357
1357
1358
1358
1359
1359
1360
1360
1361
1361
1362
1362
1363
1363
1364
1364
1365
1365
1366
1366
1367
1367
1368
1368
1369
1369
1370
1370
1371
1371
1372
1372
1373
1373
1374
1374
1375
1376
1376
1377
1377
1378
1378
1379
1379
1380
1380
1381
1381
1382
1382
1383
1383
1384
1384
1385
1385
1386
1386
1387
1387
1388
1388
1389
1389
1390
1390
1391
1391
1392
1392
1393
1393
1394
1394
1395
1395
1396
1396
1397
1397
1398
1398
1399
1399
1400
1400
1401
1401
1402
1402
1403
1403
1404
1404
1405
1405
1406
1406
1407
1408
1408
1409
1409
1410
1410
1411
1411
1412
1412
1413
1413
1414
1414
1415
1415
1416
1416
1417
1417
1418
1418
1419
1419
1420
1420
1421
1421
1422
1422
1423
1423
1424
1424
1425
1425
1426
1426
1427
1427
1428
1428
1429
1429
1430
1430
1431
1431
1432
1432
1433
1433
1434
1434
1435
1435
1436
1436
1437
1437
1438
1438
1439
1440
1440
1441
1441
1442
1442
1443
1443
1444
1444
1445
1445
1446
1446
1447
1447
1448
1448
1449
1449
1450
1450
1451
1451
1452
1452
1453
1453
1454
1454
1455
1455
1456
1456
1457
1457
1458
1458
1459
1459
1460
1460
1461
1461
1462
1462
1463
1463
1464
1464
1465
1465
1466
1466
1467
1467
1468
1468
1469
1469
1470
1470
1471
1472
1472
1473
1473
1474
1474
1475
1475
1476
1476
1477
1477
1478
1478
1479
1479
1480
1480
1481
1481
1482
1482
1483
1483
1484
1484
1485
1485
1486
1486
1487
1487
1488
1488
1489
1489
1490
1490
1491
1491
1492
1492
1493
1493
1494
1494
1495
1495
1496
1496
1497
1497
1498
1498
1499
1499
1500
1500
1501
1501
1502
1502
1503
1504
1504
1505
1505
1506
1506
1507
1507
1508
1508
1509
1509
1510
1510
1511
1511
1512
1512
1513
1513
1514
1514
1515
1515
1516
1516
1517
1517
1518
1518
1519
1519
1520
1520
1521
1521
1522
1522
1523
1523
1524
1524
1525
1525
1526
1526
1527
1527
1528
1528
1529
1529
1530
1530
1531
1531
1532
1532
1533
1533
1534
1534
1535
1536
1536
1537
1537
1538
1538
1539
1539
1540
1540
1541
1541
1542
1542
1543
1543
1544
1544
1545
1545
1546
1546
1547
1547
1548
1548
1549
1549
1550
1550
1551
1551
1552
1552
1553
1553
1554
1554
1555
1555
1556
1556
1557
1557
1558
1558
1559
1559
1560
1560
1561
1561
1562
1562
1563
1563
1564
1564
1565
1565
1566
1566
1567
1568
1568
1569
1569
1570
1570
1571
1571
1572
1572
1573
1573
1574
1574
1575
1575
1576
1576
1577
1577
1578
1578
1579
1579
1580
1580
1581
1581
1582
1582
1583
1583
1584
1584
1585
1585
1586
1586
1587
1587
1588
1588
1589
1589
1590
1590
1591
1591
1592
1592
1593
1593
1594
1594
1595
1595
1596
1596
1597
1597
1598
1598
1599
1600
1600
1601
1601
1602
1602
1603
1603
1604
1604
1605
1605
1606
1606
1607
1607
1608
1608
1609
1609
1610
1610
1611
1611
1612
1612
1613
1613
1614
1614
1615
1615
1616
1616
1617
1617
1618
1618
1619
1619
1620
1620
1621
1621
1622
1622
1623
1623
1624
1624
1625
1625
1626
1626
1627
1627
1628
1628
1629
1629
1630
1630
1631
1632
1632
1633
1633
1634
1634
1635
1635
1636
1636
1637
1637
1638
1638
1639
1639
1640
1640
1641
1641
1642
1642
1643
1643
1644
1644
1645
1645
1646
1646
1647
1647
1648
1648
1649
1649
1650
1650
1651
1651
1652
1652
1653
1653
1654
1654
1655
1655
1656
1656
1657
1657
1658
1658
1659
1659
1660
1660
1661
1661
1662
1662
1663
1664
1664
1665
1665
1666
1666
1667
1667
1668
1668
1669
1669
1670
1670
1671
1671
1672
1672
1673
1673
1674
1674
1675
1675
1676
1676
1677
1677
1678
1678
1679
1679
1680
1680
1681
1681
1682
1682
1683
1683
1684
1684
1685
1685
1686
1686
1687
1687
1688
1688
1689
1689
1690
1690
1691
1691
1692
1692
1693
1693
1694
1694
1695
1696
1696
1697
1697
1698
1698
1699
1699
1700
1700
1701
1701
1702
1702
1703
1703
1704
1704
1705
1705
1706
1706
1707
1707
1708
1708
1709
1709
1710
1710
1711
1711
1712
1712
1713
1713
1714
1714
1715
1715
1716
1716
1717
1717
1718
1718
1719
1719
1720
1720
1721
1721
1722
1722
1723
1723
1724
1724
1725
1725
1726
1726
1727
1728
1728
1729
1729
1730
1730
1731
1731
1732
1732
1733
1733
1734
1734
1735
1735
1736
1736
1737
1737
1738
1738
1739
1739
1740
1740
1741
1741
1742
1742
1743
1743
1744
1744
1745
1745
1746
1746
1747
1747
1748
1748
1749
1749
1750
1750
1751
1751
1752
1752
1753
1753
1754
1754
1755
1755
1756
1756
1757
1757
1758
1758
1759
1760
1760
1761
1761
1762
1762
1763
1763
1764
1764
1765
1765
1766
1766
1767
1767
1768
1768
1769
1769
1770
1770
1771
1771
1772
1772
1773
1773
1774
1774
1775
1775
1776
1776
1777
1777
1778
1778
1779
1779
1780
1780
1781
1781
1782
1782
1783
1783
1784
1784
1785
1785
1786
1786
1787
1787
1788
1788
1789
1789
1790
1790
1791
1792
1792
1793
1793
1794
1794
1795
1795
1796
1796
1797
1797
1798
1798
1799
1799
1800
1800
1801
1801
1802
1802
1803
1803
1804
1804
1805
1805
1806
1806
1807
1807
1808
1808
1809
1809
1810
1810
1811
1811
1812
1812
1813
1813
1814
1814
1815
1815
1816
1816
1817
1817
1818
1818
1819
1819
1820
1820
1821
1821
1822
1822
1823
1824
1824
1825
1825
1826
1826
1827
1827
1828
1828
1829
1829
1830
1830
1831
1831
1832
1832
1833
1833
1834
1834
1835
1835
1836
1836
1837
1837
1838
1838
1839
1839
1840
1840
1841
1841
1842
1842
1843
1843
1844
1844
1845
1845
1846
1846
1847
1847
1848
1848
1849
1849
1850
1850
1851
1851
1852
1852
1853
1853
1854
1854
1855
1856
1856
1857
1857
1858
1858
1859
1859
1860
1860
1861
1861
1862
1862
1863
1863
1864
1864
1865
1865
1866
1866
1867
1867
1868
1868
1869
1869
1870
1870
1871
1871
1872
1872
1873
1873
1874
1874
1875
1875
1876
1876
1877
1877
1878
1878
1879
1879
1880
1880
1881
1881
1882
1882
1883
1883
1884
1884
1885
1885
1886
1886
1887
1888
1888
1889
1889
1890
1890
1891
1891
1892
1892
1893
1893
1894
1894
1895
1895
1896
1896
1897
1897
1898
1898
1899
1899
1900
1900
1901
1901
1902
1902
1903
1903
1904
1904
1905
1905
1906
1906
1907
1907
1908
1908
1909
1909
1910
1910
1911
1911
1912
1912
1913
1913
1914
1914
1915
1915
1916
1916
1917
1917
1918
1918
1919
1920
1920
1921
1921
1922
1922
1923
1923
1924
1924
1925
1925
1926
1926
1927
1927
1928
1928
1929
1929
1930
1930
1931
1931
1932
1932
1933
1933
1934
1934
1935
1935
1936
1936
1937
1937
1938
1938
1939
1939
1940
1940
1941
1941
1942
1942
1943
1943
1944
1944
1945
1945
1946
1946
1947
1947
1948
1948
1949
1949
1950
1950
1951
1952
1952
1953
1953
1954
1954
1955
1955
1956
1956
1957
1957
1958
1958
1959
1959
1960
1960
1961
1961
1962
1962
1963
1963
1964
1964
1965
1965
1966
1966
1967
1967
1968
1968
1969
1969
1970
1970
1971
1971
1972
1972
1973
1973
1974
1974
1975
1975
1976
1976
1977
1977
1978
1978
1979
1979
1980
1980
1981
1981
1982
1982
1983
1984
1984
1985
1985
1986
1986
1987
1987
1988
1988
1989
1989
1990
1990
1991
1991
1992
1992
1993
1993
1994
1994
1995
1995
1996
1996
1997
1997
1998
1998
1999
1999
2000
2000
2001
2001
2002
2002
2003
2003
2004
2004
2005
2005
2006
2006
2007
2007
2008
2008
2009
2009
2010
2010
2011
2011
2012
2012
2013
2013
2014
2014
2015
2016
2016
2017
2017
2018
2018
2019
2019
2020
2020
2021
2021
2022
2022
2023
2023
2024
2024
2025
2025
2026
2026
2027
2027
2028
2028
2029
2029
2030
2030
2031
2031
2032
2032
2033
2033
2034
2034
2035
2035
2036
2036
2037
2037
2038
2038
2039
2039
2040
2040
2041
2041
2042
2042
2043
2043
2044
2044
2045
2045
2046
2046
2047
2048
2048
2049
2049
2050
2050
2051
2051
2052
2052
2053
2053
2054
2054
2055
2055
2056
2056
2057
2057
2058
2058
2059
2059
2060
2060
2061
2061
2062
2062
2063
2063
2064
2064
2065
2065
2066
2066
2067
2067
2068
2068
2069
2069
2070
2070
2071
2071
2072
2072
2073
2073
2074
2074
2075
2075
2076
2076
2077
2077
2078
2078
2079
2080
2080
2081
2081
2082
2082
2083
2083
2084
2084
2085
2085
2086
2086
2087
2087
2088
2088
2089
2089
2090
2090
2091
2091
2092
2092
2093
2093
2094
2094
2095
2095
2096
2096
2097
2097
2098
2098
2099
2099
2100
2100
2101
2101
2102
2102
2103
2103
2104
2104
2105
2105
2106
2106
2107
2107
2108
2108
2109
2109
2110
2110
2111
2112
2112
2113
2113
2114
2114
2115
2115
2116
2116
2117
2117
2118
2118
2119
2119
2120
2120
2121
2121
2122
2122
2123
2123
2124
2124
2125
2125
2126
2126
2127
2127
2128
2128
2129
2129
2130
2130
2131
2131
2132
2132
2133
2133
2134
2134
2135
2135
2136
2136
2137
2137
2138
2138
2139
2139
2140
2140
2141
2141
2142
2142
2143
2144
2144
2145
2145
2146
2146
2147
2147
2148
2148
2149
2149
2150
2150
2151
2151
2152
2152
2153
2153
2154
2154
2155
2155
2156
2156
2157
2157
2158
2158
2159
2159
2160
2160
2161
2161
2162
2162
2163
2163
2164
2164
2165
2165
2166
2166
2167
2167
2168
2168
2169
2169
2170
2170
2171
2171
2172
2172
2173
2173
2174
2174
2175
2176
2176
2177
2177
2178
2178
2179
2179
2180
2180
2181
2181
2182
2182
2183
2183
2184
2184
2185
2185
2186
2186
2187
2187
2188
2188
2189
2189
2190
2190
2191
2191
2192
2192
2193
2193
2194
2194
2195
2195
2196
2196
2197
2197
2198
2198
2199
2199
2200
2200
2201
2201
2202
2202
2203
2203
2204
2204
2205
2205
2206
2206
2207
2208
2208
2209
2209
2210
2210
2211
2211
2212
2212
2213
2213
2214
2214
2215
2215
2216
2216
2217
2217
2218
2218
2219
2219
2220
2220
2221
2221
2222
2222
2223
2223
2224
2224
2225
2225
2226
2226
2227
2227
2228
2228
2229
2229
2230
2230
2231
2231
2232
2232
2233
2233
2234
2234
2235
2235
2236
2236
2237
2237
2238
2238
2239
2240
2240
2241
2241
2242
2242
2243
2243
2244
2244
2245
2245
2246
2246
2247
2247
2248
2248
2249
2249
2250
2250
2251
2251
2252
2252
2253
2253
2254
2254
2255
2255
2256
2256
2257
2257
2258
2258
2259
2259
2260
2260
2261
2261
2262
2262
2263
2263
2264
2264
2265
2265
2266
2266
2267
2267
2268
2268
2269
2269
2270
2270
2271
2272
2272
2273
2273
2274
2274
2275
2275
2276
2276
2277
2277
2278
2278
2279
2279
2280
2280
2281
2281
2282
2282
2283
2283
2284
2284
2285
2285
2286
2286
2287
2287
2288
2288
2289
2289
2290
2290
2291
2291
2292
2292
2293
2293
2294
2294
2295
2295
2296
2296
2297
2297
2298
2298
2299
2299
2300
2300
2301
2301
2302
2302
2303
2304
2304
2305
2305
2306
2306
2307
2307
2308
2308
2309
2309
2310
2310
2311
2311
2312
2312
2313
2313
2314
2314
2315
2315
2316
2316
2317
2317
2318
2318
2319
2319
2320
2320
2321
2321
2322
2322
2323
2323
2324
2324
2325
2325
2326
2326
2327
2327
2328
2328
2329
2329
2330
2330
2331
2331
2332
2332
2333
2333
2334
2334
2335
2336
2336
2337
2337
2338
2338
2339
2339
2340
2340
2341
2341
2342
2342
2343
2343
2344
2344
2345
2345
2346
2346
2347
2347
2348
2348
2349
2349
2350
2350
2351
2351
2352
2352
2353
2353
2354
2354
2355
2355
2356
2356
2357
2357
2358
2358
2359
2359
2360
2360
2361
2361
2362
2362
2363
2363
2364
2364
2365
2365
2366
2366
2367
2368
2368
2369
2369
2370
2370
2371
2371
2372
2372
2373
2373
2374
2374
2375
2375
2376
2376
2377
2377
2378
2378
2379
2379
2380
2380
2381
2381
2382
2382
2383
2383
2384
2384
2385
2385
2386
2386
2387
2387
2388
2388
2389
2389
2390
2390
2391
2391
2392
2392
2393
2393
2394
2394
2395
2395
2396
2396
2397
2397
2398
2398
2399
2400
2400
2401
2401
2402
2402
2403
2403
2404
2404
2405
2405
2406
2406
2407
2407
2408
2408
2409
2409
2410
2410
2411
2411
2412
2412
2413
2413
2414
2414
2415
2415
2416
2416
2417
2417
2418
2418
2419
2419
2420
2420
2421
2421
2422
2422
2423
2423
2424
2424
2425
2425
2426
2426
2427
2427
2428
2428
2429
2429
2430
2430
2431
2432
2432
2433
2433
2434
2434
2435
2435
2436
2436
2437
2437
2438
2438
2439
2439
2440
2440
2441
2441
2442
2442
2443
2443
2444
2444
2445
2445
2446
2446
2447
2447
2448
2448
2449
2449
2450
2450
2451
2451
2452
2452
2453
2453
2454
2454
2455
2455
2456
2456
2457
2457
2458
2458
2459
2459
2460
2460
2461
2461
2462
2462
2463
2464
2464
2465
2465
2466
2466
2467
2467
2468
2468
2469
2469
2470
2470
2471
2471
2472
2472
2473
2473
2474
2474
2475
2475
2476
2476
2477
2477
2478
2478
2479
2479
2480
2480
2481
2481
2482
2482
2483
2483
2484
2484
2485
2485
2486
2486
2487
2487
2488
2488
2489
2489
2490
2490
2491
2491
2492
2492
2493
2493
2494
2494
2495
2496
2496
2497
2497
2498
2498
2499
2499
2500
2500
2501
2501
2502
2502
2503
2503
2504
2504
2505
2505
2506
2506
2507
2507
2508
2508
2509
2509
2510
2510
2511
2511
2512
2512
2513
2513
2514
2514
2515
2515
2516
2516
2517
2517
2518
2518
2519
2519
2520
2520
2521
2521
2522
2522
2523
2523
2524
2524
2525
2525
2526
2526
2527
2528
2528
2529
2529
2530
2530
2531
2531
2532
2532
2533
2533
2534
2534
2535
2535
2536
2536
2537
2537
2538
2538
2539
2539
2540
2540
2541
2541
2542
2542
2543
2543
2544
2544
2545
2545
2546
2546
2547
2547
2548
2548
2549
2549
2550
2550
2551
2551
2552
2552
2553
2553
2554
2554
2555
2555
2556
2556
2557
2557
2558
2558
2559
2560
2560
2561
2561
2562
2562
2563
2563
2564
2564
2565
2565
2566
2566
2567
2567
2568
2568
2569
2569
2570
2570
2571
2571
2572
2572
2573
2573
2574
2574
2575
2575
2576
2576
2577
2577
2578
2578
2579
2579
2580
2580
2581
2581
2582
2582
2583
2583
2584
2584
2585
2585
2586
2586
2587
2587
2588
2588
2589
2589
2590
2590
2591
2592
2592
2593
2593
2594
2594
2595
2595
2596
2596
2597
2597
2598
2598
2599
2599
2600
2600
2601
2601
2602
2602
2603
2603
2604
2604
2605
2605
2606
2606
2607
2607
2608
2608
2609
2609
2610
2610
2611
2611
2612
2612
2613
2613
2614
2614
2615
2615
2616
2616
2617
2617
2618
2618
2619
2619
2620
2620
2621
2621
2622
2622
2623
2624
2624
2625
2625
2626
2626
2627
2627
2628
2628
2629
2629
2630
2630
2631
2631
2632
2632
2633
2633
2634
2634
2635
2635
2636
2636
2637
2637
2638
2638
2639
2639
2640
2640
2641
2641
2642
2642
2643
2643
2644
2644
2645
2645
2646
2646
2647
2647
2648
2648
2649
2649
2650
2650
2651
2651
2652
2652
2653
2653
2654
2654
2655
2656
2656
2657
2657
2658
2658
2659
2659
2660
2660
2661
2661
2662
2662
2663
2663
2664
2664
2665
2665
2666
2666
2667
2667
2668
2668
2669
2669
2670
2670
2671
2671
2672
2672
2673
2673
2674
2674
2675
2675
2676
2676
2677
2677
2678
2678
2679
2679
2680
2680
2681
2681
2682
2682
2683
2683
2684
2684
2685
2685
2686
2686
2687
2688
2688
2689
2689
2690
2690
2691
2691
2692
2692
2693
2693
2694
2694
2695
2695
2696
2696
2697
2697
2698
2698
2699
2699
2700
2700
2701
2701
2702
2702
2703
2703
2704
2704
2705
2705
2706
2706
2707
2707
2708
2708
2709
2709
2710
2710
2711
2711
2712
2712
2713
2713
2714
2714
2715
2715
2716
2716
2717
2717
2718
2718
2719
2720
2720
2721
2721
2722
2722
2723
2723
2724
2724
2725
2725
2726
2726
2727
2727
2728
2728
2729
2729
2730
2730
2731
2731
2732
2732
2733
2733
2734
2734
2735
2735
2736
2736
2737
2737
2738
2738
2739
2739
2740
2740
2741
2741
2742
2742
2743
2743
2744
2744
2745
2745
2746
2746
2747
2747
2748
2748
2749
2749
2750
2750
2751
2752
2752
2753
2753
2754
2754
2755
2755
2756
2756
2757
2757
2758
2758
2759
2759
2760
2760
2761
2761
2762
2762
2763
2763
2764
2764
2765
2765
2766
2766
2767
2767
2768
2768
2769
2769
2770
2770
2771
2771
2772
2772
2773
2773
2774
2774
2775
2775
2776
2776
2777
2777
2778
2778
2779
2779
2780
2780
2781
2781
2782
2782
2783
2784
2784
2785
2785
2786
2786
2787
2787
2788
2788
2789
2789
2790
2790
2791
2791
2792
2792
2793
2793
2794
2794
2795
2795
2796
2796
2797
2797
2798
2798
2799
2799
2800
2800
2801
2801
2802
2802
2803
2803
2804
2804
2805
2805
2806
2806
2807
2807
2808
2808
2809
2809
2810
2810
2811
2811
2812
2812
2813
2813
2814
2814
2815
2816
2816
2817
2817
2818
2818
2819
2819
2820
2820
2821
2821
2822
2822
2823
2823
2824
2824
2825
2825
2826
2826
2827
2827
2828
2828
2829
2829
2830
2830
2831
2831
2832
2832
2833
2833
2834
2834
2835
2835
2836
2836
2837
2837
2838
2838
2839
2839
2840
2840
2841
2841
2842
2842
2843
2843
2844
2844
2845
2845
2846
2846
2847
2848
2848
2849
2849
2850
2850
2851
2851
2852
2852
2853
2853
2854
2854
2855
2855
2856
2856
2857
2857
2858
2858
2859
2859
2860
2860
2861
2861
2862
2862
2863
2863
2864
2864
2865
2865
2866
2866
2867
2867
2868
2868
2869
2869
2870
2870
2871
2871
2872
2872
2873
2873
2874
2874
2875
2875
2876
2876
2877
2877
2878
2878
2879
2880
2880
2881
2881
2882
2882
2883
2883
2884
2884
2885
2885
2886
2886
2887
2887
2888
2888
2889
2889
2890
2890
2891
2891
2892
2892
2893
2893
2894
2894
2895
2895
2896
2896
2897
2897
2898
2898
2899
2899
2900
2900
2901
2901
2902
2902
2903
2903
2904
2904
2905
2905
2906
2906
2907
2907
2908
2908
2909
2909
2910
2910
2911
2912
2912
2913
2913
2914
2914
2915
2915
2916
2916
2917
2917
2918
2918
2919
2919
2920
2920
2921
2921
2922
2922
2923
2923
2924
2924
2925
2925
2926
2926
2927
2927
2928
2928
2929
2929
2930
2930
2931
2931
2932
2932
2933
2933
2934
2934
2935
2935
2936
2936
2937
2937
2938
2938
2939
2939
2940
2940
2941
2941
2942
2942
2943
2944
2944
2945
2945
2946
2946
2947
2947
2948
2948
2949
2949
2950
2950
2951
2951
2952
2952
2953
2953
2954
2954
2955
2955
2956
2956
2957
2957
2958
2958
2959
2959
2960
2960
2961
2961
2962
2962
2963
2963
2964
2964
2965
2965
2966
2966
2967
2967
2968
2968
2969
2969
2970
2970
2971
2971
2972
2972
2973
2973
2974
2974
2975
2976
2976
2977
2977
2978
2978
2979
2979
2980
2980
2981
2981
2982
2982
2983
2983
2984
2984
2985
2985
2986
2986
2987
2987
2988
2988
2989
2989
2990
2990
2991
2991
2992
2992
2993
2993
2994
2994
2995
2995
2996
2996
2997
2997
2998
2998
2999
2999
3000
3000
3001
3001
3002
3002
3003
3003
3004
3004
3005
3005
3006
3006
3007
3008
3008
3009
3009
3010
3010
3011
3011
3012
3012
3013
3013
3014
3014
3015
3015
3016
3016
3017
3017
3018
3018
3019
3019
3020
3020
3021
3021
3022
3022
3023
3023
3024
3024
3025
3025
3026
3026
3027
3027
3028
3028
3029
3029
3030
3030
3031
3031
3032
3032
3033
3033
3034
3034
3035
3035
3036
3036
3037
3037
3038
3038
3039
3040
3040
3041
3041
3042
3042
3043
3043
3044
3044
3045
3045
3046
3046
3047
3047
3048
3048
3049
3049
3050
3050
3051
3051
3052
3052
3053
3053
3054
3054
3055
3055
3056
3056
3057
3057
3058
3058
3059
3059
3060
3060
3061
3061
3062
3062
3063
3063
3064
3064
3065
3065
3066
3066
3067
3067
3068
3068
3069
3069
3070
3070
3071
3072
3072
3073
3073
3074
3074
3075
3075
3076
3076
3077
3077
3078
3078
3079
3079
3080
3080
3081
3081
3082
3082
3083
3083
3084
3084
3085
3085
3086
3086
3087
3087
3088
3088
3089
3089
3090
3090
3091
3091
3092
3092
3093
3093
3094
3094
3095
3095
3096
3096
3097
3097
3098
3098
3099
3099
3100
3100
3101
3101
3102
3102
3103
3104
3104
3105
3105
3106
3106
3107
3107
3108
3108
3109
3109
3110
3110
3111
3111
3112
3112
3113
3113
3114
3114
3115
3115
3116
3116
3117
3117
3118
3118
3119
3119
3120
3120
3121
3121
3122
3122
3123
3123
3124
3124
3125
3125
3126
3126
3127
3127
3128
3128
3129
3129
3130
3130
3131
3131
3132
3132
3133
3133
3134
3134
3135
3136
3136
3137
3137
3138
3138
3139
3139
3140
3140
3141
3141
3142
3142
3143
3143
3144
3144
3145
3145
3146
3146
3147
3147
3148
3148
3149
3149
3150
3150
3151
3151
3152
3152
3153
3153
3154
3154
3155
3155
3156
3156
3157
3157
3158
3158
3159
3159
3160
3160
3161
3161
3162
3162
3163
3163
3164
3164
3165
3165
3166
3166
3167
3168
3168
3169
3169
3170
3170
3171
3171
3172
3172
3173
3173
3174
3174
3175
3175
3176
3176
3177
3177
3178
3178
3179
3179
3180
3180
3181
3181
3182
3182
3183
3183
3184
3184
3185
3185
3186
3186
3187
3187
3188
3188
3189
3189
3190
3190
3191
3191
3192
3192
3193
3193
3194
3194
3195
3195
3196
3196
3197
3197
3198
3198
3199
3200
3200
3201
3201
3202
3202
3203
3203
3204
3204
3205
3205
3206
3206
3207
3207
3208
3208
3209
3209
3210
3210
3211
3211
3212
3212
3213
3213
3214
3214
3215
3215
3216
3216
3217
3217
3218
3218
3219
3219
3220
3220
3221
3221
3222
3222
3223
3223
3224
3224
3225
3225
3226
3226
3227
3227
3228
3228
3229
3229
3230
3230
3231
3232
3232
3233
3233
3234
3234
3235
3235
3236
3236
3237
3237
3238
3238
3239
3239
3240
3240
3241
3241
3242
3242
3243
3243
3244
3244
3245
3245
3246
3246
3247
3247
3248
3248
3249
3249
3250
3250
3251
3251
3252
3252
3253
3253
3254
3254
3255
3255
3256
3256
3257
3257
3258
3258
3259
3259
3260
3260
3261
3261
3262
3262
3263
3264
3264
3265
3265
3266
3266
3267
3267
3268
3268
3269
3269
3270
3270
3271
3271
3272
3272
3273
3273
3274
3274
3275
3275
3276
3276
3277
3277
3278
3278
3279
3279
3280
3280
3281
3281
3282
3282
3283
3283
3284
3284
3285
3285
3286
3286
3287
3287
3288
3288
3289
3289
3290
3290
3291
3291
3292
3292
3293
3293
3294
3294
3295
3296
3296
3297
3297
3298
3298
3299
3299
3300
3300
3301
3301
3302
3302
3303
3303
3304
3304
3305
3305
3306
3306
3307
3307
3308
3308
3309
3309
3310
3310
3311
3311
3312
3312
3313
3313
3314
3314
3315
3315
3316
3316
3317
3317
3318
3318
3319
3319
3320
3320
3321
3321
3322
3322
3323
3323
3324
3324
3325
3325
3326
3326
3327
3328
3328
3329
3329
3330
3330
3331
3331
3332
3332
3333
3333
3334
3334
3335
3335
3336
3336
3337
3337
3338
3338
3339
3339
3340
3340
3341
3341
3342
3342
3343
3343
3344
3344
3345
3345
3346
3346
3347
3347
3348
3348
3349
3349
3350
3350
3351
3351
3352
3352
3353
3353
3354
3354
3355
3355
3356
3356
3357
3357
3358
3358
3359
3360
3360
3361
3361
3362
3362
3363
3363
3364
3364
3365
3365
3366
3366
3367
3367
3368
3368
3369
3369
3370
3370
3371
3371
3372
3372
3373
3373
3374
3374
3375
3375
3376
3376
3377
3377
3378
3378
3379
3379
3380
3380
3381
3381
3382
3382
3383
3383
3384
3384
3385
3385
3386
3386
3387
3387
3388
3388
3389
3389
3390
3390
3391
3392
3392
3393
3393
3394
3394
3395
3395
3396
3396
3397
3397
3398
3398
3399
3399
3400
3400
3401
3401
3402
3402
3403
3403
3404
3404
3405
3405
3406
3406
3407
3407
3408
3408
3409
3409
3410
3410
3411
3411
3412
3412
3413
3413
3414
3414
3415
3415
3416
3416
3417
3417
3418
3418
3419
3419
3420
3420
3421
3421
3422
3422
3423
3424
3424
3425
3425
3426
3426
3427
3427
3428
3428
3429
3429
3430
3430
3431
3431
3432
3432
3433
3433
3434
3434
3435
3435
3436
3436
3437
3437
3438
3438
3439
3439
3440
3440
3441
3441
3442
3442
3443
3443
3444
3444
3445
3445
3446
3446
3447
3447
3448
3448
3449
3449
3450
3450
3451
3451
3452
3452
3453
3453
3454
3454
3455
3456
3456
3457
3457
3458
3458
3459
3459
3460
3460
3461
3461
3462
3462
3463
3463
3464
3464
3465
3465
3466
3466
3467
3467
3468
3468
3469
3469
3470
3470
3471
3471
3472
3472
3473
3473
3474
3474
3475
3475
3476
3476
3477
3477
3478
3478
3479
3479
3480
3480
3481
3481
3482
3482
3483
3483
3484
3484
3485
3485
3486
3486
3487
3488
3488
3489
3489
3490
3490
3491
3491
3492
3492
3493
3493
3494
3494
3495
3495
3496
3496
3497
3497
3498
3498
3499
3499
3500
3500
3501
3501
3502
3502
3503
3503
3504
3504
3505
3505
3506
3506
3507
3507
3508
3508
3509
3509
3510
3510
3511
3511
3512
3512
3513
3513
3514
3514
3515
3515
3516
3516
3517
3517
3518
3518
3519
3520
3520
3521
3521
3522
3522
3523
3523
3524
3524
3525
3525
3526
3526
3527
3527
3528
3528
3529
3529
3530
3530
3531
3531
3532
3532
3533
3533
3534
3534
3535
3535
3536
3536
3537
3537
3538
3538
3539
3539
3540
3540
3541
3541
3542
3542
3543
3543
3544
3544
3545
3545
3546
3546
3547
3547
3548
3548
3549
3549
3550
3550
3551
3552
3552
3553
3553
3554
3554
3555
3555
3556
3556
3557
3557
3558
3558
3559
3559
3560
3560
3561
3561
3562
3562
3563
3563
3564
3564
3565
3565
3566
3566
3567
3567
3568
3568
3569
3569
3570
3570
3571
3571
3572
3572
3573
3573
3574
3574
3575
3575
3576
3576
3577
3577
3578
3578
3579
3579
3580
3580
3581
3581
3582
3582
3583
3584
3584
3585
3585
3586
3586
3587
3587
3588
3588
3589
3589
3590
3590
3591
3591
3592
3592
3593
3593
3594
3594
3595
3595
3596
3596
3597
3597
3598
3598
3599
3599
3600
3600
3601
3601
3602
3602
3603
3603
3604
3604
3605
3605
3606
3606
3607
3607
3608
3608
3609
3609
3610
3610
3611
3611
3612
3612
3613
3613
3614
3614
3615
3616
3616
3617
3617
3618
3618
3619
3619
3620
3620
3621
3621
3622
3622
3623
3623
3624
3624
3625
3625
3626
3626
3627
3627
3628
3628
3629
3629
3630
3630
3631
3631
3632
3632
3633
3633
3634
3634
3635
3635
3636
3636
3637
3637
3638
3638
3639
3639
3640
3640
3641
3641
3642
3642
3643
3643
3644
3644
3645
3645
3646
3646
3647
3648
3648
3649
3649
3650
3650
3651
3651
3652
3652
3653
3653
3654
3654
3655
3655
3656
3656
3657
3657
3658
3658
3659
3659
3660
3660
3661
3661
3662
3662
3663
3663
3664
3664
3665
3665
3666
3666
3667
3667
3668
3668
3669
3669
3670
3670
3671
3671
3672
3672
3673
3673
3674
3674
3675
3675
3676
3676
3677
3677
3678
3678
3679
3680
3680
3681
3681
3682
3682
3683
3683
3684
3684
3685
3685
3686
3686
3687
3687
3688
3688
3689
3689
3690
3690
3691
3691
3692
3692
3693
3693
3694
3694
3695
3695
3696
3696
3697
3697
3698
3698
3699
3699
3700
3700
3701
3701
3702
3702
3703
3703
3704
3704
3705
3705
3706
3706
3707
3707
3708
3708
3709
3709
3710
3710
3711
3712
3712
3713
3713
3714
3714
3715
3715
3716
3716
3717
3717
3718
3718
3719
3719
3720
3720
3721
3721
3722
3722
3723
3723
3724
3724
3725
3725
3726
3726
3727
3727
3728
3728
3729
3729
3730
3730
3731
3731
3732
3732
3733
3733
3734
3734
3735
3735
3736
3736
3737
3737
3738
3738
3739
3739
3740
3740
3741
3741
3742
3742
3743
3744
3744
3745
3745
3746
3746
3747
3747
3748
3748
3749
3749
3750
3750
3751
3751
3752
3752
3753
3753
3754
3754
3755
3755
3756
3756
3757
3757
3758
3758
3759
3759
3760
3760
3761
3761
3762
3762
3763
3763
3764
3764
3765
3765
3766
3766
3767
3767
3768
3768
3769
3769
3770
3770
3771
3771
3772
3772
3773
3773
3774
3774
3775
3776
3776
3777
3777
3778
3778
3779
3779
3780
3780
3781
3781
3782
3782
3783
3783
3784
3784
3785
3785
3786
3786
3787
3787
3788
3788
3789
3789
3790
3790
3791
3791
3792
3792
3793
3793
3794
3794
3795
3795
3796
3796
3797
3797
3798
3798
3799
3799
3800
3800
3801
3801
3802
3802
3803
3803
3804
3804
3805
3805
3806
3806
3807
3808
3808
3809
3809
3810
3810
3811
3811
3812
3812
3813
3813
3814
3814
3815
3815
3816
3816
3817
3817
3818
3818
3819
3819
3820
3820
3821
3821
3822
3822
3823
3823
3824
3824
3825
3825
3826
3826
3827
3827
3828
3828
3829
3829
3830
3830
3831
3831
3832
3832
3833
3833
3834
3834
3835
3835
3836
3836
3837
3837
3838
3838
3839
3840
3840
3841
3841
3842
3842
3843
3843
3844
3844
3845
3845
3846
3846
3847
3847
3848
3848
3849
3849
3850
3850
3851
3851
3852
3852
3853
3853
3854
3854
3855
3855
3856
3856
3857
3857
3858
3858
3859
3859
3860
3860
3861
3861
3862
3862
3863
3863
3864
3864
3865
3865
3866
3866
3867
3867
3868
3868
3869
3869
3870
3870
3871
3872
3872
3873
3873
3874
3874
3875
3875
3876
3876
3877
3877
3878
3878
3879
3879
3880
3880
3881
3881
3882
3882
3883
3883
3884
3884
3885
3885
3886
3886
3887
3887
3888
3888
3889
3889
3890
3890
3891
3891
3892
3892
3893
3893
3894
3894
3895
3895
3896
3896
3897
3897
3898
3898
3899
3899
3900
3900
3901
3901
3902
3902
3903
3904
3904
3905
3905
3906
3906
3907
3907
3908
3908
3909
3909
3910
3910
3911
3911
3912
3912
3913
3913
3914
3914
3915
3915
3916
3916
3917
3917
3918
3918
3919
3919
3920
3920
3921
3921
3922
3922
3923
3923
3924
3924
3925
3925
3926
3926
3927
3927
3928
3928
3929
3929
3930
3930
3931
3931
3932
3932
3933
3933
3934
3934
3935
3936
3936
3937
3937
3938
3938
3939
3939
3940
3940
3941
3941
3942
3942
3943
3943
3944
3944
3945
3945
3946
3946
3947
3947
3948
3948
3949
3949
3950
3950
3951
3951
3952
3952
3953
3953
3954
3954
3955
3955
3956
3956
3957
3957
3958
3958
3959
3959
3960
3960
3961
3961
3962
3962
3963
3963
3964
3964
3965
3965
3966
3966
3967
3968
3968
3969
3969
3970
3970
3971
3971
3972
3972
3973
3973
3974
3974
3975
3975
3976
3976
3977
3977
3978
3978
3979
3979
3980
3980
3981
3981
3982
3982
3983
3983
3984
3984
3985
3985
3986
3986
3987
3987
3988
3988
3989
3989
3990
3990
3991
3991
3992
3992
3993
3993
3994
3994
3995
3995
3996
3996
3997
3997
3998
3998
3999
4000
4000
4001
4001
4002
4002
4003
4003
4004
4004
4005
4005
4006
4006
4007
4007
4008
4008
4009
4009
4010
4010
4011
4011
4012
4012
4013
4013
4014
4014
4015
4015
4016
4016
4017
4017
4018
4018
4019
4019
4020
4020
4021
4021
4022
4022
4023
4023
4024
4024
4025
4025
4026
4026
4027
4027
4028
4028
4029
4029
4030
4030
4031
4032
4032
4033
4033
4034
4034
4035
4035
4036
4036
4037
4037
4038
4038
4039
4039
4040
4040
4041
4041
4042
4042
4043
4043
4044
4044
4045
4045
4046
4046
4047
4047
4048
4048
4049
4049
4050
4050
4051
4051
4052
4052
4053
4053
4054
4054
4055
4055
4056
4056
4057
4057
4058
4058
4059
4059
4060
4060
4061
4061
4062
4062
4063
4064
4065
4066
4067
4068
4069
4070
4071
4072
4073
4074
4075
4076
4077
4078
4079
4080
4081
4082
4083
4084
4085
4086
4087
4088
4089
4090
4091
4092
4093
4094
0
1
2
3
4
5
6
7
8
9
10
11
12
13
14
15
16
17
18
19
20
21
22
23
24
25
26
27
28
29
30
31
4064
4065
4066
4067
4068
4069
4070
4071
4072
4073
4074
4075
4076
4077
4078
4079
4080
4081
4082
4083
4084
4085
4086
4087
4088
4089
4090
4091
4092
4093
4094
4095
0
32
64
96
128
160
192
224
256
288
320
352
384
416
448
480
512
544
576
608
640
672
704
736
768
800
832
864
896
928
960
992
1024
1056
1088
1120
1152
1184
1216
1248
1280
1312
1344
1376
1408
1440
1472
1504
1536
1568
1600
1632
1664
1696
1728
1760
1792
1824
1856
1888
1920
1952
1984
2016
2048
2080
2112
2144
2176
2208
2240
2272
2304
2336
2368
2400
2432
2464
2496
2528
2560
2592
2624
2656
2688
2720
2752
2784
2816
2848
2880
2912
2944
2976
3008
3040
3072
3104
3136
3168
3200
3232
3264
3296
3328
3360
3392
3424
3456
3488
3520
3552
3584
3616
3648
3680
3712
3744
3776
3808
3840
3872
3904
3936
3968
4000
4032
4064
31
63
95
127
159
191
223
255
287
319
351
383
415
447
479
511
543
575
607
639
671
703
735
767
799
831
863
895
927
959
991
1023
1055
1087
1119
1151
1183
1215
1247
1279
1311
1343
1375
1407
1439
1471
1503
1535
1567
1599
1631
1663
1695
1727
1759
1791
1823
1855
1887
1919
1951
1983
2015
2047
2079
2111
2143
2175
2207
2239
2271
2303
2335
2367
2399
2431
2463
2495
2527
2559
2591
2623
2655
2687
2719
2751
2783
2815
2847
2879
2911
2943
2975
3007
3039
3071
3103
3135
3167
3199
3231
3263
3295
3327
3359
3391
3423
3455
3487
3519
3551
3583
3615
3647
3679
3711
3743
3775
3807
3839
3871
3903
3935
3967
3999
4031
4063
4095
0
32
64
96
128
160
192
224
256
288
320
352
384
416
448
480
512
544
576
608
640
672
704
736
768
800
832
864
896
928
960
992
1024
1056
1088
1120
1152
1184
1216
1248
1280
1312
1344
1376
1408
1440
1472
1504
1536
1568
1600
1632
1664
1696
1728
1760
1792
1824
1856
1888
1920
1952
1984
2016
2048
2080
2112
2144
2176
2208
2240
2272
2304
2336
2368
2400
2432
2464
2496
2528
2560
2592
2624
2656
2688
2720
2752
2784
2816
2848
2880
2912
2944
2976
3008
3040
3072
3104
3136
3168
3200
3232
3264
3296
3328
3360
3392
3424
3456
3488
3520
3552
3584
3616
3648
3680
3712
3744
3776
3808
3840
3872
3904
3936
3968
4000
4032
4064
1
33
65
97
129
161
193
225
257
289
321
353
385
417
449
481
513
545
577
609
641
673
705
737
769
801
833
865
897
929
961
993
1025
1057
1089
1121
1153
1185
1217
1249
1281
1313
1345
1377
1409
1441
1473
1505
1537
1569
1601
1633
1665
1697
1729
1761
1793
1825
1857
1889
1921
1953
1985
2017
2049
2081
2113
2145
2177
2209
2241
2273
2305
2337
2369
2401
2433
2465
2497
2529
2561
2593
2625
2657
2689
2721
2753
2785
2817
2849
2881
2913
2945
2977
3009
3041
3073
3105
3137
3169
3201
3233
3265
3297
3329
3361
3393
3425
3457
3489
3521
3553
3585
3617
3649
3681
3713
3745
3777
3809
3841
3873
3905
3937
3969
4001
4033
4065
2
34
66
98
130
162
194
226
258
290
322
354
386
418
450
482
514
546
578
610
642
674
706
738
770
802
834
866
898
930
962
994
1026
1058
1090
1122
1154
1186
1218
1250
1282
1314
1346
1378
1410
1442
1474
1506
1538
1570
1602
1634
1666
1698
1730
1762
1794
1826
1858
1890
1922
1954
1986
2018
2050
2082
2114
2146
2178
2210
2242
2274
2306
2338
2370
2402
2434
2466
2498
2530
2562
2594
2626
2658
2690
2722
2754
2786
2818
2850
2882
2914
2946
2978
3010
3042
3074
3106
3138
3170
3202
3234
3266
3298
3330
3362
3394
3426
3458
3490
3522
3554
3586
3618
3650
3682
3714
3746
3778
3810
3842
3874
3906
3938
3970
4002
4034
4066
3
35
67
99
131
163
195
227
259
291
323
355
387
419
451
483
515
547
579
611
643
675
707
739
771
803
835
867
899
931
963
995
1027
1059
1091
1123
1155
1187
1219
1251
1283
1315
1347
1379
1411
1443
1475
1507
1539
1571
1603
1635
1667
1699
1731
1763
1795
1827
1859
1891
1923
1955
1987
2019
2051
2083
2115
2147
2179
2211
2243
2275
2307
2339
2371
2403
2435
2467
2499
2531
2563
2595
2627
2659
2691
2723
2755
2787
2819
2851
2883
2915
2947
2979
3011
3043
3075
3107
3139
3171
3203
3235
3267
3299
3331
3363
3395
3427
3459
3491
3523
3555
3587
3619
3651
3683
3715
3747
3779
3811
3843
3875
3907
3939
3971
4003
4035
4067
4
36
68
100
132
164
196
228
260
292
324
356
388
420
452
484
516
548
580
612
644
676
708
740
772
804
836
868
900
932
964
996
1028
1060
1092
1124
1156
1188
1220
1252
1284
1316
1348
1380
1412
1444
1476
1508
1540
1572
1604
1636
1668
1700
1732
1764
1796
1828
1860
1892
1924
1956
1988
2020
2052
2084
2116
2148
2180
2212
2244
2276
2308
2340
2372
2404
2436
2468
2500
2532
2564
2596
2628
2660
2692
2724
2756
2788
2820
2852
2884
2916
2948
2980
3012
3044
3076
3108
3140
3172
3204
3236
3268
3300
3332
3364
3396
3428
3460
3492
3524
3556
3588
3620
3652
3684
3716
3748
3780
3812
3844
3876
3908
3940
3972
4004
4036
4068
5
37
69
101
133
165
197
229
261
293
325
357
389
421
453
485
517
549
581
613
645
677
709
741
773
805
837
869
901
933
965
997
1029
1061
1093
1125
1157
1189
1221
1253
1285
1317
1349
1381
1413
1445
1477
1509
1541
1573
1605
1637
1669
1701
1733
1765
1797
1829
1861
1893
1925
1957
1989
2021
2053
2085
2117
2149
2181
2213
2245
2277
2309
2341
2373
2405
2437
2469
2501
2533
2565
2597
2629
2661
2693
2725
2757
2789
2821
2853
2885
2917
2949
2981
3013
3045
3077
3109
3141
3173
3205
3237
3269
3301
3333
3365
3397
3429
3461
3493
3525
3557
3589
3621
3653
3685
3717
3749
3781
3813
3845
3877
3909
3941
3973
4005
4037
4069
6
38
70
102
134
166
198
230
262
294
326
358
390
422
454
486
518
550
582
614
646
678
710
742
774
806
838
870
902
934
966
998
1030
1062
1094
1126
1158
1190
1222
1254
1286
1318
1350
1382
1414
1446
1478
1510
1542
1574
1606
1638
1670
1702
1734
1766
1798
1830
1862
1894
1926
1958
1990
2022
2054
2086
2118
2150
2182
2214
2246
2278
2310
2342
2374
2406
2438
2470
2502
2534
2566
2598
2630
2662
2694
2726
2758
2790
2822
2854
2886
2918
2950
2982
3014
3046
3078
3110
3142
3174
3206
3238
3270
3302
3334
3366
3398
3430
3462
3494
3526
3558
3590
3622
3654
3686
3718
3750
3782
3814
3846
3878
3910
3942
3974
4006
4038
4070
7
39
71
103
135
167
199
231
263
295
327
359
391
423
455
487
519
551
583
615
647
679
711
743
775
807
839
871
903
935
967
999
1031
1063
1095
1127
1159
1191
1223
1255
1287
1319
1351
1383
1415
1447
1479
1511
1543
1575
1607
1639
1671
1703
1735
1767
1799
1831
1863
1895
1927
1959
1991
2023
2055
2087
2119
2151
2183
2215
2247
2279
2311
2343
2375
2407
2439
2471
2503
2535
2567
2599
2631
2663
2695
2727
2759
2791
2823
2855
2887
2919
2951
2983
3015
3047
3079
3111
3143
3175
3207
3239
3271
3303
3335
3367
3399
3431
3463
3495
3527
3559
3591
3623
3655
3687
3719
3751
3783
3815
3847
3879
3911
3943
3975
4007
4039
4071
8
40
72
104
136
168
200
232
264
296
328
360
392
424
456
488
520
552
584
616
648
680
712
744
776
808
840
872
904
936
968
1000
1032
1064
1096
1128
1160
1192
1224
1256
1288
1320
1352
1384
1416
1448
1480
1512
1544
1576
1608
1640
1672
1704
1736
1768
1800
1832
1864
1896
1928
1960
1992
2024
2056
2088
2120
2152
2184
2216
2248
2280
2312
2344
2376
2408
2440
2472
2504
2536
2568
2600
2632
2664
2696
2728
2760
2792
2824
2856
2888
2920
2952
2984
3016
3048
3080
3112
3144
3176
3208
3240
3272
3304
3336
3368
3400
3432
3464
3496
3528
3560
3592
3624
3656
3688
3720
3752
3784
3816
3848
3880
3912
3944
3976
4008
4040
4072
9
41
73
105
137
169
201
233
265
297
329
361
393
425
457
489
521
553
585
617
649
681
713
745
777
809
841
873
905
937
969
1001
1033
1065
1097
1129
1161
1193
1225
1257
1289
1321
1353
1385
1417
1449
1481
1513
1545
1577
1609
1641
1673
1705
1737
1769
1801
1833
1865
1897
1929
1961
1993
2025
2057
2089
2121
2153
2185
2217
2249
2281
2313
2345
2377
2409
2441
2473
2505
2537
2569
2601
2633
2665
2697
2729
2761
2793
2825
2857
2889
2921
2953
2985
3017
3049
3081
3113
3145
3177
3209
3241
3273
3305
3337
3369
3401
3433
3465
3497
3529
3561
3593
3625
3657
3689
3721
3753
3785
3817
3849
3881
3913
3945
3977
4009
4041
4073
10
42
74
106
138
170
202
234
266
298
330
362
394
426
458
490
522
554
586
618
650
682
714
746
778
810
842
874
906
938
970
1002
1034
1066
1098
1130
1162
1194
1226
1258
1290
1322
1354
1386
1418
1450
1482
1514
1546
1578
1610
1642
1674
1706
1738
1770
1802
1834
1866
1898
1930
1962
1994
2026
2058
2090
2122
2154
2186
2218
2250
2282
2314
2346
2378
2410
2442
2474
2506
2538
2570
2602
2634
2666
2698
2730
2762
2794
2826
2858
2890
2922
2954
2986
3018
3050
3082
3114
3146
3178
3210
3242
3274
3306
3338
3370
3402
3434
3466
3498
3530
3562
3594
3626
3658
3690
3722
3754
3786
3818
3850
3882
3914
3946
3978
4010
4042
4074
11
43
75
107
139
171
203
235
267
299
331
363
395
427
459
491
523
555
587
619
651
683
715
747
779
811
843
875
907
939
971
1003
1035
1067
1099
1131
1163
1195
1227
1259
1291
1323
1355
1387
1419
1451
1483
1515
1547
1579
1611
1643
1675
1707
1739
1771
1803
1835
1867
1899
1931
1963
1995
2027
2059
2091
2123
2155
2187
2219
2251
2283
2315
2347
2379
2411
2443
2475
2507
2539
2571
2603
2635
2667
2699
2731
2763
2795
2827
2859
2891
2923
2955
2987
3019
3051
3083
3115
3147
3179
3211
3243
3275
3307
3339
3371
3403
3435
3467
3499
3531
3563
3595
3627
3659
3691
3723
3755
3787
3819
3851
3883
3915
3947
3979
4011
4043
4075
12
44
76
108
140
172
204
236
268
300
332
364
396
428
460
492
524
556
588
620
652
684
716
748
780
812
844
876
908
940
972
1004
1036
1068
1100
1132
1164
1196
1228
1260
1292
1324
1356
1388
1420
1452
1484
1516
1548
1580
1612
1644
1676
1708
1740
1772
1804
1836
1868
1900
1932
1964
1996
2028
2060
2092
2124
2156
2188
2220
2252
2284
2316
2348
2380
2412
2444
2476
2508
2540
2572
2604
2636
2668
2700
2732
2764
2796
2828
2860
2892
2924
2956
2988
3020
3052
3084
3116
3148
3180
3212
3244
3276
3308
3340
3372
3404
3436
3468
3500
3532
3564
3596
3628
3660
3692
3724
3756
3788
3820
3852
3884
3916
3948
3980
4012
4044
4076
13
45
77
109
141
173
205
237
269
301
333
365
397
429
461
493
525
557
589
621
653
685
717
749
781
813
845
877
909
941
973
1005
1037
1069
1101
1133
1165
1197
1229
1261
1293
1325
1357
1389
1421
1453
1485
1517
1549
1581
1613
1645
1677
1709
1741
1773
1805
1837
1869
1901
1933
1965
1997
2029
2061
2093
2125
2157
2189
2221
2253
2285
2317
2349
2381
2413
2445
2477
2509
2541
2573
2605
2637
2669
2701
2733
2765
2797
2829
2861
2893
2925
2957
2989
3021
3053
3085
3117
3149
3181
3213
3245
3277
3309
3341
3373
3405
3437
3469
3501
3533
3565
3597
3629
3661
3693
3725
3757
3789
3821
3853
3885
3917
3949
3981
4013
4045
4077
14
46
78
110
142
174
206
238
270
302
334
366
398
430
462
494
526
558
590
622
654
686
718
750
782
814
846
878
910
942
974
1006
1038
1070
1102
1134
1166
1198
1230
1262
1294
1326
1358
1390
1422
1454
1486
1518
1550
1582
1614
1646
1678
1710
1742
1774
1806
1838
1870
1902
1934
1966
1998
2030
2062
2094
2126
2158
2190
2222
2254
2286
2318
2350
2382
2414
2446
2478
2510
2542
2574
2606
2638
2670
2702
2734
2766
2798
2830
2862
2894
2926
2958
2990
3022
3054
3086
3118
3150
3182
3214
3246
3278
3310
3342
3374
3406
3438
3470
3502
3534
3566
3598
3630
3662
3694
3726
3758
3790
3822
3854
3886
3918
3950
3982
4014
4046
4078
15
47
79
111
143
175
207
239
271
303
335
367
399
431
463
495
527
559
591
623
655
687
719
751
783
815
847
879
911
943
975
1007
1039
1071
1103
1135
1167
1199
1231
1263
1295
1327
1359
1391
1423
1455
1487
1519
1551
1583
1615
1647
1679
1711
1743
1775
1807
1839
1871
1903
1935
1967
1999
2031
2063
2095
2127
2159
2191
2223
2255
2287
2319
2351
2383
2415
2447
2479
2511
2543
2575
2607
2639
2671
2703
2735
2767
2799
2831
2863
2895
2927
2959
2991
3023
3055
3087
3119
3151
3183
3215
3247
3279
3311
3343
3375
3407
3439
3471
3503
3535
3567
3599
3631
3663
3695
3727
3759
3791
3823
3855
3887
3919
3951
3983
4015
4047
4079
16
48
80
112
144
176
208
240
272
304
336
368
400
432
464
496
528
560
592
624
656
688
720
752
784
816
848
880
912
944
976
1008
1040
1072
1104
1136
1168
1200
1232
1264
1296
1328
1360
1392
1424
1456
1488
1520
1552
1584
1616
1648
1680
1712
1744
1776
1808
1840
1872
1904
1936
1968
2000
2032
2064
2096
2128
2160
2192
2224
2256
2288
2320
2352
2384
2416
2448
2480
2512
2544
2576
2608
2640
2672
2704
2736
2768
2800
2832
2864
2896
2928
2960
2992
3024
3056
3088
3120
3152
3184
3216
3248
3280
3312
3344
3376
3408
3440
3472
3504
3536
3568
3600
3632
3664
3696
3728
3760
3792
3824
3856
3888
3920
3952
3984
4016
4048
4080
17
49
81
113
145
177
209
241
273
305
337
369
401
433
465
497
529
561
593
625
657
689
721
753
785
817
849
881
913
945
977
1009
1041
1073
1105
1137
1169
1201
1233
1265
1297
1329
1361
1393
1425
1457
1489
1521
1553
1585
1617
1649
1681
1713
1745
1777
1809
1841
1873
1905
1937
1969
2001
2033
2065
2097
2129
2161
2193
2225
2257
2289
2321
2353
2385
2417
2449
2481
2513
2545
2577
2609
2641
2673
2705
2737
2769
2801
2833
2865
2897
2929
2961
2993
3025
3057
3089
3121
3153
3185
3217
3249
3281
3313
3345
3377
3409
3441
3473
3505
3537
3569
3601
3633
3665
3697
3729
3761
3793
3825
3857
3889
3921
3953
3985
4017
4049
4081
18
50
82
114
146
178
210
242
274
306
338
370
402
434
466
498
530
562
594
626
658
690
722
754
786
818
850
882
914
946
978
1010
1042
1074
1106
1138
1170
1202
1234
1266
1298
1330
1362
1394
1426
1458
1490
1522
1554
1586
1618
1650
1682
1714
1746
1778
1810
1842
1874
1906
1938
1970
2002
2034
2066
2098
2130
2162
2194
2226
2258
2290
2322
2354
2386
2418
2450
2482
2514
2546
2578
2610
2642
2674
2706
2738
2770
2802
2834
2866
2898
2930
2962
2994
3026
3058
3090
3122
3154
3186
3218
3250
3282
3314
3346
3378
3410
3442
3474
3506
3538
3570
3602
3634
3666
3698
3730
3762
3794
3826
3858
3890
3922
3954
3986
4018
4050
4082
19
51
83
115
147
179
211
243
275
307
339
371
403
435
467
499
531
563
595
627
659
691
723
755
787
819
851
883
915
947
979
1011
1043
1075
1107
1139
1171
1203
1235
1267
1299
1331
1363
1395
1427
1459
1491
1523
1555
1587
1619
1651
1683
1715
1747
1779
1811
1843
1875
1907
1939
1971
2003
2035
2067
2099
2131
2163
2195
2227
2259
2291
2323
2355
2387
2419
2451
2483
2515
2547
2579
2611
2643
2675
2707
2739
2771
2803
2835
2867
2899
2931
2963
2995
3027
3059
3091
3123
3155
3187
3219
3251
3283
3315
3347
3379
3411
3443
3475
3507
3539
3571
3603
3635
3667
3699
3731
3763
3795
3827
3859
3891
3923
3955
3987
4019
4051
4083
20
52
84
116
148
180
212
244
276
308
340
372
404
436
468
500
532
564
596
628
660
692
724
756
788
820
852
884
916
948
980
1012
1044
1076
1108
1140
1172
1204
1236
1268
1300
1332
1364
1396
1428
1460
1492
1524
1556
1588
1620
1652
1684
1716
1748
1780
1812
1844
1876
1908
1940
1972
2004
2036
2068
2100
2132
2164
2196
2228
2260
2292
2324
2356
2388
2420
2452
2484
2516
2548
2580
2612
2644
2676
2708
2740
2772
2804
2836
2868
2900
2932
2964
2996
3028
3060
3092
3124
3156
3188
3220
3252
3284
3316
3348
3380
3412
3444
3476
3508
3540
3572
3604
3636
3668
3700
3732
3764
3796
3828
3860
3892
3924
3956
3988
4020
4052
4084
21
53
85
117
149
181
213
245
277
309
341
373
405
437
469
501
533
565
597
629
661
693
725
757
789
821
853
885
917
949
981
1013
1045
1077
1109
1141
1173
1205
1237
1269
1301
1333
1365
1397
1429
1461
1493
1525
1557
1589
1621
1653
1685
1717
1749
1781
1813
1845
1877
1909
1941
1973
2005
2037
2069
2101
2133
2165
2197
2229
2261
2293
2325
2357
2389
2421
2453
2485
2517
2549
2581
2613
2645
2677
2709
2741
2773
2805
2837
2869
2901
2933
2965
2997
3029
3061
3093
3125
3157
3189
3221
3253
3285
3317
3349
3381
3413
3445
3477
3509
3541
3573
3605
3637
3669
3701
3733
3765
3797
3829
3861
3893
3925
3957
3989
4021
4053
4085
22
54
86
118
150
182
214
246
278
310
342
374
406
438
470
502
534
566
598
630
662
694
726
758
790
822
854
886
918
950
982
1014
1046
1078
1110
1142
1174
1206
1238
1270
1302
1334
1366
1398
1430
1462
1494
1526
1558
1590
1622
1654
1686
1718
1750
1782
1814
1846
1878
1910
1942
1974
2006
2038
2070
2102
2134
2166
2198
2230
2262
2294
2326
2358
2390
2422
2454
2486
2518
2550
2582
2614
2646
2678
2710
2742
2774
2806
2838
2870
2902
2934
2966
2998
3030
3062
3094
3126
3158
3190
3222
3254
3286
3318
3350
3382
3414
3446
3478
3510
3542
3574
3606
3638
3670
3702
3734
3766
3798
3830
3862
3894
3926
3958
3990
4022
4054
4086
23
55
87
119
151
183
215
247
279
311
343
375
407
439
471
503
535
567
599
631
663
695
727
759
791
823
855
887
919
951
983
1015
1047
1079
1111
1143
1175
1207
1239
1271
1303
1335
1367
1399
1431
1463
1495
1527
1559
1591
1623
1655
1687
1719
1751
1783
1815
1847
1879
1911
1943
1975
2007
2039
2071
2103
2135
2167
2199
2231
2263
2295
2327
2359
2391
2423
2455
2487
2519
2551
2583
2615
2647
2679
2711
2743
2775
2807
2839
2871
2903
2935
2967
2999
3031
3063
3095
3127
3159
3191
3223
3255
3287
3319
3351
3383
3415
3447
3479
3511
3543
3575
3607
3639
3671
3703
3735
3767
3799
3831
3863
3895
3927
3959
3991
4023
4055
4087
24
56
88
120
152
184
216
248
280
312
344
376
408
440
472
504
536
568
600
632
664
696
728
760
792
824
856
888
920
952
984
1016
1048
1080
1112
1144
1176
1208
1240
1272
1304
1336
1368
1400
1432
1464
1496
1528
1560
1592
1624
1656
1688
1720
1752
1784
1816
1848
1880
1912
1944
1976
2008
2040
2072
2104
2136
2168
2200
2232
2264
2296
2328
2360
2392
2424
2456
2488
2520
2552
2584
2616
2648
2680
2712
2744
2776
2808
2840
2872
2904
2936
2968
3000
3032
3064
3096
3128
3160
3192
3224
3256
3288
3320
3352
3384
3416
3448
3480
3512
3544
3576
3608
3640
3672
3704
3736
3768
3800
3832
3864
3896
3928
3960
3992
4024
4056
4088
25
57
89
121
153
185
217
249
281
313
345
377
409
441
473
505
537
569
601
633
665
697
729
761
793
825
857
889
921
953
985
1017
1049
1081
1113
1145
1177
1209
1241
1273
1305
1337
1369
1401
1433
1465
1497
1529
1561
1593
1625
1657
1689
1721
1753
1785
1817
1849
1881
1913
1945
1977
2009
2041
2073
2105
2137
2169
2201
2233
2265
2297
2329
2361
2393
2425
2457
2489
2521
2553
2585
2617
2649
2681
2713
2745
2777
2809
2841
2873
2905
2937
2969
3001
3033
3065
3097
3129
3161
3193
3225
3257
3289
3321
3353
3385
3417
3449
3481
3513
3545
3577
3609
3641
3673
3705
3737
3769
3801
3833
3865
3897
3929
3961
3993
4025
4057
4089
26
58
90
122
154
186
218
250
282
314
346
378
410
442
474
506
538
570
602
634
666
698
730
762
794
826
858
890
922
954
986
1018
1050
1082
1114
1146
1178
1210
1242
1274
1306
1338
1370
1402
1434
1466
1498
1530
1562
1594
1626
1658
1690
1722
1754
1786
1818
1850
1882
1914
1946
1978
2010
2042
2074
2106
2138
2170
2202
2234
2266
2298
2330
2362
2394
2426
2458
2490
2522
2554
2586
2618
2650
2682
2714
2746
2778
2810
2842
2874
2906
2938
2970
3002
3034
3066
3098
3130
3162
3194
3226
3258
3290
3322
3354
3386
3418
3450
3482
3514
3546
3578
3610
3642
3674
3706
3738
3770
3802
3834
3866
3898
3930
3962
3994
4026
4058
4090
27
59
91
123
155
187
219
251
283
315
347
379
411
443
475
507
539
571
603
635
667
699
731
763
795
827
859
891
923
955
987
1019
1051
1083
1115
1147
1179
1211
1243
1275
1307
1339
1371
1403
1435
1467
1499
1531
1563
1595
1627
1659
1691
1723
1755
1787
1819
1851
1883
1915
1947
1979
2011
2043
2075
2107
2139
2171
2203
2235
2267
2299
2331
2363
2395
2427
2459
2491
2523
2555
2587
2619
2651
2683
2715
2747
2779
2811
2843
2875
2907
2939
2971
3003
3035
3067
3099
3131
3163
3195
3227
3259
3291
3323
3355
3387
3419
3451
3483
3515
3547
3579
3611
3643
3675
3707
3739
3771
3803
3835
3867
3899
3931
3963
3995
4027
4059
4091
28
60
92
124
156
188
220
252
284
316
348
380
412
444
476
508
540
572
604
636
668
700
732
764
796
828
860
892
924
956
988
1020
1052
1084
1116
1148
1180
1212
1244
1276
1308
1340
1372
1404
1436
1468
1500
1532
1564
1596
1628
1660
1692
1724
1756
1788
1820
1852
1884
1916
1948
1980
2012
2044
2076
2108
2140
2172
2204
2236
2268
2300
2332
2364
2396
2428
2460
2492
2524
2556
2588
2620
2652
2684
2716
2748
2780
2812
2844
2876
2908
2940
2972
3004
3036
3068
3100
3132
3164
3196
3228
3260
3292
3324
3356
3388
3420
3452
3484
3516
3548
3580
3612
3644
3676
3708
3740
3772
3804
3836
3868
3900
3932
3964
3996
4028
4060
4092
29
61
93
125
157
189
221
253
285
317
349
381
413
445
477
509
541
573
605
637
669
701
733
765
797
829
861
893
925
957
989
1021
1053
1085
1117
1149
1181
1213
1245
1277
1309
1341
1373
1405
1437
1469
1501
1533
1565
1597
1629
1661
1693
1725
1757
1789
1821
1853
1885
1917
1949
1981
2013
2045
2077
2109
2141
2173
2205
2237
2269
2301
2333
2365
2397
2429
2461
2493
2525
2557
2589
2621
2653
2685
2717
2749
2781
2813
2845
2877
2909
2941
2973
3005
3037
3069
3101
3133
3165
3197
3229
3261
3293
3325
3357
3389
3421
3453
3485
3517
3549
3581
3613
3645
3677
3709
3741
3773
3805
3837
3869
3901
3933
3965
3997
4029
4061
4093
30
62
94
126
158
190
222
254
286
318
350
382
414
446
478
510
542
574
606
638
670
702
734
766
798
830
862
894
926
958
990
1022
1054
1086
1118
1150
1182
1214
1246
1278
1310
1342
1374
1406
1438
1470
1502
1534
1566
1598
1630
1662
1694
1726
1758
1790
1822
1854
1886
1918
1950
1982
2014
2046
2078
2110
2142
2174
2206
2238
2270
2302
2334
2366
2398
2430
2462
2494
2526
2558
2590
2622
2654
2686
2718
2750
2782
2814
2846
2878
2910
2942
2974
3006
3038
3070
3102
3134
3166
3198
3230
3262
3294
3326
3358
3390
3422
3454
3486
3518
3550
3582
3614
3646
3678
3710
3742
3774
3806
3838
3870
3902
3934
3966
3998
4030
4062
4094
31
63
95
127
159
191
223
255
287
319
351
383
415
447
479
511
543
575
607
639
671
703
735
767
799
831
863
895
927
959
991
1023
1055
1087
1119
1151
1183
1215
1247
1279
1311
1343
1375
1407
1439
1471
1503
1535
1567
1599
1631
1663
1695
1727
1759
1791
1823
1855
1887
1919
1951
1983
2015
2047
2079
2111
2143
2175
2207
2239
2271
2303
2335
2367
2399
2431
2463
2495
2527
2559
2591
2623
2655
2687
2719
2751
2783
2815
2847
2879
2911
2943
2975
3007
3039
3071
3103
3135
3167
3199
3231
3263
3295
3327
3359
3391
3423
3455
3487
3519
3551
3583
3615
3647
3679
3711
3743
3775
3807
3839
3871
3903
3935
3967
3999
4031
4063
4095
0
32
64
96
128
160
192
224
256
288
320
352
384
416
448
480
512
544
576
608
640
672
704
736
768
800
832
864
896
928
960
992
1024
1056
1088
1120
1152
1184
1216
1248
1280
1312
1344
1376
1408
1440
1472
1504
1536
1568
1600
1632
1664
1696
1728
1760
1792
1824
1856
1888
1920
1952
1984
2016
2048
2080
2112
2144
2176
2208
2240
2272
2304
2336
2368
2400
2432
2464
2496
2528
2560
2592
2624
2656
2688
2720
2752
2784
2816
2848
2880
2912
2944
2976
3008
3040
3072
3104
3136
3168
3200
3232
3264
3296
3328
3360
3392
3424
3456
3488
3520
3552
3584
3616
3648
3680
3712
3744
3776
3808
3840
3872
3904
3936
3968
4000
4032
4064
1
33
65
97
129
161
193
225
257
289
321
353
385
417
449
481
513
545
577
609
641
673
705
737
769
801
833
865
897
929
961
993
1025
1057
1089
1121
1153
1185
1217
1249
1281
1313
1345
1377
1409
1441
1473
1505
1537
1569
1601
1633
1665
1697
1729
1761
1793
1825
1857
1889
1921
1953
1985
2017
2049
2081
2113
2145
2177
2209
2241
2273
2305
2337
2369
2401
2433
2465
2497
2529
2561
2593
2625
2657
2689
2721
2753
2785
2817
2849
2881
2913
2945
2977
3009
3041
3073
3105
3137
3169
3201
3233
3265
3297
3329
3361
3393
3425
3457
3489
3521
3553
3585
3617
3649
3681
3713
3745
3777
3809
3841
3873
3905
3937
3969
4001
4033
4065
2
34
66
98
130
162
194
226
258
290
322
354
386
418
450
482
514
546
578
610
642
674
706
738
770
802
834
866
898
930
962
994
1026
1058
1090
1122
1154
1186
1218
1250
1282
1314
1346
1378
1410
1442
1474
1506
1538
1570
1602
1634
1666
1698
1730
1762
1794
1826
1858
1890
1922
1954
1986
2018
2050
2082
2114
2146
2178
2210
2242
2274
2306
2338
2370
2402
2434
2466
2498
2530
2562
2594
2626
2658
2690
2722
2754
2786
2818
2850
2882
2914
2946
2978
3010
3042
3074
3106
3138
3170
3202
3234
3266
3298
3330
3362
3394
3426
3458
3490
3522
3554
3586
3618
3650
3682
3714
3746
3778
3810
3842
3874
3906
3938
3970
4002
4034
4066
3
35
67
99
131
163
195
227
259
291
323
355
387
419
451
483
515
547
579
611
643
675
707
739
771
803
835
867
899
931
963
995
1027
1059
1091
1123
1155
1187
1219
1251
1283
1315
1347
1379
1411
1443
1475
1507
1539
1571
1603
1635
1667
1699
1731
1763
1795
1827
1859
1891
1923
1955
1987
2019
2051
2083
2115
2147
2179
2211
2243
2275
2307
2339
2371
2403
2435
2467
2499
2531
2563
2595
2627
2659
2691
2723
2755
2787
2819
2851
2883
2915
2947
2979
3011
3043
3075
3107
3139
3171
3203
3235
3267
3299
3331
3363
3395
3427
3459
3491
3523
3555
3587
3619
3651
3683
3715
3747
3779
3811
3843
3875
3907
3939
3971
4003
4035
4067
4
36
68
100
132
164
196
228
260
292
324
356
388
420
452
484
516
548
580
612
644
676
708
740
772
804
836
868
900
932
964
996
1028
1060
1092
1124
1156
1188
1220
1252
1284
1316
1348
1380
1412
1444
1476
1508
1540
1572
1604
1636
1668
1700
1732
1764
1796
1828
1860
1892
1924
1956
1988
2020
2052
2084
2116
2148
2180
2212
2244
2276
2308
2340
2372
2404
2436
2468
2500
2532
2564
2596
2628
2660
2692
2724
2756
2788
2820
2852
2884
2916
2948
2980
3012
3044
3076
3108
3140
3172
3204
3236
3268
3300
3332
3364
3396
3428
3460
3492
3524
3556
3588
3620
3652
3684
3716
3748
3780
3812
3844
3876
3908
3940
3972
4004
4036
4068
5
37
69
101
133
165
197
229
261
293
325
357
389
421
453
485
517
549
581
613
645
677
709
741
773
805
837
869
901
933
965
997
1029
1061
1093
1125
1157
1189
1221
1253
1285
1317
1349
1381
1413
1445
1477
1509
1541
1573
1605
1637
1669
1701
1733
1765
1797
1829
1861
1893
1925
1957
1989
2021
2053
2085
2117
2149
2181
2213
2245
2277
2309
2341
2373
2405
2437
2469
2501
2533
2565
2597
2629
2661
2693
2725
2757
2789
2821
2853
2885
2917
2949
2981
3013
3045
3077
3109
3141
3173
3205
3237
3269
3301
3333
3365
3397
3429
3461
3493
3525
3557
3589
3621
3653
3685
3717
3749
3781
3813
3845
3877
3909
3941
3973
4005
4037
4069
6
38
70
102
134
166
198
230
262
294
326
358
390
422
454
486
518
550
582
614
646
678
710
742
774
806
838
870
902
934
966
998
1030
1062
1094
1126
1158
1190
1222
1254
1286
1318
1350
1382
1414
1446
1478
1510
1542
1574
1606
1638
1670
1702
1734
1766
1798
1830
1862
1894
1926
1958
1990
2022
2054
2086
2118
2150
2182
2214
2246
2278
2310
2342
2374
2406
2438
2470
2502
2534
2566
2598
2630
2662
2694
2726
2758
2790
2822
2854
2886
2918
2950
2982
3014
3046
3078
3110
3142
3174
3206
3238
3270
3302
3334
3366
3398
3430
3462
3494
3526
3558
3590
3622
3654
3686
3718
3750
3782
3814
3846
3878
3910
3942
3974
4006
4038
4070
7
39
71
103
135
167
199
231
263
295
327
359
391
423
455
487
519
551
583
615
647
679
711
743
775
807
839
871
903
935
967
999
1031
1063
1095
1127
1159
1191
1223
1255
1287
1319
1351
1383
1415
1447
1479
1511
1543
1575
1607
1639
1671
1703
1735
1767
1799
1831
1863
1895
1927
1959
1991
2023
2055
2087
2119
2151
2183
2215
2247
2279
2311
2343
2375
2407
2439
2471
2503
2535
2567
2599
2631
2663
2695
2727
2759
2791
2823
2855
2887
2919
2951
2983
3015
3047
3079
3111
3143
3175
3207
3239
3271
3303
3335
3367
3399
3431
3463
3495
3527
3559
3591
3623
3655
3687
3719
3751
3783
3815
3847
3879
3911
3943
3975
4007
4039
4071
8
40
72
104
136
168
200
232
264
296
328
360
392
424
456
488
520
552
584
616
648
680
712
744
776
808
840
872
904
936
968
1000
1032
1064
1096
1128
1160
1192
1224
1256
1288
1320
1352
1384
1416
1448
1480
1512
1544
1576
1608
1640
1672
1704
1736
1768
1800
1832
1864
1896
1928
1960
1992
2024
2056
2088
2120
2152
2184
2216
2248
2280
2312
2344
2376
2408
2440
2472
2504
2536
2568
2600
2632
2664
2696
2728
2760
2792
2824
2856
2888
2920
2952
2984
3016
3048
3080
3112
3144
3176
3208
3240
3272
3304
3336
3368
3400
3432
3464
3496
3528
3560
3592
3624
3656
3688
3720
3752
3784
3816
3848
3880
3912
3944
3976
4008
4040
4072
9
41
73
105
137
169
201
233
265
297
329
361
393
425
457
489
521
553
585
617
649
681
713
745
777
809
841
873
905
937
969
1001
1033
1065
1097
1129
1161
1193
1225
1257
1289
1321
1353
1385
1417
1449
1481
1513
1545
1577
1609
1641
1673
1705
1737
1769
1801
1833
1865
1897
1929
1961
1993
2025
2057
2089
2121
2153
2185
2217
2249
2281
2313
2345
2377
2409
2441
2473
2505
2537
2569
2601
2633
2665
2697
2729
2761
2793
2825
2857
2889
2921
2953
2985
3017
3049
3081
3113
3145
3177
3209
3241
3273
3305
3337
3369
3401
3433
3465
3497
3529
3561
3593
3625
3657
3689
3721
3753
3785
3817
3849
3881
3913
3945
3977
4009
4041
4073
10
42
74
106
138
170
202
234
266
298
330
362
394
426
458
490
522
554
586
618
650
682
714
746
778
810
842
874
906
938
970
1002
1034
1066
1098
1130
1162
1194
1226
1258
1290
1322
1354
1386
1418
1450
1482
1514
1546
1578
1610
1642
1674
1706
1738
1770
1802
1834
1866
1898
1930
1962
1994
2026
2058
2090
2122
2154
2186
2218
2250
2282
2314
2346
2378
2410
2442
2474
2506
2538
2570
2602
2634
2666
2698
2730
2762
2794
2826
2858
2890
2922
2954
2986
3018
3050
3082
3114
3146
3178
3210
3242
3274
3306
3338
3370
3402
3434
3466
3498
3530
3562
3594
3626
3658
3690
3722
3754
3786
3818
3850
3882
3914
3946
3978
4010
4042
4074
11
43
75
107
139
171
203
235
267
299
331
363
395
427
459
491
523
555
587
619
651
683
715
747
779
811
843
875
907
939
971
1003
1035
1067
1099
1131
1163
1195
1227
1259
1291
1323
1355
1387
1419
1451
1483
1515
1547
1579
1611
1643
1675
1707
1739
1771
1803
1835
1867
1899
1931
1963
1995
2027
2059
2091
2123
2155
2187
2219
2251
2283
2315
2347
2379
2411
2443
2475
2507
2539
2571
2603
2635
2667
2699
2731
2763
2795
2827
2859
2891
2923
2955
2987
3019
3051
3083
3115
3147
3179
3211
3243
3275
3307
3339
3371
3403
3435
3467
3499
3531
3563
3595
3627
3659
3691
3723
3755
3787
3819
3851
3883
3915
3947
3979
4011
4043
4075
12
44
76
108
140
172
204
236
268
300
332
364
396
428
460
492
524
556
588
620
652
684
716
748
780
812
844
876
908
940
972
1004
1036
1068
1100
1132
1164
1196
1228
1260
1292
1324
1356
1388
1420
1452
1484
1516
1548
1580
1612
1644
1676
1708
1740
1772
1804
1836
1868
1900
1932
1964
1996
2028
2060
2092
2124
2156
2188
2220
2252
2284
2316
2348
2380
2412
2444
2476
2508
2540
2572
2604
2636
2668
2700
2732
2764
2796
2828
2860
2892
2924
2956
2988
3020
3052
3084
3116
3148
3180
3212
3244
3276
3308
3340
3372
3404
3436
3468
3500
3532
3564
3596
3628
3660
3692
3724
3756
3788
3820
3852
3884
3916
3948
3980
4012
4044
4076
13
45
77
109
141
173
205
237
269
301
333
365
397
429
461
493
525
557
589
621
653
685
717
749
781
813
845
877
909
941
973
1005
1037
1069
1101
1133
1165
1197
1229
1261
1293
1325
1357
1389
1421
1453
1485
1517
1549
1581
1613
1645
1677
1709
1741
1773
1805
1837
1869
1901
1933
1965
1997
2029
2061
2093
2125
2157
2189
2221
2253
2285
2317
2349
2381
2413
2445
2477
2509
2541
2573
2605
2637
2669
2701
2733
2765
2797
2829
2861
2893
2925
2957
2989
3021
3053
3085
3117
3149
3181
3213
3245
3277
3309
3341
3373
3405
3437
3469
3501
3533
3565
3597
3629
3661
3693
3725
3757
3789
3821
3853
3885
3917
3949
3981
4013
4045
4077
14
46
78
110
142
174
206
238
270
302
334
366
398
430
462
494
526
558
590
622
654
686
718
750
782
814
846
878
910
942
974
1006
1038
1070
1102
1134
1166
1198
1230
1262
1294
1326
1358
1390
1422
1454
1486
1518
1550
1582
1614
1646
1678
1710
1742
1774
1806
1838
1870
1902
1934
1966
1998
2030
2062
2094
2126
2158
2190
2222
2254
2286
2318
2350
2382
2414
2446
2478
2510
2542
2574
2606
2638
2670
2702
2734
2766
2798
2830
2862
2894
2926
2958
2990
3022
3054
3086
3118
3150
3182
3214
3246
3278
3310
3342
3374
3406
3438
3470
3502
3534
3566
3598
3630
3662
3694
3726
3758
3790
3822
3854
3886
3918
3950
3982
4014
4046
4078
15
47
79
111
143
175
207
239
271
303
335
367
399
431
463
495
527
559
591
623
655
687
719
751
783
815
847
879
911
943
975
1007
1039
1071
1103
1135
1167
1199
1231
1263
1295
1327
1359
1391
1423
1455
1487
1519
1551
1583
1615
1647
1679
1711
1743
1775
1807
1839
1871
1903
1935
1967
1999
2031
2063
2095
2127
2159
2191
2223
2255
2287
2319
2351
2383
2415
2447
2479
2511
2543
2575
2607
2639
2671
2703
2735
2767
2799
2831
2863
2895
2927
2959
2991
3023
3055
3087
3119
3151
3183
3215
3247
3279
3311
3343
3375
3407
3439
3471
3503
3535
3567
3599
3631
3663
3695
3727
3759
3791
3823
3855
3887
3919
3951
3983
4015
4047
4079
16
48
80
112
144
176
208
240
272
304
336
368
400
432
464
496
528
560
592
624
656
688
720
752
784
816
848
880
912
944
976
1008
1040
1072
1104
1136
1168
1200
1232
1264
1296
1328
1360
1392
1424
1456
1488
1520
1552
1584
1616
1648
1680
1712
1744
1776
1808
1840
1872
1904
1936
1968
2000
2032
2064
2096
2128
2160
2192
2224
2256
2288
2320
2352
2384
2416
2448
2480
2512
2544
2576
2608
2640
2672
2704
2736
2768
2800
2832
2864
2896
2928
2960
2992
3024
3056
3088
3120
3152
3184
3216
3248
3280
3312
3344
3376
3408
3440
3472
3504
3536
3568
3600
3632
3664
3696
3728
3760
3792
3824
3856
3888
3920
3952
3984
4016
4048
4080
17
49
81
113
145
177
209
241
273
305
337
369
401
433
465
497
529
561
593
625
657
689
721
753
785
817
849
881
913
945
977
1009
1041
1073
1105
1137
1169
1201
1233
1265
1297
1329
1361
1393
1425
1457
1489
1521
1553
1585
1617
1649
1681
1713
1745
1777
1809
1841
1873
1905
1937
1969
2001
2033
2065
2097
2129
2161
2193
2225
2257
2289
2321
2353
2385
2417
2449
2481
2513
2545
2577
2609
2641
2673
2705
2737
2769
2801
2833
2865
2897
2929
2961
2993
3025
3057
3089
3121
3153
3185
3217
3249
3281
3313
3345
3377
3409
3441
3473
3505
3537
3569
3601
3633
3665
3697
3729
3761
3793
3825
3857
3889
3921
3953
3985
4017
4049
4081
18
50
82
114
146
178
210
242
274
306
338
370
402
434
466
498
530
562
594
626
658
690
722
754
786
818
850
882
914
946
978
1010
1042
1074
1106
1138
1170
1202
1234
1266
1298
1330
1362
1394
1426
1458
1490
1522
1554
1586
1618
1650
1682
1714
1746
1778
1810
1842
1874
1906
1938
1970
2002
2034
2066
2098
2130
2162
2194
2226
2258
2290
2322
2354
2386
2418
2450
2482
2514
2546
2578
2610
2642
2674
2706
2738
2770
2802
2834
2866
2898
2930
2962
2994
3026
3058
3090
3122
3154
3186
3218
3250
3282
3314
3346
3378
3410
3442
3474
3506
3538
3570
3602
3634
3666
3698
3730
3762
3794
3826
3858
3890
3922
3954
3986
4018
4050
4082
19
51
83
115
147
179
211
243
275
307
339
371
403
435
467
499
531
563
595
627
659
691
723
755
787
819
851
883
915
947
979
1011
1043
1075
1107
1139
1171
1203
1235
1267
1299
1331
1363
1395
1427
1459
1491
1523
1555
1587
1619
1651
1683
1715
1747
1779
1811
1843
1875
1907
1939
1971
2003
2035
2067
2099
2131
2163
2195
2227
2259
2291
2323
2355
2387
2419
2451
2483
2515
2547
2579
2611
2643
2675
2707
2739
2771
2803
2835
2867
2899
2931
2963
2995
3027
3059
3091
3123
3155
3187
3219
3251
3283
3315
3347
3379
3411
3443
3475
3507
3539
3571
3603
3635
3667
3699
3731
3763
3795
3827
3859
3891
3923
3955
3987
4019
4051
4083
20
52
84
116
148
180
212
244
276
308
340
372
404
436
468
500
532
564
596
628
660
692
724
756
788
820
852
884
916
948
980
1012
1044
1076
1108
1140
1172
1204
1236
1268
1300
1332
1364
1396
1428
1460
1492
1524
1556
1588
1620
1652
1684
1716
1748
1780
1812
1844
1876
1908
1940
1972
2004
2036
2068
2100
2132
2164
2196
2228
2260
2292
2324
2356
2388
2420
2452
2484
2516
2548
2580
2612
2644
2676
2708
2740
2772
2804
2836
2868
2900
2932
2964
2996
3028
3060
3092
3124
3156
3188
3220
3252
3284
3316
3348
3380
3412
3444
3476
3508
3540
3572
3604
3636
3668
3700
3732
3764
3796
3828
3860
3892
3924
3956
3988
4020
4052
4084
21
53
85
117
149
181
213
245
277
309
341
373
405
437
469
501
533
565
597
629
661
693
725
757
789
821
853
885
917
949
981
1013
1045
1077
1109
1141
1173
1205
1237
1269
1301
1333
1365
1397
1429
1461
1493
1525
1557
1589
1621
1653
1685
1717
1749
1781
1813
1845
1877
1909
1941
1973
2005
2037
2069
2101
2133
2165
2197
2229
2261
2293
2325
2357
2389
2421
2453
2485
2517
2549
2581
2613
2645
2677
2709
2741
2773
2805
2837
2869
2901
2933
2965
2997
3029
3061
3093
3125
3157
3189
3221
3253
3285
3317
3349
3381
3413
3445
3477
3509
3541
3573
3605
3637
3669
3701
3733
3765
3797
3829
3861
3893
3925
3957
3989
4021
4053
4085
22
54
86
118
150
182
214
246
278
310
342
374
406
438
470
502
534
566
598
630
662
694
726
758
790
822
854
886
918
950
982
1014
1046
1078
1110
1142
1174
1206
1238
1270
1302
1334
1366
1398
1430
1462
1494
1526
1558
1590
1622
1654
1686
1718
1750
1782
1814
1846
1878
1910
1942
1974
2006
2038
2070
2102
2134
2166
2198
2230
2262
2294
2326
2358
2390
2422
2454
2486
2518
2550
2582
2614
2646
2678
2710
2742
2774
2806
2838
2870
2902
2934
2966
2998
3030
3062
3094
3126
3158
3190
3222
3254
3286
3318
3350
3382
3414
3446
3478
3510
3542
3574
3606
3638
3670
3702
3734
3766
3798
3830
3862
3894
3926
3958
3990
4022
4054
4086
23
55
87
119
151
183
215
247
279
311
343
375
407
439
471
503
535
567
599
631
663
695
727
759
791
823
855
887
919
951
983
1015
1047
1079
1111
1143
1175
1207
1239
1271
1303
1335
1367
1399
1431
1463
1495
1527
1559
1591
1623
1655
1687
1719
1751
1783
1815
1847
1879
1911
1943
1975
2007
2039
2071
2103
2135
2167
2199
2231
2263
2295
2327
2359
2391
2423
2455
2487
2519
2551
2583
2615
2647
2679
2711
2743
2775
2807
2839
2871
2903
2935
2967
2999
3031
3063
3095
3127
3159
3191
3223
3255
3287
3319
3351
3383
3415
3447
3479
3511
3543
3575
3607
3639
3671
3703
3735
3767
3799
3831
3863
3895
3927
3959
3991
4023
4055
4087
24
56
88
120
152
184
216
248
280
312
344
376
408
440
472
504
536
568
600
632
664
696
728
760
792
824
856
888
920
952
984
1016
1048
1080
1112
1144
1176
1208
1240
1272
1304
1336
1368
1400
1432
1464
1496
1528
1560
1592
1624
1656
1688
1720
1752
1784
1816
1848
1880
1912
1944
1976
2008
2040
2072
2104
2136
2168
2200
2232
2264
2296
2328
2360
2392
2424
2456
2488
2520
2552
2584
2616
2648
2680
2712
2744
2776
2808
2840
2872
2904
2936
2968
3000
3032
3064
3096
3128
3160
3192
3224
3256
3288
3320
3352
3384
3416
3448
3480
3512
3544
3576
3608
3640
3672
3704
3736
3768
3800
3832
3864
3896
3928
3960
3992
4024
4056
4088
25
57
89
121
153
185
217
249
281
313
345
377
409
441
473
505
537
569
601
633
665
697
729
761
793
825
857
889
921
953
985
1017
1049
1081
1113
1145
1177
1209
1241
1273
1305
1337
1369
1401
1433
1465
1497
1529
1561
1593
1625
1657
1689
1721
1753
1785
1817
1849
1881
1913
1945
1977
2009
2041
2073
2105
2137
2169
2201
2233
2265
2297
2329
2361
2393
2425
2457
2489
2521
2553
2585
2617
2649
2681
2713
2745
2777
2809
2841
2873
2905
2937
2969
3001
3033
3065
3097
3129
3161
3193
3225
3257
3289
3321
3353
3385
3417
3449
3481
3513
3545
3577
3609
3641
3673
3705
3737
3769
3801
3833
3865
3897
3929
3961
3993
4025
4057
4089
26
58
90
122
154
186
218
250
282
314
346
378
410
442
474
506
538
570
602
634
666
698
730
762
794
826
858
890
922
954
986
1018
1050
1082
1114
1146
1178
1210
1242
1274
1306
1338
1370
1402
1434
1466
1498
1530
1562
1594
1626
1658
1690
1722
1754
1786
1818
1850
1882
1914
1946
1978
2010
2042
2074
2106
2138
2170
2202
2234
2266
2298
2330
2362
2394
2426
2458
2490
2522
2554
2586
2618
2650
2682
2714
2746
2778
2810
2842
2874
2906
2938
2970
3002
3034
3066
3098
3130
3162
3194
3226
3258
3290
3322
3354
3386
3418
3450
3482
3514
3546
3578
3610
3642
3674
3706
3738
3770
3802
3834
3866
3898
3930
3962
3994
4026
4058
4090
27
59
91
123
155
187
219
251
283
315
347
379
411
443
475
507
539
571
603
635
667
699
731
763
795
827
859
891
923
955
987
1019
1051
1083
1115
1147
1179
1211
1243
1275
1307
1339
1371
1403
1435
1467
1499
1531
1563
1595
1627
1659
1691
1723
1755
1787
1819
1851
1883
1915
1947
1979
2011
2043
2075
2107
2139
2171
2203
2235
2267
2299
2331
2363
2395
2427
2459
2491
2523
2555
2587
2619
2651
2683
2715
2747
2779
2811
2843
2875
2907
2939
2971
3003
3035
3067
3099
3131
3163
3195
3227
3259
3291
3323
3355
3387
3419
3451
3483
3515
3547
3579
3611
3643
3675
3707
3739
3771
3803
3835
3867
3899
3931
3963
3995
4027
4059
4091
28
60
92
124
156
188
220
252
284
316
348
380
412
444
476
508
540
572
604
636
668
700
732
764
796
828
860
892
924
956
988
1020
1052
1084
1116
1148
1180
1212
1244
1276
1308
1340
1372
1404
1436
1468
1500
1532
1564
1596
1628
1660
1692
1724
1756
1788
1820
1852
1884
1916
1948
1980
2012
2044
2076
2108
2140
2172
2204
2236
2268
2300
2332
2364
2396
2428
2460
2492
2524
2556
2588
2620
2652
2684
2716
2748
2780
2812
2844
2876
2908
2940
2972
3004
3036
3068
3100
3132
3164
3196
3228
3260
3292
3324
3356
3388
3420
3452
3484
3516
3548
3580
3612
3644
3676
3708
3740
3772
3804
3836
3868
3900
3932
3964
3996
4028
4060
4092
29
61
93
125
157
189
221
253
285
317
349
381
413
445
477
509
541
573
605
637
669
701
733
765
797
829
861
893
925
957
989
1021
1053
1085
1117
1149
1181
1213
1245
1277
1309
1341
1373
1405
1437
1469
1501
1533
1565
1597
1629
1661
1693
1725
1757
1789
1821
1853
1885
1917
1949
1981
2013
2045
2077
2109
2141
2173
2205
2237
2269
2301
2333
2365
2397
2429
2461
2493
2525
2557
2589
2621
2653
2685
2717
2749
2781
2813
2845
2877
2909
2941
2973
3005
3037
3069
3101
3133
3165
3197
3229
3261
3293
3325
3357
3389
3421
3453
3485
3517
3549
3581
3613
3645
3677
3709
3741
3773
3805
3837
3869
3901
3933
3965
3997
4029
4061
4093
30
62
94
126
158
190
222
254
286
318
350
382
414
446
478
510
542
574
606
638
670
702
734
766
798
830
862
894
926
958
990
1022
1054
1086
1118
1150
1182
1214
1246
1278
1310
1342
1374
1406
1438
1470
1502
1534
1566
1598
1630
1662
1694
1726
1758
1790
1822
1854
1886
1918
1950
1982
2014
2046
2078
2110
2142
2174
2206
2238
2270
2302
2334
2366
2398
2430
2462
2494
2526
2558
2590
2622
2654
2686
2718
2750
2782
2814
2846
2878
2910
2942
2974
3006
3038
3070
3102
3134
3166
3198
3230
3262
3294
3326
3358
3390
3422
3454
3486
3518
3550
3582
3614
3646
3678
3710
3742
3774
3806
3838
3870
3902
3934
3966
3998
4030
4062
4094
31
63
95
127
159
191
223
255
287
319
351
383
415
447
479
511
543
575
607
639
671
703
735
767
799
831
863
895
927
959
991
1023
1055
1087
1119
1151
1183
1215
1247
1279
1311
1343
1375
1407
1439
1471
1503
1535
1567
1599
1631
1663
1695
1727
1759
1791
1823
1855
1887
1919
1951
1983
2015
2047
2079
2111
2143
2175
2207
2239
2271
2303
2335
2367
2399
2431
2463
2495
2527
2559
2591
2623
2655
2687
2719
2751
2783
2815
2847
2879
2911
2943
2975
3007
3039
3071
3103
3135
3167
3199
3231
3263
3295
3327
3359
3391
3423
3455
3487
3519
3551
3583
3615
3647
3679
3711
3743
3775
3807
3839
3871
3903
3935
3967
3999
4031
4063
4095
)


// ************************************************************************* //
