/*--------------------------------*- C++ -*----------------------------------*\
  =========                 |
  \\      /  F ield         | OpenFOAM: The Open Source CFD Toolbox
   \\    /   O peration     | Website:  https://openfoam.org
    \\  /    A nd           | Version:  9
     \\/     M anipulation  |
\*---------------------------------------------------------------------------*/
FoamFile
{
    format      ascii;
    class       volScalarField;
    location    "0.004";
    object      p;
}
// * * * * * * * * * * * * * * * * * * * * * * * * * * * * * * * * * * * * * //

dimensions      [1 -1 -2 0 0 0 0];

internalField   nonuniform List<scalar> 
10000
(
100000
100000
100000
100000
100000
100000
100000
100000
100000
100000
100000
100000
100000
100000
100000
100000
100000
100000
100000
100000
100000
100000
100000
100000
100000
100000
100000
100000
100000
100000
100000
100000
100000
100000
100000
100000
100000
100000
100000
100000
100000
100000
100000
100000
100000
100000
100000
100000
100000
100000
100000
100000
100000
100000
100000
100000
100000
100000
100000
100000
100000
100000
100000
100000
100000
100000
100000
100000
100000
100000
100000
100000
100000
100000
100000
100000
100000
100000
100000
100000
100000
100000
100000
100000
100000
100000
100000
100000
100000
100000
100000
100000
100000
100000
100000
100000
100000
100000
100000
100000
100000
100000
100000
100000
100000
100000
100000
100000
100000
100000
100000
100000
100000
100000
100000
100000
100000
100000
100000
100000
100000
100000
100000
100000
100000
100000
100000
100000
100000
100000
100000
100000
100000
100000
100000
100000
100000
100000
100000
100000
100000
100000
100000
100000
100000
100000
100000
100000
100000
100000
100000
100000
100000
100000
100000
100000
100000
100000
100000
100000
100000
100000
100000
100000
100000
100000
100000
100000
100000
100000
100000
100000
100000
100000
100000
100000
100000
100000
100000
100000
100000
100000
100000
100000
100000
100000
100000
100000
100000
100000
100000
100000
100000
100000
100000
100000
100000
100000
100000
100000
100000
100000
100000
100000
100000
100000
100000
100000
100000
100000
100000
100000
100000
100000
100000
100000
100000
100000
100000
100000
100000
100000
100000
100000
100000
100000
100000
100000
100000
100000
100000
100000
100000
100000
100000
100000
100000
100000
100000
100000
100000
100000
100000
100000
100000
100000
100000
100000
100000
100000
100000
100000
100000
100000
100000
100000
100000
100000
100000
100000
100000
100000
100000
100000
100000
100000
100000
100000
100000
100000
100000
100000
100000
100000
100000
100000
100000
100000
100000
100000
100000
100000
100000
100000
100000
100000
100000
100000
100000
100000
100000
100000
100000
100000
100000
100000
100000
100000
100000
100000
100000
100000
100000
100000
100000
100000
100000
100000
100000
100000
100000
100000
100000
100000
100000
100000
100000
100000
100000
100000
100000
100000
100000
100000
100000
100000
100000
100000
100000
100000
100000
100000
100000
100000
100000
100000
100000
100000
100000
100000
100000
100000
100000
100000
100000
100000
100000
100000
100000
100000
100000
100000
100000
100000
100000
100000
100000
100000
100000
100000
100000
100000
100000
100000
100000
100000
100000
100000
100000
100000
100000
100000
100000
100000
100000
100000
100000
100000
100000
100000
100000
100000
100000
100000
100000
100000
100000
100000
100000
100000
100000
100000
100000
100000
100000
100000
100000
100000
100000
100000
100000
100000
100000
100000
100000
100000
100000
100000
100000
100000
100000
100000
100000
100000
100000
100000
100000
100000
100000
100000
100000
100000
100000
100000
100000
100000
100000
100000
100000
100000
100000
100000
100000
100000
100000
100000
100000
100000
100000
100000
100000
100000
100000
100000
100000
100000
100000
100000
100000
100000
100000
100000
100000
100000
100000
100000
100000
100000
100000
100000
100000
100000
100000
100000
100000
100000
100000
100000
100000
100000
100000
100000
100000
100000
100000
100000
100000
100000
100000
100000
100000
100000
100000
100000
100000
100000
100000
100000
100000
100000
100000
100000
100000
100000
100000
100000
100000
100000
100000
100000
100000
100000
100000
100000
100000
100000
100000
100000
100000
100000
100000
100000
100000
100000
100000
100000
100000
100000
100000
100000
100000
100000
100000
100000
100000
100000
100000
100000
100000
100000
100000
100000
100000
100000
100000
100000
100000
100000
100000
100000
100000
100000
100000
100000
100000
100000
100000
100000
100000
100000
100000
100000
100000
100000
100000
100000
100000
100000
100000
100000
100000
100000
100000
100000
100000
100000
100000
100000
100000
100000
100000
100000
100000
100000
100000
100000
100000
100000
100000
100000
100000
100000
100000
100000
100000
100000
100000
100000
100000
100000
100000
100000
100000
100000
100000
100000
100000
100000
100000
100000
100000
100000
100000
100000
100000
100000
100000
100000
100000
100000
100000
100000
100000
100000
100000
100000
100000
100000
100000
100000
100000
100000
100000
100000
100000
100000
100000
100000
100000
100000
100000
100000
100000
100000
100000
100000
100000
100000
100000
100000
100000
100000
100000
100000
100000
100000
100000
100000
100000
100000
100000
100000
100000
100000
100000
100000
100000
100000
100000
100000
100000
100000
100000
100000
100000
100000
100000
100000
100000
100000
100000
100000
100000
100000
100000
100000
100000
100000
100000
100000
100000
100000
100000
100000
100000
100000
100000
100000
100000
100000
100000
100000
100000
100000
100000
100000
100000
100000
100000
100000
100000
100000
100000
100000
100000
100000
100000
100000
100000
100000
100000
100000
100000
100000
100000
100000
100000
100000
100000
100000
100000
100000
100000
100000
100000
100000
100000
100000
100000
100000
100000
100000
100000
100000
100000
100000
100000
100000
100000
100000
100000
100000
100000
100000
100000
100000
100000
100000
100000
100000
100000
100000
100000
100000
100000
100000
100000
100000
100000
100000
100000
100000
100000
100000
100000
100000
100000
100000
100000
100000
100000
100000
100000
100000
100000
100000
100000
100000
100000
100000
100000
100000
100000
100000
100000
100000
100000
100000
100000
100000
100000
100000
100000
100000
100000
100000
100000
100000
100000
100000
100000
100000
100000
100000
100000
100000
100000
100000
100000
100000
100000
100000
100000
100000
100000
100000
100000
100000
100000
100000
100000
100000
100000
100000
100000
100000
100000
100000
100000
100000
100000
100000
100000
100000
100000
100000
100000
100000
100000
100000
100000
100000
100000
100000
100000
100000
100000
100000
100000
100000
100000
100000
100000
100000
100000
100000
100000
100000
100000
100000
100000
100000
100000
100000
100000
100000
100000
100000
100000
100000
100000
100000
100000
100000
100000
100000
100000
100000
100000
100000
100000
100000
100000
100000
100000
100000
100000
100000
100000
100000
100000
100000
100000
100000
100000
100000
100000
100000
100000
100000
100000
100000
100000
100000
100000
100000
100000
100000
100000
100000
100000
100000
100000
100000
100000
100000
100000
100000
100000
100000
100000
100000
100000
100000
100000
100000
100000
100000
100000
100000
100000
100000
100000
100000
100000
100000
100000
100000
100000
100000
100000
100000
100000
100000
100000
100000
100000
100000
100000
100000
100000
100000
100000
100000
100000
100000
100000
100000
100000
100000
100000
100000
100000
100000
100000
100000
100000
100000
100000
100000
100000
100000
100000
100000
100000
100000
100000
100000
100000
100000
100000
100000
100000
100000
100000
100000
100000
100000
100000
100000
100000
100000
100000
100000
100000
100000
100000
100000
100000
100000
100000
100000
100000
100000
100000
100000
100000
100000
100000
100000
100000
100000
100000
100000
100000
100000
100000
100000
100000
100000
100000
100000
100000
100000
100000
100000
100000
100000
100000
100000
100000
100000
100000
100000
100000
100000
100000
100000
100000
100000
100000
100000
100000
100000
100000
100000
100000
100000
100000
100000
100000
100000
100000
100000
100000
100000
100000
100000
100000
100000
100000
100000
100000
100000
100000
100000
100000
100000
100000
100000
100000
100000
100000
100000
100000
100000
100000
100000
100000
100000
100000
100000
100000
100000
100000
100000
100000
100000
100000
100000
100000
100000
100000
100000
100000
100000
100000
100000
100000
100000
100000
100000
100000
100000
100000
100000
100000
100000
100000
100000
100000
100000
100000
100000
100000
100000
100000
100000
100000
100000
100000
100000
100000
100000
100000
100000
100000
100000
100000
100000
100000
100000
100000
100000
100000
100000
100000
100000
100000
100000
100000
100000
100000
100000
100000
100000
100000
100000
100000
100000
100000
100000
100000
100000
100000
100000
100000
100000
100000
100000
100000
100000
100000
100000
100000
100000
100000
100000
100000
100000
100000
100000
100000
100000
100000
100000
100000
100000
100000
100000
100000
100000
100000
100000
100000
100000
100000
100000
100000
100000
100000
100000
100000
100000
100000
100000
100000
100000
100000
100000
100000
100000
100000
100000
100000
100000
100000
100000
100000
100000
100000
100000
100000
100000
100000
100000
100000
100000
100000
100000
100000
100000
100000
100000
100000
100000
100000
100000
100000
100000
100000
100000
100000
100000
100000
100000
100000
100000
100000
100000
100000
100000
100000
100000
100000
100000
100000
100000
100000
100000
100000
100000
100000
100000
100000
100000
100000
100000
100000
100000
100000
100000
100000
100000
100000
100000
100000
100000
100000
100000
100000
100000
100000
100000
100000
100000
100000
100000
100000
100000
100000
100000
100000
100000
100000
100000
100000
100000
100000
100000
100000
100000
100000
100000
100000
100000
100000
100000
100000
100000
100000
100000
100000
100000
100000
100000
100000
100000
100000
100000
100000
100000
100000
100000
100000
100000
100000
100000
100000
100000
100000
100000
100000
100000
100000
100000
100000
100000
100000
100000
100000
100000
100000
100000
100000
100000
100000
100000
100000
100000
100000
100000
100000
100000
100000
100000
100000
100000
100000
100000
100000
100000
100000
100000
100000
100000
100000
100000
100000
100000
100000
100000
100000
100000
100000
100000
100000
100000
100000
100000
100000
100000
100000
100000
100000
100000
100000
100000
100000
100000
100000
100000
100000
100000
100000
100000
100000
100000
100000
100000
100000
100000
100000
100000
100000
100000
100000
100000
100000
100000
100000
100000
100000
100000
100000
100000
100000
100000
100000
100000
100000
100000
100000
100000
100000
100000
100000
100000
100000
100000
100000
100000
100000
100000
100000
100000
100000
100000
100000
100000
100000
100000
100000
100000
100000
100000
100000
100000
100000
100000
100000
100000
100000
100000
100000
100000
100000
100000
100000
100000
100000
100000
100000
100000
100000
100000
100000
100000
100000
100000
100000
100000
100000
100000
100000
100000
100000
100000
100000
100000
100000
100000
100000
100000
100000
100000
100000
100000
100000
100000
100000
100000
100000
100000
100000
100000
100000
100000
100000
100000
100000
100000
100000
100000
100000
100000
100000
100000
100000
100000
100000
100000
100000
100000
100000
100000
100000
100000
100000
100000
100000
100000
100000
100000
100000
100000
100000
100000
100000
100000
100000
100000
100000
100000
100000
100000
100000
100000
100000
100000
100000
100000
100000
100000
100000
100000
100000
100000
100000
100000
100000
100000
100000
100000
100000
100000
100000
100000
100000
100000
100000
100000
100000
100000
100000
100000
100000
100000
100000
100000
100000
100000
100000
100000
100000
100000
100000
100000
100000
100000
100000
100000
100000
100000
100000
100000
100000
100000
100000
100000
100000
100000
100000
100000
100000
100000
100000
100000
100000
100000
100000
100000
100000
100000
100000
100000
100000
100000
100000
100000
100000
100000
100000
100000
100000
100000
100000
100000
100000
100000
100000
100000
100000
100000
100000
100000
100000
100000
100000
100000
100000
100000
100000
100000
100000
100000
100000
100000
100000
100000
100000
100000
100000
100000
100000
100000
100000
100000
100000
100000
100000
100000
100000
100000
100000
100000
100000
100000
100000
100000
100000
100000
100000
100000
100000
100000
100000
100000
100000
100000
100000
100000
100000
100000
100000
100000
100000
100000
100000
100000
100000
100000
100000
100000
100000
100000
100000
100000
100000
100000
100000
100000
100000
100000
100000
100000
100000
100000
100000
100000
100000
100000
100000
100000
100000
100000
100000
100000
100000
100000
100000
100000
100000
100000
100000
100000
100000
100000
100000
100000
100000
100000
100000
100000
100000
100000
100000
100000
100000
100000
100000
100000
100000
100000
100000
100000
100000
100000
100000
100000
100000
100000
100000
100000
100000
100000
100000
100000
100000
100000
100000
100000
100000
100000
100000
100000
100000
100000
100000
100000
100000
100000
100000
100000
100000
100000
100000
100000
100000
100000
100000
100000
100000
100000
100000
100000
100000
100000
100000
100000
100000
100000
100000
100000
100000
100000
100000
100000
100000
100000
100000
100000
100000
100000
100000
100000
100000
100000
100000
100000
100000
100000
100000
100000
100000
100000
100000
100000
100000
100000
100000
100000
100000
100000
100000
100000
100000
100000
100000
100000
100000
100000
100000
100000
100000
100000
100000
100000
100000
100000
100000
100000
100000
100000
100000
100000
100000
100000
100000
100000
100000
100000
100000
100000
100000
100000
100000
100000
100000
100000
100000
100000
100000
100000
100000
100000
100000
100000
100000
100000
100000
100000
100000
100000
100000
100000
100000
100000
100000
100000
100000
100000
100000
100000
100000
100000
100000
100000
100000
100000
100000
100000
100000
100000
100000
100000
100000
100000
100000
100000
100000
100000
100000
100000
100000
100000
100000
100000
100000
100000
100000
100000
100000
100000
100000
100000
100000
100000
100000
100000
100000
100000
100000
100000
100000
100000
100000
100000
100000
100000
100000
100000
100000
100000
100000
100000
100000
100000
100000
100000
100000
100000
100000
100000
100000
100000
100000
100000
100000
100000
100000
100000
100000
100000
100000
100000
100000
100000
100000
100000
100000
100000
100000
100000
100000
100000
100000
100000
100000
100000
100000
100000
100000
100000
100000
100000
100000
100000
100000
100000
100000
100000
100000
100000
100000
100000
100000
100000
100000
100000
100000
100000
100000
100000
100000
100000
100000
100000
100000
100000
100000
100000
100000
100000
100000
100000
100000
100000
100000
100000
100000
100000
100000
100000
100000
100000
100000
100000
100000
100000
100000
100000
100000
100000
100000
100000
100000
100000
100000
100000
100000
100000
100000
100000
100000
100000
100000
100000
100000
100000
100000
100000
100000
100000
100000
100000
100000
100000
100000
100000
100000
100000
100000
100000
100000
100000
100000
100000
100000
100000
100000
100000
100000
100000
100000
100000
100000
100000
100000
100000
100000
100000
100000
100000
100000
100000
100000
100000
100000
100000
100000
100000
100000
100000
100000
100000
100000
100000
100000
100000
100000
100000
100000
100000
100000
100000
100000
100000
100000
100000
100000
100000
100000
100000
100000
100000
100000
100000
100000
100000
100000
100000
100000
100000
100000
100000
100000
100000
100000
100000
100000
100000
100000
100000
100000
100000
100000
100000
100000
100000
100000
100000
100000
100000
100000
100000
100000
100000
100000
100000
100000
100000
100000
100000
100000
100000
100000
100000
100000
100000
100000
100000
100000
100000
100000
100000
100000
100000
100000
100000
100000
100000
100000
100000
100000
100000
100000
100000
100000
100000
100000
100000
100000
100000
100000
100000
100000
100000
100000
100000
100000
100000
100000
100000
100000
100000
100000
100000
100000
100000
100000
100000
100000
100000
100000
100000
100000
100000
100000
100000
100000
100000
100000
100000
100000
100000
100000
100000
100000
100000
100000
100000
100000
100000
100000
100000
100000
100000
100000
100000
100000
100000
100000
100000
100000
100000
100000
100000
100000
100000
100000
100000
100000
100000
100000
100000
100000
100000
100000
100000
100000
100000
100000
100000
100000
100000
100000
100000
100000
100000
100000
100000
100000
100000
100000
100000
100000
100000
100000
100000
100000
100000
100000
100000
100000
100000
100000
100000
100000
100000
100000
100000
100000
100000
100000
100000
100000
100000
100000
100000
100000
100000
100000
100000
100000
100000
100000
100000
100000
100000
100000
100000
100000
100000
100000
100000
100000
100000
100000
100000
100000
100000
100000
100000
100000
100000
100000
100000
100000
100000
100000
100000
100000
100000
100000
100000
100000
100000
100000
100000
100000
100000
100000
100000
100000
100000
100000
100000
100000
100000
100000
100000
100000
100000
100000
100000
100000
100000
100000
100000
100000
100000
100000
100000
100000
100000
100000
100000
100000
100000
100000
100000
100000
100000
100000
100000
100000
100000
100000
100000
100000
100000
100000
100000
100000
100000
100000
100000
100000
100000
100000
100000
100000
100000
100000
100000
100000
100000
100000
100000
100000
100000
100000
100000
100000
100000
100000
100000
100000
100000
100000
100000
100000
100000
100000
100000
100000
100000
100000
100000
100000
100000
100000
100000
100000
100000
100000
100000
100000
100000
100000
100000
100000
100000
100000
100000
100000
100000
100000
100000
100000
100000
100000
100000
100000
100000
100000
100000
100000
100000
100000
100000
100000
100000
100000
100000
100000
100000
100000
100000
100000
100000
100000
100000
100000
100000
100000
100000
100000
100000
100000
100000
100000
100000
100000
100000
100000
100000
100000
100000
100000
100000
100000
100000
100000
100000
100000
100000
100000
100000
100000
100000
100000
100000
100000
100000
100000
100000
100000
100000
100000
100000
100000
100000
100000
100000
100000
100000
100000
100000
100000
100000
100000
100000
100000
100000
100000
100000
100000
100000
100000
100000
100000
100000
100000
100000
100000
100000
100000
100000
100000
100000
100000
100000
100000
100000
100000
100000
100000
100000
100000
100000
100000
100000
100000
100000
100000
100000
100000
100000
100000
100000
100000
100000
100000
100000
100000
100000
100000
100000
100000
100000
100000
100000
100000
100000
100000
100000
100000
100000
100000
100000
100000
100000
100000
100000
100000
100000
100000
100000
100000
100000
100000
100000
100000
100000
100000
100000
100000
100000
100000
100000
100000
100000
100000
100000
100000
100000
100000
100000
100000
100000
100000
100000
100000
100000
100000
100000
100000
100000
100000
100000
100000
100000
100000
100000
100000
100000
100000
100000
100000
100000
100000
100000
100000
100000
100000
100000
100000
100000
100000
100000
100000
100000
100000
100000
100000
100000
100000
100000
100000
100000
100000
100000
100000
100000
100000
100000
100000
100000
100000
100000
100000
100000
100000
100000
100000
100000
100000
100000
100000
100000
100000
100000
100000
100000
100000
100000
100000
100000
100000
100000
100000
100000
100000
100000
100000
100000
100000
100000
100000
100000
100000
100000
100000
100000
100000
100000
100000
100000
100000
100000
100000
100000
100000
100000
100000
100000
100000
100000
100000
100000
100000
100000
100000
100000
100000
100000
100000
100000
100000
100000
100000
100000
100000
100000
100000
100000
100000
100000
100000
100000
100000
100000
100000
100000
100000
100000
100000
100000
100000
100000
100000
100000
100000
100000
100000
100000
100000
100000
100000
100000
100000
100000
100000
100000
100000
100000
100000
100000
100000
100000
100000
100000
100000
100000
100000
100000
100000
100000
100000
100000
100000
100000
100000
100000
100000
100000
100000
100000
100000
100000
100000
100000
100000
100000
100000
100000
100000
100000
100000
100000
100000
100000
100000
100000
100000
100000
100000
100000
100000
100000
100000
100000
100000
100000
100000
100000
100000
100000
100000
100000
100000
100000
100000
100000
100000
100000
100000
100000
100000
100000
100000
100000
100000
100000
100000
100000
100000
100000
100000
100000
100000
100000
100000
100000
100000
100000
100000
100000
100000
100000
100000
100000
100000
100000
100000
100000
100000
100000
100000
100000
100000
100000
100000
100000
100000
100000
100000
100000
100000
100000
100000
100000
100000
100000
100000
100000
100000
100000
100000
100000
100000
100000
100000
100000
100000
100000
100000
100000
100000
100000
100000
100000
100000
100000
100000
100000
100000
100000
100000
100000
100000
100000
100000
100000
100000
100000
100000
100000
100000
100000
100000
100000
100000
100000
100000
100000
100000
100000
100000
100000
100000
100000
100000
100000
100000
100000
100000
100000
100000
100000
100000
100000
100000
100000
100000
100000
100000
100000
100000
100000
100000
100000
100000
100000
100000
100000
100000
100000
100000
100000
100000
100000
100000
100000
100000
100000
100000
100000
100000
100000
100000
100000
100000
100000
100000
100000
100000
100000
100000
100000
100000
100000
100000
100000
100000
100000
100000
100000
100000
100000
100000
100000
100000
100000
100000
100000
100000
100000
100000
100000
100000
100000
100000
100000
100000
100000
100000
100000
100000
100000
100000
100000
100000
100000
100000
100000
100000
100000
100000
100000
100000
100000
100000
100000
100000
100000
100000
100000
100000
100000
100000
100000
100000
100000
100000
100000
100000
100000
100000
100000
100000
100000
100000
100000
100000
100000
100000
100000
100000
100000
100000
100000
100000
100000
100000
100000
100000
100000
100000
100000
100000
100000
100000
100000
100000
100000
100000
100000
100000
100000
100000
100000
100000
100000
100000
100000
100000
100000
100000
100000
100000
100000
100000
100000
100000
100000
100000
100000
100000
100000
100000
100000
100000
100000
100000
100000
100000
100000
100000
100000
100000
100000
100000
100000
100000
100000
100000
100000
100000
100000
100000
100000
100000
100000
100000
100000
100000
100000
100000
100000
100000
100000
100000
100000
100000
100000
100000
100000
100000
100000
100000
100000
100000
100000
100000
100000
100000
100000
100000
100000
100000
100000
100000
100000
100000
100000
100000
100000
100000
100000
100000
100000
100000
100000
100000
100000
100000
100000
100000
100000
100000
100000
100000
100000
100000
100000
100000
100000
100000
100000
100000
100000
100000
100000
100000
100000
100000
100000
100000
100000
100000
100000
100000
100000
100000
100000
100000
100000
100000
100000
100000
100000
100000
100000
100000
100000
100000
100000
100000
100000
100000
100000
100000
100000
100000
100000
100000
100000
100000
100000
100000
100000
100000
100000
100000
100000
100000
100000
100000
100000
100000
100000
100000
100000
100000
100000
100000
100000
100000
100000
100000
100000
100000
100000
100000
100000
100000
100000
100000
100000
100000
100000
100000
100000
100000
100000
100000
100000
100000
100000
100000
100000
100000
100000
100000
100000
100000
100000
100000
100000
100000
100000
100000
100000
100000
100000
100000
100000
100000
100000
100000
100000
100000
100000
100000
100000
100000
100000
100000
100000
100000
100000
100000
100000
100000
100000
100000
100000
100000
100000
100000
100000
100000
100000
100000
100000
100000
100000
100000
100000
100000
100000
100000
100000
100000
100000
100000
100000
100000
100000
100000
100000
100000
100000
100000
100000
100000
100000
100000
100000
100000
100000
100000
100000
100000
100000
100000
100000
100000
100000
100000
100000
100000
100000
100000
100000
100000
100000
100000
100000
100000
100000
100000
100000
100000
100000
100000
100000
100000
100000
100000
100000
100000
100000
100000
100000
100000
100000
100000
100000
100000
100000
100000
100000
100000
100000
100000
100000
100000
100000
100000
100000
100000
100000
100000
100000
100000
100000
100000
100000
100000
100000
100000
100000
100000
100000
100000
100000
100000
100000
100000
100000
100000
100000
100000
100000
100000
100000
100000
100000
100000
100000
100000
100000
100000
100000
100000
100000
100000
100000
100000
100000
100000
100000
100000
100000
100000
100000
100000
100000
100000
100000
100000
100000
100000
100000
100000
100000
100000
100000
100000
100000
100000
100000
100000
100000
100000
100000
100000
100000
100000
100000
100000
100000
100000
100000
100000
100000
100000
100000
100000
100000
100000
100000
100000
100000
100000
100000
100000
100000
100000
99999.9
99999.9
99999.9
99999.9
99999.9
99999.9
99999.8
99999.8
99999.8
99999.8
99999.7
99999.7
99999.6
99999.5
99999.5
99999.4
99999.3
99999.2
99999
99998.9
99998.7
99998.6
99998.3
99998.1
99997.8
99997.5
99997.2
99996.8
99996.3
99995.8
99995.2
99994.6
99993.9
99993.1
99992.2
99991.3
99990.2
99989
99987.6
99986.1
99984.5
99982.7
99980.7
99978.5
99976.1
99973.5
99970.6
99967.5
99964.1
99960.3
99956.3
99951.9
99947.1
99942
99936.4
99930.5
99924
99917.1
99909.7
99901.7
99893.2
99884.1
99874.4
99864.1
99853.2
99841.6
99829.3
99816.3
99802.5
99788
99772.7
99756.6
99739.7
99722
99703.5
99684.1
99663.8
99642.6
99620.6
99597.6
99573.7
99549
99523.3
99496.7
99469.1
99440.7
99411.3
99381
99349.8
99317.6
99284.6
99250.6
99215.8
99180
99143.4
99105.9
99067.6
99028.4
98988.3
98947.5
98905.8
98863.3
98820.1
98776.1
98731.3
98685.8
98639.6
98592.6
98545
98496.7
98447.7
98398.1
98347.9
98297
98245.6
98193.6
98141
98087.8
98034.1
97979.9
97925.2
97870
97814.3
97758.2
97701.6
97644.5
97587.1
97529.2
97470.9
97412.3
97353.2
97293.8
97234.1
97174
97113.6
97052.8
96991.8
96930.4
96868.8
96806.8
96744.6
96682.2
96619.5
96556.5
96493.3
96429.9
96366.2
96302.4
96238.3
96174
96109.6
96044.9
95980.1
95915.1
95849.9
95784.6
95719.1
95653.4
95587.6
95521.7
95455.6
95389.4
95323.1
95256.6
95190.1
95123.4
95056.6
94989.7
94922.7
94855.6
94788.4
94721.1
94653.7
94586.3
94518.7
94451.1
94383.4
94315.6
94247.8
94179.9
94111.9
94043.9
93975.8
93907.7
93839.5
93771.3
93703
93634.6
93566.2
93497.8
93429.3
93360.8
93292.3
93223.7
93155.1
93086.4
93017.8
92949.1
92880.3
92811.6
92742.8
92674
92605.2
92536.3
92467.5
92398.6
92329.7
92260.8
92191.9
92123
92054
91985.1
91916.1
91847.2
91778.2
91709.2
91640.3
91571.3
91502.3
91433.3
91364.4
91295.4
91226.4
91157.4
91088.5
91019.5
90950.5
90881.6
90812.6
90743.7
90674.8
90605.9
90537
90468.1
90399.2
90330.3
90261.4
90192.6
90123.7
90054.9
89986.1
89917.3
89848.6
89779.8
89711.1
89642.3
89573.6
89504.9
89436.3
89367.6
89299
89230.4
89161.8
89093.2
89024.7
88956.2
88887.7
88819.2
88750.7
88682.3
88613.9
88545.5
88477.2
88408.8
88340.5
88272.3
88204
88135.8
88067.6
87999.4
87931.3
87863.1
87795
87727
87658.9
87590.9
87523
87455
87387.1
87319.2
87251.4
87183.5
87115.7
87048
86980.2
86912.5
86844.8
86777.2
86709.6
86642
86574.5
86506.9
86439.5
86372
86304.6
86237.2
86169.9
86102.5
86035.3
85968
85900.8
85833.6
85766.5
85699.3
85632.3
85565.2
85498.2
85431.2
85364.3
85297.4
85230.5
85163.7
85096.9
85030.1
84963.4
84896.7
84830
84763.4
84696.8
84630.2
84563.7
84497.2
84430.8
84364.4
84298
84231.7
84165.4
84099.1
84032.9
83966.7
83900.6
83834.4
83768.4
83702.3
83636.3
83570.4
83504.4
83438.6
83372.7
83306.9
83241.1
83175.4
83109.7
83044
82978.4
82912.8
82847.3
82781.8
82716.3
82650.9
82585.5
82520.1
82454.8
82389.5
82324.3
82259.1
82193.9
82128.8
82063.7
81998.7
81933.7
81868.7
81803.8
81738.9
81674
81609.2
81544.4
81479.7
81415
81350.4
81285.8
81221.2
81156.6
81092.1
81027.7
80963.3
80898.9
80834.6
80770.3
80706
80641.8
80577.6
80513.5
80449.3
80385.3
80321.3
80257.3
80193.3
80129.4
80065.6
80001.8
79938
79874.2
79810.5
79746.9
79683.2
79619.7
79556.1
79492.6
79429.1
79365.7
79302.3
79239
79175.7
79112.4
79049.2
78986
78922.9
78859.8
78796.7
78733.7
78670.7
78607.8
78544.9
78482
78419.2
78356.4
78293.6
78230.9
78168.3
78105.7
78043.1
77980.5
77918
77855.6
77793.2
77730.8
77668.4
77606.1
77543.9
77481.7
77419.5
77357.3
77295.2
77233.2
77171.2
77109.2
77047.3
76985.4
76923.5
76861.7
76799.9
76738.2
76676.5
76614.8
76553.2
76491.6
76430.1
76368.6
76307.2
76245.7
76184.4
76123
76061.7
76000.5
75939.3
75878.1
75817
75755.9
75694.8
75633.8
75572.8
75511.9
75451
75390.2
75329.4
75268.6
75207.9
75147.2
75086.5
75025.9
74965.4
74904.8
74844.3
74783.9
74723.5
74663.1
74602.8
74542.5
74482.3
74422
74361.9
74301.8
74241.7
74181.6
74121.6
74061.6
74001.7
73941.8
73882
73822.2
73762.4
73702.7
73643
73583.4
73523.8
73464.2
73404.7
73345.2
73285.7
73226.3
73167
73107.6
73048.3
72989.1
72929.9
72870.7
72811.6
72752.5
72693.5
72634.5
72575.5
72516.6
72457.7
72398.8
72340
72281.2
72222.5
72163.8
72105.2
72046.6
71988
71929.5
71871
71812.5
71754.1
71695.7
71637.4
71579.1
71520.9
71462.7
71404.5
71346.3
71288.3
71230.2
71172.2
71114.2
71056.3
70998.4
70940.5
70882.7
70824.9
70767.2
70709.5
70651.8
70594.2
70536.6
70479.1
70421.6
70364.1
70306.7
70249.3
70192
70134.6
70077.4
70020.1
69963
69905.8
69848.7
69791.6
69734.6
69677.6
69620.6
69563.7
69506.9
69450
69393.2
69336.5
69279.7
69223.1
69166.4
69109.8
69053.3
68996.7
68940.2
68883.8
68827.4
68771
68714.7
68658.4
68602.1
68545.9
68489.8
68433.6
68377.5
68321.5
68265.4
68209.5
68153.5
68097.6
68041.8
67985.9
67930.1
67874.4
67818.7
67763
67707.4
67651.8
67596.2
67540.7
67485.2
67429.8
67374.4
67319
67263.7
67208.4
67153.2
67098
67042.8
66987.6
66932.6
66877.5
66822.5
66767.5
66712.6
66657.7
66602.8
66548
66493.2
66438.4
66383.7
66329
66274.4
66219.8
66165.2
66110.7
66056.2
66001.8
65947.4
65893
65838.7
65784.4
65730.1
65675.9
65621.7
65567.6
65513.5
65459.4
65405.4
65351.4
65297.4
65243.5
65189.6
65135.8
65082
65028.2
64974.5
64920.8
64867.2
64813.5
64760
64706.4
64652.9
64599.5
64546
64492.7
64439.3
64386
64332.7
64279.5
64226.3
64173.1
64120
64066.9
64013.8
63960.8
63907.8
63854.9
63802
63749.1
63696.3
63643.5
63590.8
63538
63485.4
63432.7
63380.1
63327.6
63275
63222.5
63170.1
63117.6
63065.3
63012.9
62960.6
62908.3
62856.1
62803.9
62751.7
62699.6
62647.5
62595.5
62543.5
62491.5
62439.6
62387.6
62335.8
62284
62232.2
62180.4
62128.7
62077
62025.4
61973.7
61922.2
61870.6
61819.1
61767.7
61716.2
61664.9
61613.5
61562.2
61510.9
61459.7
61408.4
61357.3
61306.1
61255
61204
61152.9
61102
61051
61000.1
60949.2
60898.4
60847.5
60796.8
60746
60695.3
60644.7
60594
60543.5
60492.9
60442.4
60391.9
60341.4
60291
60240.7
60190.3
60140
60089.7
60039.5
59989.3
59939.2
59889
59838.9
59788.9
59738.9
59688.9
59638.9
59589
59539.2
59489.3
59439.5
59389.7
59340
59290.3
59240.7
59191
59141.4
59091.9
59042.4
58992.9
58943.4
58894
58844.6
58795.3
58746
58696.7
58647.5
58598.3
58549.1
58500
58450.9
58401.8
58352.8
58303.8
58254.9
58206
58157.1
58108.2
58059.4
58010.6
57961.9
57913.2
57864.5
57815.9
57767.3
57718.7
57670.2
57621.7
57573.2
57524.8
57476.4
57428
57379.7
57331.4
57283.2
57235
57186.8
57138.6
57090.5
57042.4
56994.4
56946.4
56898.4
56850.5
56802.6
56754.7
56706.8
56659
56611.3
56563.5
56515.8
56468.2
56420.6
56373
56325.4
56277.9
56230.4
56182.9
56135.5
56088.1
56040.8
55993.4
55946.1
55898.9
55851.7
55804.5
55757.3
55710.2
55663.1
55616.1
55569.1
55522.1
55475.2
55428.3
55381.4
55334.5
55287.7
55241
55194.2
55147.5
55100.8
55054.2
55007.6
54961
54914.5
54868
54821.5
54775.1
54728.7
54682.3
54636
54589.7
54543.4
54497.2
54451
54404.8
54358.7
54312.6
54266.5
54220.5
54174.5
54128.5
54082.6
54036.7
53990.8
53945
53899.2
53853.4
53807.7
53762
53716.4
53670.7
53625.1
53579.6
53534
53488.5
53443.1
53397.6
53352.3
53306.9
53261.6
53216.3
53171
53125.8
53080.6
53035.4
52990.3
52945.2
52900.1
52855.1
52810.1
52765.1
52720.2
52675.3
52630.4
52585.6
52540.8
52496
52451.3
52406.6
52361.9
52317.3
52272.7
52228.1
52183.5
52139
52094.6
52050.1
52005.7
51961.3
51917
51872.7
51828.4
51784.2
51739.9
51695.8
51651.6
51607.5
51563.4
51519.4
51475.4
51431.4
51387.4
51343.5
51299.6
51255.8
51211.9
51168.1
51124.4
51080.7
51037
50993.3
50949.7
50906.1
50862.5
50819
50775.5
50732
50688.6
50645.2
50601.8
50558.4
50515.1
50471.9
50428.6
50385.4
50342.2
50299.1
50256
50212.9
50169.8
50126.8
50083.8
50040.9
49997.9
49955
49912.2
49869.3
49826.5
49783.8
49741
49698.3
49655.7
49613
49570.4
49527.8
49485.3
49442.8
49400.3
49357.9
49315.4
49273
49230.7
49188.4
49146.1
49103.8
49061.6
49019.4
48977.2
48935.1
48893
48850.9
48808.9
48766.9
48724.9
48682.9
48641
48599.1
48557.3
48515.5
48473.7
48431.9
48390.2
48348.5
48306.8
48265.2
48223.6
48182
48140.5
48098.9
48057.5
48016
47974.6
47933.2
47891.9
47850.5
47809.2
47768
47726.7
47685.5
47644.4
47603.2
47562.1
47521
47480
47439
47398
47357
47316.1
47275.2
47234.4
47193.5
47152.7
47112
47071.2
47030.5
46989.8
46949.2
46908.6
46868
46827.4
46786.9
46746.4
46705.9
46665.5
46625.1
46584.7
46544.4
46504.1
46463.8
46423.5
46383.3
46343.1
46302.9
46262.8
46222.7
46182.6
46142.6
46102.6
46062.6
46022.7
45982.7
45942.9
45903
45863.2
45823.4
45783.6
45743.9
45704.1
45664.5
45624.8
45585.2
45545.6
45506.1
45466.5
45427
45387.6
45348.1
45308.7
45269.3
45230
45190.7
45151.4
45112.1
45072.9
45033.7
44994.5
44955.4
44916.3
44877.2
44838.1
44799.1
44760.1
44721.2
44682.2
44643.3
44604.5
44565.6
44526.8
44488
44449.3
44410.5
44371.8
44333.2
44294.5
44255.9
44217.4
44178.8
44140.3
44101.8
44063.3
44024.9
43986.5
43948.1
43909.8
43871.5
43833.2
43794.9
43756.7
43718.5
43680.4
43642.2
43604.1
43566
43528
43490
43452
43414
43376.1
43338.2
43300.3
43262.5
43224.7
43186.9
43149.1
43111.4
43073.7
43036
42998.4
42960.8
42923.2
42885.6
42848.1
42810.6
42773.1
42735.7
42698.3
42660.9
42623.6
42586.2
42549
42511.7
42474.5
42437.2
42400.1
42362.9
42325.8
42288.7
42251.6
42214.6
42177.6
42140.6
42103.7
42066.8
42029.9
41993
41956.2
41919.4
41882.6
41845.9
41809.2
41772.5
41735.8
41699.2
41662.6
41626
41589.5
41552.9
41516.5
41480
41443.6
41407.2
41370.8
41334.4
41298.1
41261.8
41225.6
41189.3
41153.1
41117
41080.8
41044.7
41008.6
40972.6
40936.5
40900.5
40864.6
40828.6
40792.7
40756.8
40720.9
40685.1
40649.3
40613.5
40577.8
40542.1
40506.4
40470.7
40435.1
40399.5
40363.9
40328.4
40292.8
40257.3
40221.9
40186.4
40151
40115.7
40080.3
40045
40009.7
39974.4
39939.2
39904
39868.8
39833.6
39798.5
39763.4
39728.4
39693.3
39658.3
39623.3
39588.4
39553.4
39518.6
39483.7
39448.8
39414
39379.2
39344.5
39309.8
39275.1
39240.4
39205.7
39171.1
39136.5
39102
39067.4
39032.9
38998.5
38964
38929.6
38895.2
38860.9
38826.5
38792.2
38757.9
38723.7
38689.5
38655.3
38621.1
38587
38552.9
38518.8
38484.7
38450.7
38416.7
38382.8
38348.8
38314.9
38281
38247.2
38213.4
38179.6
38145.8
38112.1
38078.4
38044.7
38011
37977.4
37943.8
37910.2
37876.7
37843.2
37809.7
37776.2
37742.8
37709.4
37676.1
37642.7
37609.4
37576.1
37542.9
37509.6
37476.4
37443.3
37410.1
37377
37343.9
37310.9
37277.9
37244.9
37211.9
37179
37146
37113.2
37080.3
37047.5
37014.7
36981.9
36949.2
36916.5
36883.8
36851.2
36818.5
36786
36753.4
36720.9
36688.4
36655.9
36623.4
36591
36558.6
36526.3
36494
36461.7
36429.4
36397.2
36365
36332.8
36300.6
36268.5
36236.4
36204.4
36172.3
36140.3
36108.4
36076.4
36044.5
36012.6
35980.8
35949
35917.2
35885.4
35853.7
35822
35790.4
35758.7
35727.1
35695.6
35664
35632.5
35601
35569.6
35538.2
35506.8
35475.4
35444.1
35412.8
35381.6
35350.3
35319.1
35288
35256.8
35225.7
35194.7
35163.7
35132.7
35101.7
35070.8
35039.8
35009
34978.1
34947.3
34916.6
34885.8
34855.1
34824.5
34793.8
34763.2
34732.7
34702.1
34671.7
34641.2
34610.8
34580.4
34550
34519.7
34489.4
34459.2
34429
34398.8
34368.6
34338.5
34308.5
34278.4
34248.4
34218.5
34188.6
34158.7
34128.9
34099.1
34069.3
34039.6
34009.9
33980.2
33950.6
33921.1
33891.5
33862.1
33832.6
33803.2
33773.9
33744.5
33715.3
33686
33656.8
33627.7
33598.6
33569.5
33540.5
33511.5
33482.6
33453.7
33424.9
33396.1
33367.4
33338.7
33310.1
33281.5
33252.9
33224.4
33196
33167.6
33139.3
33111
33082.7
33054.5
33026.4
32998.3
32970.3
32942.4
32914.4
32886.6
32858.8
32831.1
32803.4
32775.8
32748.2
32720.7
32693.3
32665.9
32638.6
32611.4
32584.2
32557.1
32530.1
32503.1
32476.2
32449.4
32422.7
32396
32369.4
32342.9
32316.4
32290.1
32263.8
32237.6
32211.5
32185.4
32159.5
32133.6
32107.9
32082.2
32056.6
32031.1
32005.7
31980.4
31955.2
31930.1
31905.1
31880.2
31855.4
31830.7
31806.2
31781.7
31757.4
31733.1
31709
31685.1
31661.2
31637.5
31613.9
31590.4
31567.1
31543.9
31520.8
31497.9
31475.2
31452.6
31430.1
31407.8
31385.6
31363.7
31341.8
31320.2
31298.7
31277.4
31256.3
31235.3
31214.5
31194
31173.6
31153.4
31133.4
31113.6
31094
31074.7
31055.5
31036.6
31017.9
30999.4
30981.1
30963.1
30945.3
30927.7
30910.4
30893.4
30876.6
30860
30843.7
30827.7
30812
30796.5
30781.3
30766.3
30751.6
30737.3
30723.2
30709.4
30695.8
30682.6
30669.7
30657
30644.7
30632.6
30620.9
30609.4
30598.3
30587.4
30576.9
30566.6
30556.7
30547
30537.7
30528.6
30519.9
30511.4
30503.2
30495.3
30487.7
30480.4
30473.4
30466.6
30460.1
30453.9
30447.9
30442.2
30436.7
30431.5
30426.5
30421.8
30417.3
30413
30408.9
30405.1
30401.4
30397.9
30394.7
30391.6
30388.7
30385.9
30383.4
30380.9
30378.7
30376.5
30374.5
30372.7
30371
30369.3
30367.8
30366.4
30365.1
30363.9
30362.8
30361.8
30360.8
30359.9
30359.1
30358.4
30357.7
30357.1
30356.5
30355.9
30355.5
30355
30354.6
30354.2
30353.9
30353.6
30353.3
30353.1
30352.8
30352.6
30352.4
30352.3
30352.1
30352
30351.8
30351.7
30351.6
30351.5
30351.5
30351.4
30351.3
30351.3
30351.2
30351.1
30351.1
30351.1
30351
30351
30351
30350.9
30350.9
30350.9
30350.9
30350.9
30350.9
30350.8
30350.8
30350.8
30350.8
30350.8
30350.8
30350.8
30350.8
30350.8
30350.8
30350.8
30350.8
30350.8
30350.8
30350.8
30350.8
30350.8
30350.8
30350.8
30350.8
30350.8
30350.8
30350.8
30350.8
30350.8
30350.7
30350.7
30350.7
30350.7
30350.7
30350.7
30350.7
30350.7
30350.7
30350.7
30350.7
30350.7
30350.7
30350.7
30350.7
30350.7
30350.7
30350.7
30350.7
30350.7
30350.7
30350.7
30350.7
30350.7
30350.7
30350.7
30350.7
30350.7
30350.7
30350.7
30350.7
30350.7
30350.7
30350.7
30350.7
30350.7
30350.7
30350.7
30350.7
30350.7
30350.7
30350.7
30350.7
30350.7
30350.7
30350.7
30350.7
30350.7
30350.7
30350.7
30350.7
30350.7
30350.7
30350.6
30350.6
30350.6
30350.6
30350.6
30350.6
30350.6
30350.6
30350.6
30350.6
30350.6
30350.6
30350.6
30350.6
30350.6
30350.6
30350.6
30350.6
30350.6
30350.6
30350.6
30350.6
30350.6
30350.6
30350.6
30350.6
30350.6
30350.6
30350.6
30350.6
30350.6
30350.6
30350.6
30350.6
30350.6
30350.6
30350.6
30350.6
30350.6
30350.6
30350.6
30350.6
30350.5
30350.5
30350.5
30350.5
30350.5
30350.5
30350.5
30350.5
30350.5
30350.5
30350.5
30350.5
30350.5
30350.5
30350.5
30350.5
30350.5
30350.5
30350.5
30350.5
30350.5
30350.5
30350.5
30350.5
30350.5
30350.5
30350.5
30350.5
30350.5
30350.5
30350.5
30350.5
30350.5
30350.5
30350.5
30350.5
30350.5
30350.5
30350.5
30350.5
30350.5
30350.5
30350.5
30350.5
30350.5
30350.5
30350.5
30350.5
30350.5
30350.5
30350.5
30350.5
30350.5
30350.5
30350.5
30350.5
30350.5
30350.5
30350.5
30350.5
30350.5
30350.5
30350.5
30350.5
30350.5
30350.5
30350.4
30350.4
30350.4
30350.4
30350.4
30350.4
30350.4
30350.4
30350.4
30350.4
30350.4
30350.4
30350.4
30350.4
30350.4
30350.4
30350.4
30350.4
30350.4
30350.4
30350.4
30350.4
30350.4
30350.4
30350.4
30350.4
30350.4
30350.4
30350.4
30350.4
30350.4
30350.4
30350.4
30350.4
30350.4
30350.4
30350.4
30350.4
30350.4
30350.4
30350.4
30350.4
30350.4
30350.4
30350.4
30350.4
30350.4
30350.4
30350.4
30350.4
30350.4
30350.4
30350.4
30350.4
30350.4
30350.4
30350.4
30350.4
30350.4
30350.4
30350.4
30350.4
30350.4
30350.4
30350.4
30350.4
30350.4
30350.4
30350.4
30350.4
30350.4
30350.4
30350.4
30350.4
30350.4
30350.4
30350.4
30350.4
30350.4
30350.4
30350.4
30350.4
30350.4
30350.4
30350.4
30350.4
30350.4
30350.4
30350.4
30350.4
30350.4
30350.4
30350.4
30350.4
30350.4
30350.4
30350.4
30350.4
30350.4
30350.4
30350.4
30350.4
30350.4
30350.4
30350.4
30350.4
30350.4
30350.4
30350.4
30350.4
30350.4
30350.4
30350.4
30350.4
30350.4
30350.4
30350.4
30350.4
30350.4
30350.4
30350.4
30350.4
30350.4
30350.4
30350.4
30350.4
30350.3
30350.3
30350.3
30350.3
30350.3
30350.3
30350.3
30350.3
30350.3
30350.3
30350.3
30350.3
30350.3
30350.3
30350.3
30350.3
30350.3
30350.3
30350.3
30350.3
30350.3
30350.3
30350.3
30350.3
30350.3
30350.3
30350.3
30350.3
30350.3
30350.3
30350.3
30350.3
30350.3
30350.3
30350.3
30350.3
30350.3
30350.3
30350.3
30350.3
30350.3
30350.3
30350.3
30350.3
30350.3
30350.3
30350.3
30350.3
30350.3
30350.3
30350.3
30350.3
30350.3
30350.3
30350.3
30350.3
30350.3
30350.3
30350.3
30350.3
30350.3
30350.3
30350.3
30350.3
30350.3
30350.3
30350.3
30350.3
30350.3
30350.3
30350.3
30350.3
30350.3
30350.3
30350.3
30350.3
30350.3
30350.3
30350.3
30350.3
30350.3
30350.3
30350.3
30350.3
30350.3
30350.3
30350.3
30350.3
30350.3
30350.3
30350.3
30350.3
30350.3
30350.3
30350.3
30350.3
30350.3
30350.3
30350.3
30350.3
30350.3
30350.3
30350.3
30350.3
30350.3
30350.3
30350.3
30350.3
30350.3
30350.3
30350.3
30350.3
30350.3
30350.3
30350.3
30350.3
30350.3
30350.3
30350.3
30350.3
30350.3
30350.3
30350.3
30350.3
30350.3
30350.3
30350.3
30350.3
30350.3
30350.3
30350.3
30350.3
30350.3
30350.3
30350.3
30350.3
30350.3
30350.3
30350.3
30350.3
30350.3
30350.3
30350.3
30350.3
30350.3
30350.3
30350.3
30350.3
30350.3
30350.3
30350.3
30350.3
30350.3
30350.3
30350.3
30350.3
30350.3
30350.3
30350.3
30350.3
30350.3
30350.3
30350.3
30350.3
30350.3
30350.3
30350.3
30350.3
30350.3
30350.3
30350.3
30350.3
30350.3
30350.3
30350.3
30350.3
30350.3
30350.3
30350.3
30350.3
30350.3
30350.3
30350.3
30350.3
30350.3
30350.3
30350.3
30350.3
30350.3
30350.3
30350.3
30350.3
30350.3
30350.3
30350.3
30350.3
30350.3
30350.3
30350.3
30350.3
30350.3
30350.3
30350.3
30350.3
30350.3
30350.3
30350.3
30350.3
30350.3
30350.3
30350.3
30350.3
30350.3
30350.3
30350.3
30350.3
30350.3
30350.3
30350.3
30350.3
30350.3
30350.3
30350.3
30350.3
30350.3
30350.3
30350.3
30350.3
30350.3
30350.3
30350.3
30350.3
30350.3
30350.3
30350.3
30350.3
30350.3
30350.3
30350.3
30350.3
30350.3
30350.3
30350.3
30350.3
30350.3
30350.3
30350.3
30350.3
30350.3
30350.3
30350.3
30350.3
30350.3
30350.3
30350.3
30350.3
30350.3
30350.3
30350.3
30350.3
30350.3
30350.3
30350.3
30350.3
30350.3
30350.3
30350.3
30350.3
30350.3
30350.3
30350.3
30350.3
30350.3
30350.3
30350.3
30350.3
30350.3
30350.3
30350.3
30350.3
30350.3
30350.3
30350.3
30350.3
30350.3
30350.3
30350.3
30350.3
30350.3
30350.3
30350.3
30350.3
30350.3
30350.3
30350.3
30350.3
30350.3
30350.3
30350.3
30350.3
30350.3
30350.3
30350.3
30350.3
30350.3
30350.3
30350.3
30350.3
30350.3
30350.3
30350.3
30350.3
30350.3
30350.3
30350.3
30350.3
30350.3
30350.3
30350.3
30350.3
30350.3
30350.3
30350.3
30350.3
30350.3
30350.3
30350.3
30350.3
30350.3
30350.3
30350.3
30350.3
30350.3
30350.3
30350.3
30350.3
30350.3
30350.3
30350.2
30350.2
30350.2
30350.2
30350.2
30350.2
30350.2
30350.2
30350.2
30350.2
30350.2
30350.2
30350.2
30350.2
30350.2
30350.2
30350.2
30350.2
30350.2
30350.2
30350.2
30350.2
30350.2
30350.2
30350.2
30350.2
30350.2
30350.2
30350.2
30350.2
30350.2
30350.2
30350.2
30350.2
30350.2
30350.2
30350.2
30350.2
30350.2
30350.2
30350.2
30350.2
30350.2
30350.2
30350.2
30350.2
30350.2
30350.2
30350.2
30350.2
30350.2
30350.2
30350.2
30350.2
30350.2
30350.2
30350.2
30350.2
30350.2
30350.2
30350.2
30350.2
30350.2
30350.2
30350.2
30350.2
30350.2
30350.2
30350.2
30350.2
30350.2
30350.2
30350.2
30350.2
30350.2
30350.2
30350.2
30350.2
30350.2
30350.2
30350.2
30350.2
30350.2
30350.2
30350.2
30350.2
30350.2
30350.2
30350.2
30350.2
30350.2
30350.2
30350.2
30350.2
30350.2
30350.2
30350.2
30350.2
30350.2
30350.2
30350.2
30350.2
30350.2
30350.2
30350.2
30350.2
30350.2
30350.2
30350.2
30350.2
30350.2
30350.2
30350.2
30350.2
30350.2
30350.2
30350.2
30350.2
30350.2
30350.2
30350.2
30350.2
30350.2
30350.2
30350.2
30350.2
30350.2
30350.2
30350.2
30350.2
30350.2
30350.2
30350.2
30350.2
30350.2
30350.2
30350.2
30350.2
30350.2
30350.2
30350.2
30350.2
30350.2
30350.2
30350.2
30350.2
30350.2
30350.2
30350.2
30350.2
30350.2
30350.2
30350.2
30350.2
30350.2
30350.2
30350.2
30350.2
30350.2
30350.2
30350.2
30350.2
30350.2
30350.2
30350.2
30350.2
30350.2
30350.2
30350.2
30350.2
30350.2
30350.2
30350.2
30350.2
30350.2
30350.2
30350.2
30350.2
30350.2
30350.2
30350.2
30350.2
30350.2
30350.2
30350.2
30350.2
30350.2
30350.2
30350.2
30350.2
30350.2
30350.2
30350.2
30350.2
30350.2
30350.2
30350.2
30350.2
30350.2
30350.2
30350.2
30350.2
30350.2
30350.2
30350.2
30350.2
30350.2
30350.2
30350.2
30350.2
30350.2
30350.2
30350.2
30350.2
30350.2
30350.2
30350.2
30350.2
30350.2
30350.2
30350.2
30350.2
30350.2
30350.2
30350.2
30350.2
30350.2
30350.2
30350.2
30350.2
30350.2
30350.2
30350.2
30350.2
30350.2
30350.2
30350.2
30350.2
30350.2
30350.2
30350.2
30350.2
30350.2
30350.2
30350.2
30350.2
30350.2
30350.2
30350.2
30350.2
30350.2
30350.2
30350.2
30350.2
30350.2
30350.2
30350.2
30350.2
30350.2
30350.2
30350.2
30350.2
30350.2
30350.2
30350.2
30350.2
30350.2
30350.2
30350.2
30350.2
30350.2
30350.2
30350.2
30350.2
30350.2
30350.2
30350.2
30350.2
30350.2
30350.2
30350.2
30350.2
30350.2
30350.2
30350.2
30350.2
30350.2
30350.2
30350.2
30350.2
30350.2
30350.2
30350.2
30350.2
30350.2
30350.2
30350.2
30350.2
30350.2
30350.2
30350.2
30350.2
30350.2
30350.2
30350.2
30350.2
30350.2
30350.2
30350.2
30350.2
30350.2
30350.2
30350.2
30350.2
30350.2
30350.2
30350.2
30350.2
30350.2
30350.2
30350.2
30350.2
30350.2
30350.2
30350.2
30350.2
30350.2
30350.2
30350.2
30350.2
30350.2
30350.2
30350.2
30350.2
30350.2
30350.2
30350.2
30350.2
30350.2
30350.2
30350.2
30350.2
30350.2
30350.2
30350.2
30350.2
30350.2
30350.2
30350.2
30350.2
30350.2
30350.2
30350.2
30350.2
30350.2
30350.2
30350.2
30350.2
30350.2
30350.2
30350.2
30350.2
30350.2
30350.2
30350.2
30350.2
30350.2
30350.2
30350.2
30350.2
30350.2
30350.2
30350.2
30350.2
30350.2
30350.2
30350.2
30350.2
30350.2
30350.2
30350.2
30350.2
30350.2
30350.2
30350.2
30350.2
30350.2
30350.2
30350.2
30350.2
30350.2
30350.2
30350.2
30350.2
30350.2
30350.2
30350.2
30350.2
30350.2
30350.2
30350.2
30350.2
30350.2
30350.2
30350.2
30350.2
30350.2
30350.2
30350.2
30350.2
30350.2
30350.2
30350.2
30350.2
30350.2
30350.2
30350.2
30350.2
30350.2
30350.2
30350.2
30350.2
30350.2
30350.2
30350.2
30350.2
30350.2
30350.2
30350.2
30350.2
30350.2
30350.2
30350.2
30350.2
30350.2
30350.2
30350.2
30350.2
30350.2
30350.2
30350.2
30350.2
30350.2
30350.2
30350.2
30350.2
30350.2
30350.2
30350.2
30350.2
30350.2
30350.2
30350.2
30350.2
30350.2
30350.2
30350.2
30350.2
30350.2
30350.2
30350.2
30350.2
30350.1
30350.1
30350.1
30350.1
30350.1
30350.1
30350.1
30350.1
30350.1
30350.1
30350.1
30350.1
30350.1
30350.1
30350.1
30350.1
30350.1
30350.1
30350.1
30350.1
30350.1
30350.1
30350.1
30350.1
30350.1
30350.1
30350.1
30350.1
30350.1
30350.1
30350.1
30350.1
30350.1
30350.1
30350.1
30350.1
30350.1
30350.1
30350.1
30350.1
30350.2
30350.2
30350.2
30350.2
30350.2
30350.2
30350.2
30350.2
30350.2
30350.2
30350.2
30350.2
30350.2
30350.2
30350.2
30350.2
30350.2
30350.2
30350.2
30350.2
30350.2
30350.2
30350.2
30350.2
30350.2
30350.2
30350.2
30350.2
30350.2
30350.2
30350.2
30350.2
30350.2
30350.2
30350.2
30350.2
30350.2
30350.2
30350.2
30350.2
30350.2
30350.2
30350.2
30350.2
30350.2
30350.2
30350.2
30350.2
30350.2
30350.2
30350.2
30350.2
30350.2
30350.2
30350.2
30350.2
30350.2
30350.2
30350.2
30350.2
30350.2
30350.2
30350.2
30350.2
30350.2
30350.2
30350.2
30350.2
30350.2
30350.2
30350.2
30350.2
30350.2
30350.2
30350.2
30350.2
30350.2
30350.2
30350.2
30350.2
30350.2
30350.2
30350.2
30350.2
30350.2
30350.2
30350.2
30350.2
30350.2
30350.2
30350.2
30350.2
30350.2
30350.2
30350.2
30350.2
30350.2
30350.2
30350.2
30350.2
30350.2
30350.2
30350.2
30350.2
30350.2
30350.2
30350.2
30350.2
30350.2
30350.2
30350.2
30350.2
30350.2
30350.2
30350.2
30350.2
30350.2
30350.2
30350.2
30350.2
30350.2
30350.2
30350.2
30350.2
30350.2
30350.2
30350.2
30350.2
30350.2
30350.2
30350.2
30350.2
30350.2
30350.2
30350.2
30350.2
30350.2
30350.2
30350.2
30350.2
30350.2
30350.2
30350.2
30350.2
30350.2
30350.2
30350.2
30350.2
30350.2
30350.2
30350.2
30350.2
30350.2
30350.2
30350.2
30350.2
30350.2
30350.2
30350.2
30350.2
30350.2
30350.2
30350.2
30350.2
30350.2
30350.2
30350.2
30350.2
30350.2
30350.2
30350.2
30350.2
30350.2
30350.2
30350.2
30350.2
30350.2
30350.2
30350.2
30350.2
30350.2
30350.2
30350.2
30350.2
30350.2
30350.2
30350.2
30350.2
30350.2
30350.2
30350.2
30350.2
30350.2
30350.2
30350.2
30350.2
30350.2
30350.2
30350.2
30350.2
30350.2
30350.2
30350.2
30350.2
30350.2
30350.2
30350.2
30350.2
30350.2
30350.2
30350.2
30350.2
30350.2
30350.2
30350.2
30350.2
30350.2
30350.2
30350.2
30350.2
30350.2
30350.2
30350.2
30350.2
30350.2
30350.2
30350.2
30350.2
30350.2
30350.2
30350.2
30350.2
30350.2
30350.2
30350.2
30350.2
30350.2
30350.2
30350.2
30350.2
30350.2
30350.2
30350.2
30350.1
30350.1
30350.1
30350.1
30350.1
30350.1
30350.1
30350.1
30350.1
30350.1
30350.1
30350.1
30350.1
30350.1
30350.1
30350.1
30350.1
30350.1
30350.1
30350.1
30350.1
30350.1
30350.1
30350.1
30350.1
30350.1
30350.1
30350.1
30350.1
30350.1
30350.1
30350.1
30350.1
30350.1
30350.1
30350.1
30350.1
30350.1
30350.1
30350.1
30350.1
30350.1
30350.1
30350.1
30350.1
30350.1
30350.1
30350.1
30350.1
30350.1
30350.1
30350.1
30350.1
30350.1
30350.1
30350.1
30350.1
30350.1
30350.1
30350.1
30350.1
30350.1
30350.1
30350.1
30350.1
30350.1
30350.1
30350.1
30350.1
30350.1
30350.1
30350.1
30350.1
30350.1
30350.1
30350.1
30350.1
30350.1
30350.1
30350.1
30350.1
30350.1
30350.1
30350.1
30350.1
30350.1
30350.1
30350.1
30350.1
30350.1
30350.1
30350.1
30350.1
30350.1
30350.1
30350.1
30350.1
30350.1
30350.1
30350.1
30350.1
30350.1
30350.1
30350.1
30350.1
30350.1
30350.1
30350.1
30350.1
30350.1
30350.1
30350.1
30350.1
30350.1
30350.1
30350.1
30350.1
30350.1
30350.1
30350.1
30350.1
30350.1
30350.1
30350.1
30350.1
30350.1
30350.1
30350.1
30350.1
30350.1
30350.1
30350.1
30350.1
30350.1
30350.1
30350.1
30350.1
30350.1
30350.1
30350.1
30350.1
30350.1
30350.1
30350.1
30350.1
30350.1
30350.1
30350.1
30350.1
30350.1
30350.1
30350.1
30350.1
30350.1
30350.1
30350.1
30350.1
30350.1
30350.1
30350.1
30350.1
30350.1
30350.1
30350.1
30350.1
30350.1
30350.1
30350.1
30350.1
30350.1
30350.1
30350.1
30350.1
30350.1
30350.1
30350.1
30350.1
30350.1
30350.1
30350.1
30350.1
30350.1
30350.1
30350.1
30350.1
30350.1
30350.1
30350.1
30350.1
30350.1
30350.1
30350.1
30350.1
30350.1
30350.1
30350.1
30350.1
30350.1
30350.1
30350.1
30350.1
30350.1
30350.1
30350.1
30350.1
30350.1
30350.1
30350.1
30350.1
30350.1
30350.1
30350.1
30350.1
30350.1
30350.1
30350.1
30350.1
30350.1
30350.1
30350.1
30350.1
30350.1
30350.1
30350.1
30350.1
30350.1
30350.1
30350.1
30350.1
30350.1
30350.1
30350.1
30350.1
30350.1
30350.1
30350.1
30350.1
30350.1
30350.1
30350.1
30350.1
30350.1
30350.1
30350.1
30350.1
30350.1
30350.1
30350.1
30350.1
30350.1
30350.1
30350.1
30350.1
30350.1
30350.1
30350.1
30350.1
30350.1
30350.1
30350.1
30350.1
30350.1
30350.1
30350.1
30350.1
30350.1
30350.1
30350.1
30350.1
30350.1
30350.1
30350.1
30350.1
30350.1
30350.1
30350.1
30350.1
30350.1
30350.1
30350.1
30350.1
30350.1
30350.1
30350.1
30350.1
30350.1
30350.1
30350.1
30350.1
30350.1
30350.1
30350.1
30350.1
30350.1
30350.1
30350.1
30350.1
30350.1
30350.1
30350.1
30350.1
30350.1
30350.1
30350.1
30350.1
30350.1
30350.1
30350.1
30350.1
30350.1
30350.1
30350.1
30350.1
30350.1
30350.1
30350.1
30350.1
30350.1
30350.1
30350.1
30350.1
30350.1
30350.1
30350.1
30350.1
30350.1
30350.1
30350.1
30350.1
30350.1
30350.1
30350.1
30350.1
30350.1
30350.1
30350.1
30350.1
30350.1
30350.1
30350.1
30350.1
30350.1
30350.1
30350.1
30350.1
30350.1
30350.1
30350.1
30350.1
30350.1
30350.1
30350.1
30350.1
30350.1
30350.1
30350.1
30350.1
30350.1
30350.1
30350.1
30350.1
30350.1
30350.1
30350.1
30350.1
30350.1
30350.1
30350.1
30350.1
30350.1
30350.1
30350.1
30350.1
30350.1
30350.1
30350.1
30350.1
30350.1
30350.1
30350.1
30350.1
30350.1
30350.1
30350.1
30350.1
30350.1
30350.1
30350.1
30350.1
30350.1
30350.1
30350.1
30350.1
30350.1
30350.1
30350.1
30350.1
30350.1
30350.1
30350.1
30350.1
30350.1
30350.1
30350.1
30350.1
30350.1
30350.1
30350.1
30350.1
30350.1
30350.1
30350.1
30350.1
30350.1
30350.1
30350.1
30350.1
30350.1
30350.1
30350.1
30350.1
30350.1
30350.1
30350.1
30350.1
30350.1
30350.1
30350.1
30350.1
30350.1
30350.1
30350.1
30350.1
30350.1
30350.1
30350.1
30350.1
30350.1
30350.1
30350.1
30350.1
30350.1
30350.1
30350.1
30350.1
30350.1
30350.1
30350.1
30350.1
30350.1
30350.1
30350.1
30350.1
30350.1
30350.1
30350.1
30350.1
30350.1
30350.1
30350.1
30350.1
30350.1
30350.1
30350.1
30350.1
30350.1
30350.1
30350.1
30350.1
30350.1
30350.1
30350.1
30350.1
30350.1
30350.1
30350.1
30350.1
30350.1
30350.1
30350.1
30350.1
30350.1
30350.1
30350
30350
30350
30350
30350
30350
30350
30350
30350
30350
30350
30350
30350
30350
30350
30350
30350
30350
30350.1
30350.1
30350.1
30350.1
30350.1
30350
30350
30350
30350
30350
30350
30350
30350
30350
30350
30350
30350
30350
30350
30350
30350
30350
30350
30350
30350
30350
30350
30350
30350
30350
30350
30350
30350
30350
30350
30350
30350
30350
30350
30350
30350
30350
30350
30350
30350
30350
30350
30350
30350
30350
30350
30350
30350
30350
30350
30350
30350
30350
30350
30350
30350
30350
30350
30350
30350
30350
30350
30350
30350
30350
30350
30350
30350
30350
30350
30350
30350
30350
30350
30350
30350
30350
30350
30350
30350
30350
30350
30350
30350
30350
30350
30350
30350
30350
30350
30350
30350
30350
30350
30350
30350
30350
30350
30350
30350
30350
30350
30350
30350
30350
30350
30350
30350
30350
30350
30350
30350
30350
30350
30350
30350
30350
30350
30350
30350
30350
30350
30350
30350
30350
30350
30350
30350
30350
30350
30350
30350
30350
30350
30350
30350
30350
30350
30350
30350
30350
30350
30350
30350
30350
30350
30350
30350
30350
30350
30349.9
30349.9
30349.9
30349.9
30349.9
30349.9
30349.9
30349.9
30349.9
30350
30350
30350
30350
30350
30350
30350
30350
30350
30350
30350
30350
30350
30349.9
30349.9
30349.9
30349.9
30349.9
30349.9
30349.9
30349.9
30350
30350
30350
30350
30350
30350
30350
30350
30350
30350
30350
30350
30349.9
30349.9
30349.9
30349.9
30349.9
30349.9
30349.9
30349.9
30349.9
30349.9
30349.9
30350
30350
30350
30350
30350
30350
30350
30350
30350
30349.9
30349.9
30349.9
30349.8
30349.8
30349.8
30349.8
30349.8
30349.8
30349.9
30349.9
30349.9
30350
30350
30350
30350
30350
30350
30350
30350
30350
30349.9
30349.9
30349.9
30349.8
30349.8
30349.8
30349.8
30349.8
30349.8
30349.9
30349.9
30349.9
30349.9
30350
30350
30350
30350
30350
30350
30350
30350
30350
30349.9
30349.9
30349.8
30349.7
30349.7
30349.6
30349.6
30349.6
30349.7
30349.7
30349.7
30349.7
30349.7
30349.6
30349.3
30348.5
30346.9
30343.9
30337.4
30324.9
30298.8
30246
30136.4
29891.9
29339.7
28034.8
25275.8
20601.9
15844.7
12474.8
10820.1
10228.9
10058.9
10014.8
10003.7
10000.9
10000.2
10000.1
10000
10000
10000
10000
10000
10000
10000
10000
10000
10000
10000
10000
10000
10000
10000
10000
10000
10000
10000
10000
10000
10000
10000
10000
10000
10000
10000
10000
10000
10000
10000
10000
10000
10000
10000
10000
10000
10000
10000
10000
10000
10000
10000
10000
10000
10000
10000
10000
10000
10000
10000
10000
10000
10000
10000
10000
10000
10000
10000
10000
10000
10000
10000
10000
10000
10000
10000
10000
10000
10000
10000
10000
10000
10000
10000
10000
10000
10000
10000
10000
10000
10000
10000
10000
10000
10000
10000
10000
10000
10000
10000
10000
10000
10000
10000
10000
10000
10000
10000
10000
10000
10000
10000
10000
10000
10000
10000
10000
10000
10000
10000
10000
10000
10000
10000
10000
10000
10000
10000
10000
10000
10000
10000
10000
10000
10000
10000
10000
10000
10000
10000
10000
10000
10000
10000
10000
10000
10000
10000
10000
10000
10000
10000
10000
10000
10000
10000
10000
10000
10000
10000
10000
10000
10000
10000
10000
10000
10000
10000
10000
10000
10000
10000
10000
10000
10000
10000
10000
10000
10000
10000
10000
10000
10000
10000
10000
10000
10000
10000
10000
10000
10000
10000
10000
10000
10000
10000
10000
10000
10000
10000
10000
10000
10000
10000
10000
10000
10000
10000
10000
10000
10000
10000
10000
10000
10000
10000
10000
10000
10000
10000
10000
10000
10000
10000
10000
10000
10000
10000
10000
10000
10000
10000
10000
10000
10000
10000
10000
10000
10000
10000
10000
10000
10000
10000
10000
10000
10000
10000
10000
10000
10000
10000
10000
10000
10000
10000
10000
10000
10000
10000
10000
10000
10000
10000
10000
10000
10000
10000
10000
10000
10000
10000
10000
10000
10000
10000
10000
10000
10000
10000
10000
10000
10000
10000
10000
10000
10000
10000
10000
10000
10000
10000
10000
10000
10000
10000
10000
10000
10000
10000
10000
10000
10000
10000
10000
10000
10000
10000
10000
10000
10000
10000
10000
10000
10000
10000
10000
10000
10000
10000
10000
10000
10000
10000
10000
10000
10000
10000
10000
10000
10000
10000
10000
10000
10000
10000
10000
10000
10000
10000
10000
10000
10000
10000
10000
10000
10000
10000
10000
10000
10000
10000
10000
10000
10000
10000
10000
10000
10000
10000
10000
10000
10000
10000
10000
10000
10000
10000
10000
10000
10000
10000
10000
10000
10000
10000
10000
10000
10000
10000
10000
10000
10000
10000
10000
10000
10000
10000
10000
10000
10000
10000
10000
10000
10000
10000
10000
10000
10000
10000
10000
10000
10000
10000
10000
10000
10000
10000
10000
10000
10000
10000
10000
10000
10000
10000
10000
10000
10000
10000
10000
10000
10000
10000
10000
10000
10000
10000
10000
10000
10000
10000
10000
10000
10000
10000
10000
10000
10000
10000
10000
10000
10000
10000
10000
10000
10000
10000
10000
10000
10000
10000
10000
10000
10000
10000
10000
10000
10000
10000
10000
10000
10000
10000
10000
10000
10000
10000
10000
10000
10000
10000
10000
10000
10000
10000
10000
10000
10000
10000
10000
10000
10000
10000
10000
10000
10000
10000
10000
10000
10000
10000
10000
10000
10000
10000
10000
10000
10000
10000
10000
10000
10000
10000
10000
10000
10000
10000
10000
10000
10000
10000
10000
10000
10000
10000
10000
10000
10000
10000
10000
10000
10000
10000
10000
10000
10000
10000
10000
10000
10000
10000
10000
10000
10000
10000
10000
10000
10000
10000
10000
10000
10000
10000
10000
10000
10000
10000
10000
10000
10000
10000
10000
10000
10000
10000
10000
10000
10000
10000
10000
10000
10000
10000
10000
10000
10000
10000
10000
10000
10000
10000
10000
10000
10000
10000
10000
10000
10000
10000
10000
10000
10000
10000
10000
10000
10000
10000
10000
10000
10000
10000
10000
10000
10000
10000
10000
10000
10000
10000
10000
10000
10000
10000
10000
10000
10000
10000
10000
10000
10000
10000
10000
10000
10000
10000
10000
10000
10000
10000
10000
10000
10000
10000
10000
10000
10000
10000
10000
10000
10000
10000
10000
10000
10000
10000
10000
10000
10000
10000
10000
10000
10000
10000
10000
10000
10000
10000
10000
10000
10000
10000
10000
10000
10000
10000
10000
10000
10000
10000
10000
10000
10000
10000
10000
10000
10000
10000
10000
10000
10000
10000
10000
10000
10000
10000
10000
10000
10000
10000
10000
10000
10000
10000
10000
10000
10000
10000
10000
10000
10000
10000
10000
10000
10000
10000
10000
10000
10000
10000
10000
10000
10000
10000
10000
10000
10000
10000
10000
10000
10000
10000
10000
10000
10000
10000
10000
10000
10000
10000
10000
10000
10000
10000
10000
10000
10000
10000
10000
10000
10000
10000
10000
10000
10000
10000
10000
10000
10000
10000
10000
10000
10000
10000
10000
10000
10000
10000
10000
10000
10000
10000
10000
10000
10000
10000
10000
10000
10000
10000
10000
10000
10000
10000
10000
10000
10000
10000
10000
10000
10000
10000
10000
10000
10000
10000
10000
10000
10000
10000
10000
10000
10000
10000
10000
10000
10000
10000
10000
10000
10000
10000
10000
10000
10000
10000
10000
10000
10000
10000
10000
10000
10000
10000
10000
10000
10000
10000
10000
10000
10000
10000
10000
10000
10000
10000
10000
10000
10000
10000
10000
10000
10000
10000
10000
10000
10000
10000
10000
10000
10000
10000
10000
10000
10000
10000
10000
10000
10000
10000
10000
10000
10000
10000
10000
10000
10000
10000
10000
10000
10000
10000
10000
10000
10000
10000
10000
10000
10000
10000
10000
10000
10000
10000
10000
10000
10000
10000
10000
10000
10000
10000
10000
10000
10000
10000
10000
10000
10000
10000
10000
10000
10000
10000
10000
10000
10000
10000
10000
10000
10000
10000
10000
10000
10000
10000
10000
10000
10000
10000
10000
10000
10000
10000
10000
10000
10000
10000
10000
10000
10000
10000
10000
10000
10000
10000
10000
10000
10000
10000
10000
10000
10000
10000
10000
10000
10000
10000
10000
10000
10000
10000
10000
10000
10000
10000
10000
10000
10000
10000
10000
10000
10000
10000
10000
10000
10000
10000
10000
10000
10000
10000
10000
10000
10000
10000
10000
10000
10000
10000
10000
10000
10000
10000
10000
10000
10000
10000
10000
10000
10000
10000
10000
10000
10000
10000
10000
10000
10000
10000
10000
10000
10000
10000
10000
10000
10000
10000
10000
10000
10000
10000
10000
10000
10000
10000
10000
10000
10000
10000
10000
10000
10000
10000
10000
10000
10000
10000
10000
10000
10000
10000
10000
10000
10000
10000
10000
10000
10000
10000
10000
10000
10000
10000
10000
10000
10000
10000
10000
10000
10000
10000
10000
10000
10000
10000
10000
10000
10000
10000
10000
10000
10000
10000
10000
10000
10000
10000
10000
10000
10000
10000
10000
10000
10000
10000
10000
10000
10000
10000
10000
10000
10000
10000
10000
10000
10000
10000
10000
10000
10000
10000
10000
10000
10000
10000
10000
10000
10000
10000
10000
10000
10000
10000
10000
10000
10000
10000
10000
10000
10000
10000
10000
10000
10000
10000
10000
10000
10000
10000
10000
10000
10000
10000
10000
10000
10000
10000
10000
10000
10000
10000
10000
10000
10000
10000
10000
10000
10000
10000
10000
10000
10000
10000
10000
10000
10000
10000
10000
10000
10000
10000
10000
10000
10000
10000
10000
10000
10000
10000
10000
10000
10000
10000
10000
10000
10000
10000
10000
10000
10000
10000
10000
10000
10000
10000
10000
10000
10000
10000
10000
10000
10000
10000
10000
10000
10000
10000
10000
10000
10000
10000
10000
10000
10000
10000
10000
10000
10000
10000
10000
10000
10000
10000
10000
10000
10000
10000
10000
10000
10000
10000
10000
10000
10000
10000
10000
10000
10000
10000
10000
10000
10000
10000
10000
10000
10000
10000
10000
10000
10000
10000
10000
10000
10000
10000
10000
10000
10000
10000
10000
10000
10000
10000
10000
10000
10000
10000
10000
10000
10000
10000
10000
10000
10000
10000
10000
10000
10000
10000
10000
10000
10000
10000
10000
10000
10000
10000
10000
10000
10000
10000
10000
10000
10000
10000
10000
10000
10000
10000
10000
10000
10000
10000
10000
10000
10000
10000
10000
10000
10000
10000
10000
10000
10000
10000
10000
10000
10000
10000
10000
10000
10000
10000
10000
10000
10000
10000
10000
10000
10000
10000
10000
10000
10000
10000
10000
10000
10000
10000
10000
10000
10000
10000
10000
10000
10000
10000
10000
10000
10000
10000
10000
10000
10000
10000
10000
10000
10000
10000
10000
10000
10000
10000
10000
10000
10000
10000
10000
10000
10000
10000
10000
10000
10000
10000
10000
10000
10000
10000
10000
10000
10000
10000
10000
10000
10000
10000
10000
10000
10000
10000
10000
10000
10000
10000
10000
10000
10000
10000
10000
10000
10000
10000
10000
10000
10000
10000
10000
10000
10000
10000
10000
10000
10000
10000
10000
10000
10000
10000
10000
10000
10000
10000
10000
10000
10000
10000
10000
10000
10000
10000
10000
10000
10000
10000
10000
10000
10000
10000
10000
10000
10000
10000
10000
10000
10000
10000
10000
10000
10000
10000
10000
10000
10000
10000
10000
10000
10000
10000
10000
10000
10000
10000
10000
10000
10000
10000
10000
10000
10000
10000
10000
10000
10000
10000
10000
10000
10000
10000
10000
10000
10000
10000
10000
10000
10000
10000
10000
10000
10000
10000
10000
10000
10000
10000
10000
10000
10000
10000
10000
10000
10000
10000
10000
10000
10000
10000
10000
10000
10000
10000
10000
10000
10000
10000
10000
10000
10000
10000
10000
10000
10000
10000
10000
10000
10000
10000
10000
10000
10000
10000
10000
10000
10000
10000
10000
10000
10000
10000
10000
10000
10000
10000
10000
10000
10000
10000
10000
10000
10000
10000
10000
10000
10000
10000
10000
10000
10000
10000
10000
10000
10000
10000
10000
10000
10000
10000
10000
10000
10000
10000
10000
10000
10000
10000
10000
10000
10000
10000
10000
10000
10000
10000
10000
10000
10000
10000
10000
10000
10000
10000
10000
10000
10000
10000
10000
10000
10000
10000
10000
10000
10000
10000
10000
10000
10000
10000
10000
10000
10000
10000
10000
10000
10000
10000
10000
10000
10000
10000
10000
10000
10000
10000
10000
10000
10000
10000
10000
10000
10000
10000
10000
10000
10000
10000
10000
10000
10000
10000
10000
10000
10000
10000
10000
10000
10000
10000
10000
10000
10000
10000
10000
10000
10000
10000
10000
10000
10000
10000
10000
10000
10000
10000
10000
10000
10000
10000
10000
10000
10000
10000
10000
10000
10000
10000
10000
10000
10000
10000
10000
10000
10000
10000
10000
10000
10000
10000
10000
10000
10000
10000
10000
10000
10000
10000
10000
10000
10000
10000
10000
10000
10000
10000
10000
10000
10000
10000
10000
10000
10000
10000
10000
10000
10000
10000
10000
10000
10000
10000
10000
10000
10000
10000
10000
10000
10000
10000
10000
10000
10000
10000
10000
10000
10000
10000
10000
10000
10000
10000
10000
10000
10000
10000
10000
10000
10000
10000
10000
10000
10000
10000
10000
10000
10000
10000
10000
10000
10000
10000
10000
10000
10000
10000
10000
10000
10000
10000
10000
10000
10000
10000
10000
10000
10000
10000
10000
10000
10000
10000
10000
10000
10000
10000
10000
10000
10000
10000
10000
10000
10000
10000
10000
10000
10000
10000
10000
10000
10000
10000
10000
10000
10000
10000
10000
10000
10000
10000
10000
10000
10000
10000
10000
10000
10000
10000
10000
10000
10000
10000
10000
10000
10000
10000
10000
10000
10000
10000
10000
10000
10000
10000
10000
10000
10000
10000
10000
10000
10000
10000
10000
10000
10000
10000
10000
10000
10000
10000
10000
10000
10000
10000
10000
10000
10000
10000
10000
10000
10000
10000
10000
10000
10000
10000
10000
10000
10000
10000
10000
10000
10000
10000
10000
10000
10000
10000
10000
10000
10000
10000
10000
10000
10000
10000
10000
10000
10000
10000
10000
10000
10000
10000
10000
10000
10000
10000
10000
10000
10000
10000
10000
10000
10000
10000
10000
10000
10000
10000
10000
10000
10000
10000
10000
10000
10000
10000
10000
10000
10000
10000
10000
10000
10000
10000
10000
10000
10000
10000
10000
10000
10000
10000
10000
10000
10000
10000
10000
10000
10000
10000
10000
10000
10000
10000
10000
10000
10000
10000
10000
10000
10000
10000
10000
10000
10000
10000
10000
10000
10000
10000
10000
10000
10000
10000
10000
10000
10000
10000
10000
10000
10000
10000
10000
10000
10000
10000
10000
10000
10000
10000
10000
10000
10000
10000
10000
10000
10000
10000
10000
10000
10000
10000
10000
10000
10000
10000
10000
10000
10000
10000
10000
10000
10000
10000
10000
10000
10000
10000
10000
10000
10000
10000
10000
10000
10000
10000
10000
10000
10000
10000
10000
10000
10000
10000
10000
10000
10000
10000
10000
10000
10000
10000
10000
10000
10000
10000
10000
10000
10000
10000
10000
10000
10000
10000
10000
10000
10000
10000
10000
10000
10000
10000
10000
10000
10000
10000
10000
10000
10000
10000
10000
10000
10000
10000
10000
10000
10000
10000
10000
10000
10000
10000
10000
10000
10000
10000
10000
10000
10000
10000
10000
10000
10000
10000
10000
10000
10000
10000
10000
10000
10000
10000
10000
10000
10000
10000
10000
10000
10000
10000
10000
10000
10000
10000
10000
10000
10000
10000
10000
10000
10000
10000
10000
10000
10000
10000
10000
10000
10000
10000
10000
10000
10000
10000
10000
10000
10000
10000
10000
10000
10000
10000
10000
10000
10000
10000
10000
10000
10000
10000
10000
10000
10000
10000
10000
10000
10000
10000
10000
10000
10000
10000
10000
10000
10000
10000
10000
10000
10000
10000
10000
10000
10000
10000
10000
10000
10000
10000
10000
10000
10000
10000
10000
10000
10000
10000
10000
10000
10000
10000
10000
10000
10000
10000
10000
10000
10000
10000
10000
10000
10000
10000
10000
10000
10000
10000
10000
10000
10000
10000
10000
10000
10000
10000
10000
10000
10000
10000
10000
10000
10000
10000
10000
10000
10000
10000
10000
10000
10000
10000
10000
10000
10000
10000
10000
10000
10000
10000
10000
10000
10000
10000
10000
10000
10000
10000
10000
10000
10000
10000
10000
10000
10000
10000
10000
10000
10000
10000
10000
10000
10000
10000
10000
10000
10000
10000
10000
10000
10000
10000
10000
10000
10000
10000
10000
10000
10000
10000
10000
10000
10000
10000
10000
10000
10000
10000
10000
10000
10000
10000
10000
10000
10000
10000
10000
10000
10000
10000
10000
10000
10000
10000
10000
10000
10000
10000
10000
10000
10000
10000
10000
10000
10000
10000
10000
10000
10000
10000
10000
10000
10000
10000
10000
10000
10000
10000
10000
10000
10000
10000
10000
10000
10000
10000
10000
10000
10000
10000
10000
10000
10000
10000
10000
10000
10000
10000
10000
10000
10000
10000
10000
10000
10000
10000
10000
10000
10000
10000
10000
10000
10000
10000
10000
10000
10000
10000
10000
10000
10000
10000
10000
10000
10000
10000
10000
10000
10000
10000
10000
10000
10000
10000
10000
10000
10000
10000
10000
10000
10000
10000
10000
10000
10000
10000
10000
10000
10000
10000
10000
10000
10000
10000
10000
10000
10000
10000
10000
10000
10000
10000
10000
10000
10000
10000
10000
10000
10000
10000
10000
10000
10000
10000
10000
10000
10000
10000
10000
10000
10000
10000
10000
10000
10000
10000
10000
10000
10000
10000
10000
10000
10000
10000
10000
10000
10000
10000
10000
10000
10000
10000
10000
10000
10000
10000
10000
10000
10000
10000
10000
10000
10000
10000
10000
10000
10000
10000
10000
10000
10000
10000
10000
10000
10000
10000
10000
10000
10000
10000
10000
10000
10000
10000
10000
10000
10000
10000
10000
10000
10000
10000
10000
10000
10000
10000
10000
10000
10000
10000
10000
10000
10000
10000
10000
10000
10000
10000
10000
10000
10000
10000
10000
10000
10000
10000
10000
10000
10000
10000
10000
10000
10000
10000
10000
10000
10000
10000
10000
10000
10000
10000
10000
10000
10000
10000
10000
10000
10000
10000
10000
10000
10000
10000
10000
10000
10000
10000
10000
10000
10000
10000
10000
10000
10000
10000
10000
10000
10000
10000
10000
10000
10000
10000
10000
10000
10000
10000
10000
10000
10000
10000
10000
10000
10000
10000
10000
10000
10000
10000
10000
10000
10000
10000
10000
10000
10000
10000
10000
10000
10000
10000
10000
10000
10000
10000
10000
10000
10000
10000
10000
10000
10000
10000
10000
10000
10000
10000
10000
10000
10000
10000
10000
10000
10000
10000
10000
10000
10000
10000
10000
10000
10000
10000
10000
10000
10000
10000
10000
10000
10000
10000
10000
10000
10000
10000
10000
10000
10000
10000
10000
10000
10000
10000
10000
10000
10000
10000
10000
10000
10000
10000
10000
10000
10000
10000
10000
10000
10000
10000
10000
10000
10000
10000
10000
10000
10000
10000
10000
10000
10000
10000
10000
10000
10000
10000
10000
10000
10000
10000
10000
10000
10000
10000
10000
10000
10000
10000
10000
10000
10000
10000
10000
10000
10000
10000
10000
10000
10000
10000
10000
10000
10000
10000
10000
10000
10000
10000
10000
10000
10000
10000
10000
10000
10000
10000
10000
10000
10000
10000
10000
10000
10000
10000
10000
10000
10000
10000
10000
10000
10000
10000
10000
10000
10000
10000
10000
10000
10000
10000
10000
10000
10000
10000
10000
10000
10000
10000
10000
10000
10000
10000
10000
10000
10000
10000
10000
10000
10000
10000
10000
10000
10000
10000
10000
10000
10000
10000
10000
10000
10000
10000
10000
10000
10000
10000
10000
10000
10000
10000
10000
10000
10000
10000
10000
10000
10000
10000
10000
10000
10000
10000
10000
10000
10000
10000
10000
10000
10000
10000
10000
10000
10000
10000
10000
10000
10000
10000
10000
10000
10000
10000
10000
10000
10000
10000
10000
10000
10000
10000
10000
10000
10000
10000
10000
10000
10000
10000
10000
10000
10000
10000
10000
10000
10000
10000
10000
10000
10000
10000
10000
10000
)
;

boundaryField
{
    sides
    {
        type            zeroGradient;
    }
    empty
    {
        type            empty;
    }
}


// ************************************************************************* //
