/*--------------------------------*- C++ -*----------------------------------*\
  =========                 |
  \\      /  F ield         | OpenFOAM: The Open Source CFD Toolbox
   \\    /   O peration     | Website:  https://openfoam.org
    \\  /    A nd           | Version:  9
     \\/     M anipulation  |
\*---------------------------------------------------------------------------*/
FoamFile
{
    format      ascii;
    class       volScalarField;
    location    "4";
    object      Ma;
}
// * * * * * * * * * * * * * * * * * * * * * * * * * * * * * * * * * * * * * //

dimensions      [0 0 0 0 0 0 0];

internalField   nonuniform List<scalar> 
5250
(
3
2.99997
2.99992
2.99975
2.99944
2.9984
2.99653
2.99034
2.97828
2.94259
2.86269
2.65187
2.1779
1.29323
0.534932
0.266797
0.323338
0.338845
0.305199
0.249783
0.198666
0.157705
0.116967
0.0726441
0.0399001
3
2.99997
2.99992
2.99976
2.99943
2.99845
2.99655
2.99048
2.97874
2.94325
2.86528
2.65707
2.18949
1.31068
0.544016
0.26776
0.325619
0.341949
0.308558
0.253993
0.204101
0.16447
0.125831
0.0864198
0.0624676
3
2.99997
2.99992
2.99977
2.99943
2.99855
2.99657
2.991
2.97918
2.94546
2.86963
2.66905
2.21424
1.35023
0.565271
0.272604
0.332721
0.350964
0.318479
0.26603
0.218806
0.18225
0.148133
0.116448
0.0998929
3
2.99998
2.99991
2.9998
2.99942
2.99873
2.99649
2.99206
2.97905
2.95053
2.87353
2.68943
2.25091
1.41281
0.598286
0.282151
0.344933
0.366015
0.33499
0.28535
0.241391
0.208461
0.179223
0.153737
0.141066
3
2.99998
2.99993
2.99979
2.99951
2.99872
2.99691
2.99233
2.98096
2.95343
2.88349
2.71078
2.30184
1.49808
0.642716
0.299656
0.363593
0.387537
0.358059
0.311543
0.270617
0.241214
0.216261
0.195429
0.185192
3
2.99998
2.99993
2.99983
2.99951
2.9989
2.99704
2.9932
2.9823
2.95792
2.89318
2.73766
2.36069
1.60594
0.700388
0.330638
0.391802
0.417001
0.388918
0.345268
0.307046
0.280677
0.259661
0.243011
0.235344
3
2.99998
2.99994
2.99983
2.99959
2.99894
2.99743
2.99366
2.9842
2.96165
2.90375
2.76273
2.42063
1.71693
0.763998
0.36707
0.424097
0.449044
0.42374
0.38454
0.3498
0.326969
0.310136
0.298377
0.29514
3
2.99999
2.99994
2.99986
2.99961
2.99907
2.99762
2.99423
2.98578
2.96458
2.91324
2.78324
2.46938
1.80612
0.832714
0.404789
0.450578
0.472167
0.454855
0.424224
0.395982
0.378825
0.368348
0.36416
0.370898
3
2.99999
2.99995
2.99986
2.99966
2.99914
2.99787
2.9948
2.9869
2.96856
2.92024
2.80471
2.51604
1.8972
0.927193
0.464608
0.471009
0.48606
0.482672
0.462785
0.444026
0.43503
0.43402
0.444116
0.473984
3
2.99999
2.99996
2.99989
2.99969
2.99924
2.99809
2.99529
2.98854
2.97105
2.92998
2.82363
2.56571
1.99451
1.04648
0.536233
0.486358
0.502099
0.509448
0.500225
0.492659
0.493946
0.50912
0.549007
0.650484
3
2.99999
2.99996
2.9999
2.99973
2.99934
2.99827
2.99604
2.98938
2.97585
2.93616
2.8479
2.61482
2.10136
1.19174
0.620444
0.503974
0.521317
0.536531
0.537301
0.540115
0.554727
0.592811
0.675774
0.844233
3
2.99999
2.99997
2.99991
2.99977
2.99942
2.99856
2.99651
2.9911
2.97898
2.94574
2.86959
2.67036
2.2185
1.37049
0.719452
0.529207
0.546277
0.565751
0.574602
0.586585
0.614567
0.671604
0.778273
0.960474
3
3
2.99997
2.99993
2.9998
2.99955
2.99873
2.99722
2.99244
2.98273
2.95502
2.8924
2.7277
2.34729
1.58721
0.835626
0.572684
0.584666
0.601787
0.615317
0.633451
0.670233
0.736133
0.844008
1.00333
3
3
2.99998
2.99994
2.99985
2.99959
2.9991
2.99747
2.99453
2.98487
2.96613
2.91095
2.78716
2.47513
1.83404
0.967872
0.63624
0.633886
0.645995
0.661762
0.681805
0.720486
0.785851
0.884242
1.02009
3.00001
3
2.99999
2.99995
2.99988
2.99968
2.99921
2.99809
2.99513
2.9886
2.97043
2.93029
2.82263
2.56876
2.00664
1.1099
0.704542
0.673055
0.686886
0.70477
0.727132
0.765193
0.825928
0.91277
1.0291
3.00001
3
2.99999
2.99996
2.99991
2.99973
2.9994
2.99838
2.99629
2.99034
2.97711
2.94223
2.85876
2.64796
2.17299
1.32177
0.809354
0.704419
0.716873
0.737416
0.765623
0.803543
0.85972
0.936202
1.03618
3.00001
3
2.99999
2.99997
2.99993
2.9998
2.99951
2.99879
2.99694
2.99277
2.98131
2.95609
2.88778
2.72664
2.33878
1.58397
0.940347
0.745984
0.748093
0.767722
0.79896
0.83688
0.888724
0.956909
1.04312
3.00001
3
3
2.99998
2.99995
2.99984
2.99965
2.99902
2.99787
2.99413
2.98699
2.9655
2.91951
2.79571
2.51108
1.90162
1.10253
0.812475
0.791506
0.80556
0.833879
0.870125
0.916511
0.976718
1.05142
3.00001
3
3
2.99999
2.99996
2.99989
2.99971
2.99931
2.99827
2.99575
2.98973
2.97414
2.93815
2.8444
2.62136
2.11932
1.28643
0.888191
0.828557
0.840574
0.865878
0.901477
0.943407
0.99625
1.06133
3.00001
3.00001
3
2.99999
2.99997
2.99992
2.99978
2.9995
2.99863
2.99702
2.99175
2.9818
2.9515
2.88628
2.71131
2.31808
1.55761
1.01562
0.87163
0.873189
0.893837
0.927884
0.968288
1.01546
1.07232
3.00001
3.00001
3
3
2.99998
2.99994
2.99986
2.9996
2.99913
2.99757
2.99476
2.98563
2.96793
2.91622
2.80111
2.51282
1.91497
1.18601
0.93684
0.913287
0.926464
0.955498
0.993469
1.03587
1.08525
3.00001
3.00001
3
3
2.99999
2.99996
2.99989
2.99975
2.9993
2.99842
2.99588
2.99032
2.97574
2.94121
2.85478
2.64546
2.17535
1.39238
1.01725
0.950774
0.959531
0.983423
1.01777
1.05615
1.10014
3.00001
3.00001
3.00001
3
2.99999
2.99998
2.99992
2.99982
2.9995
2.99891
2.99696
2.99342
2.98209
2.95947
2.89509
2.7487
2.39231
1.69869
1.15294
1.00078
0.993971
1.00901
1.03874
1.07574
1.11602
3.00001
3.00001
3.00001
3
3
2.99999
2.99995
2.99988
2.99966
2.99925
2.99795
2.99544
2.98801
2.97237
2.92975
2.83219
2.58931
2.06786
1.34794
1.07655
1.03343
1.04027
1.06283
1.09592
1.13272
3.00001
3.00001
3.00001
3.00001
3
2.99999
2.99997
2.99992
2.99978
2.99946
2.99866
2.99673
2.99211
2.98034
2.95311
2.88296
2.71662
2.32849
1.61735
1.18708
1.0773
1.07205
1.08558
1.11405
1.14953
3.00001
3.00001
3.00001
3.00001
3
3
2.99998
2.99995
2.99985
2.99966
2.99907
2.99796
2.99454
2.98772
2.96827
2.92577
2.81437
2.56005
2.00712
1.36282
1.14025
1.10795
1.11384
1.1357
1.16648
3.00001
3.00001
3.00001
3.00001
3
3
2.99999
2.99997
2.9999
2.99978
2.99938
2.99866
2.99632
2.99197
2.97864
2.95111
2.87572
2.70373
2.29965
1.6045
1.23221
1.14703
1.14297
1.15621
1.18233
3.00001
3.00001
3.00001
3.00001
3.00001
3
3
2.99998
2.99994
2.99984
2.99964
2.99902
2.99789
2.99421
2.98743
2.96651
2.9235
2.80649
2.54469
1.98097
1.39733
1.20383
1.17582
1.18162
1.20223
3.00001
3.00001
3.00001
3.00001
3.00001
3
3
2.99999
2.99997
2.9999
2.99977
2.99938
2.99862
2.99638
2.9917
2.97902
2.9502
2.87722
2.70429
2.30639
1.64046
1.29735
1.21663
1.2104
1.22123
3.00001
3.00001
3.00001
3.00001
3.00001
3.00001
3
3
2.99998
2.99994
2.99985
2.99963
2.99911
2.99776
2.99485
2.98669
2.96985
2.92247
2.8189
2.56027
2.02498
1.46427
1.27395
1.24276
1.24548
3.00001
3.00001
3.00001
3.00001
3.00001
3.00001
3
3
2.99999
2.99997
2.99991
2.99978
2.99943
2.99865
2.99668
2.99194
2.98085
2.9522
2.88709
2.72237
2.35345
1.71765
1.37295
1.28384
1.27345
3.00001
3.00001
3.00001
3.00001
3.00001
3.00001
3.00001
3
3
2.99998
2.99995
2.99987
2.99965
2.99922
2.99791
2.99547
2.98777
2.97329
2.9305
2.83964
2.60998
2.12801
1.55439
1.34444
1.30705
3.00001
3.00001
3.00001
3.00001
3.00001
3.00001
3.00001
3
3
2.99999
2.99997
2.99992
2.99981
2.99949
2.99881
2.99703
2.9929
2.98297
2.958
2.90036
2.75622
2.42914
1.82706
1.4464
1.34459
3.00001
3.00001
3.00001
3.00001
3.00001
3.00001
3.00001
3.00001
3
3
2.99999
2.99995
2.99989
2.99969
2.99932
2.99816
2.99602
2.98949
2.97641
2.94008
2.86013
2.66041
2.22774
1.64971
1.41585
3.00001
3.00001
3.00001
3.00001
3.00001
3.00001
3.00001
3.00001
3.00001
3
2.99999
2.99998
2.99993
2.99983
2.99956
2.99898
2.9975
2.99399
2.98567
2.96471
2.9168
2.79617
2.52171
1.97756
1.54609
3.00001
3.00001
3.00001
3.00001
3.00001
3.00001
3.00001
3.00001
3.00001
3
3
2.99999
2.99997
2.9999
2.99976
2.99939
2.99857
2.99651
2.9916
2.9801
2.95094
2.88436
2.72043
2.35189
1.78382
3.00001
3.00001
3.00001
3.00001
3.00001
3.00001
3.00001
3.00001
3.00001
3.00001
3
3
2.99998
2.99995
2.99986
2.99966
2.99919
2.998
2.99542
2.98836
2.97388
2.93336
2.84765
2.6311
2.18456
3.00001
3.00001
3.00001
3.00001
3.00001
3.00001
3.00001
3.00001
3.00001
3.00001
3.00001
3
2.99999
2.99997
2.99992
2.99982
2.99952
2.99893
2.99716
2.99389
2.98368
2.96421
2.90828
2.78858
2.49457
3.00001
3.00001
3.00001
3.00001
3.00001
3.00001
3.00001
3.00001
3.00001
3.00001
3.00001
3
3
2.99999
2.99996
2.99989
2.99976
2.99934
2.99857
2.99626
2.99162
2.97891
2.95114
2.88047
2.71916
3.00001
3.00001
3.00001
3.00001
3.00001
3.00001
3.00001
3.00001
3.00001
3.00001
3.00001
3.00001
3
3
2.99998
2.99995
2.99986
2.99967
2.99917
2.99804
2.99531
2.98865
2.97366
2.93492
2.84937
3.00001
3.00001
3.00001
3.00001
3.00001
3.00001
3.00001
3.00001
3.00001
3.00001
3.00001
3.00001
3.00001
3
2.99999
2.99998
2.99992
2.99983
2.99953
2.99896
2.99732
2.99389
2.98502
2.96452
2.91508
3.00001
3.00001
3.00001
3.00001
3.00001
3.00001
3.00001
3.00001
3.00001
3.00001
3.00001
3.00001
3.00001
3
3
2.99999
2.99996
2.99991
2.99975
2.99943
2.99856
2.99666
2.99194
2.98077
2.95448
3.00001
3.00001
3.00001
3.00001
3.00001
3.00001
3.00001
3.00001
3.00001
3.00001
3.00001
3.00001
3.00001
3.00001
3
3
2.99998
2.99995
2.99987
2.99969
2.99924
2.99822
2.99559
2.99009
2.97493
3.00001
3.00001
3.00001
3.00001
3.00001
3.00001
3.00001
3.00001
3.00001
3.00001
3.00001
3.00001
3.00001
3.00001
3.00001
3
2.99999
2.99997
2.99994
2.99982
2.9996
2.99894
2.99771
2.99406
2.9868
3.00001
3.00001
3.00001
3.00001
3.00001
3.00001
3.00001
3.00001
3.00001
3.00001
3.00001
3.00001
3.00001
3.00001
3.00001
3
3
2.99999
2.99996
2.99989
2.99975
2.99933
2.99855
2.99618
2.99149
3.00001
3.00001
3.00001
3.00001
3.00001
3.00001
3.00001
3.00001
3.00001
3.00001
3.00001
3.00001
3.00001
3.00001
3.00001
3.00001
3
2.99999
2.99997
2.99992
2.9998
2.99953
2.99875
2.99723
2.99255
3.00001
3.00001
3.00001
3.00001
3.00001
3.00001
3.00001
3.00001
3.00001
3.00001
3.00001
3.00001
3.00001
3.00001
3.00001
3.00001
3
3
2.99998
2.99993
2.99983
2.99955
2.99897
2.99724
2.99383
3.00001
3.00001
3.00001
3.00001
3.00001
3.00001
3.00001
3.00001
3.00001
3.00001
3.00001
3.00001
3.00001
3.00001
3.00001
3.00001
3
3
2.99998
2.99994
2.99984
2.99958
2.99897
2.99746
2.99361
3.00001
3.00001
3.00001
3.00001
3.00001
3.00001
3.00001
3.00001
3.00001
3.00001
3.00001
3.00001
3.00001
3.00001
3.00001
3.00001
3
3
2.99998
2.99994
2.99984
2.99959
2.99898
2.99748
2.99369
3.00001
3.00001
3.00001
3.00001
3.00001
3.00001
3.00001
3.00001
3.00001
3.00001
3.00001
3.00001
3.00001
3.00001
3.00001
3.00001
3
3
2.99998
2.99994
2.99985
2.99957
2.99905
2.99735
2.99404
1.11968
1.32446
1.38847
1.35107
1.27892
1.19067
1.10838
1.06571
1.05672
1.05767
1.05619
1.04829
1.02622
0.975495
0.868414
0.657189
0.376206
0.165086
0.087297
0.104439
0.191925
0.275339
0.352274
0.408387
0.444081
0.470602
0.495059
0.516821
0.532257
0.54038
0.543235
0.537025
0.51614
0.478992
0.430216
0.375825
0.319492
0.264144
0.209734
0.158598
0.110811
0.0665753
0.0341084
0.0381799
0.06994
0.106276
0.140341
0.172295
0.201916
0.230385
0.260054
0.289084
0.316905
0.343062
0.368647
0.393021
0.417075
0.440059
0.462774
0.484545
0.50609
0.52679
0.547326
0.567065
0.586688
0.605562
0.624374
0.642466
0.660528
0.677909
0.695286
0.712038
0.728794
0.744969
0.761181
0.776814
0.792552
0.80767
0.822976
0.837598
0.852481
0.866636
0.881107
0.894804
0.908903
0.922149
0.935894
0.948735
0.962114
0.974594
0.987595
0.999699
1.01228
1.02387
1.03589
1.04665
1.05746
1.06621
1.0735
1.07768
1.13407
1.25252
1.31878
1.36339
1.40874
1.44364
1.45245
1.44717
1.42897
1.40148
1.37928
1.36514
1.3472
1.3101
1.22791
1.04878
0.760821
0.527074
0.40434
0.322815
0.246809
0.181396
0.118366
0.0707565
0.0934197
0.154246
0.216934
0.270265
0.303921
0.316872
0.317371
0.305415
0.282462
0.240955
0.195021
0.146295
0.101801
0.0714939
0.0663601
0.0898359
0.123643
0.158069
0.191723
0.222395
0.253613
0.284228
0.314281
0.342677
0.369475
0.394608
0.420743
0.446839
0.471847
0.495387
0.518377
0.540409
0.562107
0.582936
0.603522
0.6233
0.642924
0.661797
0.680577
0.698637
0.716666
0.733985
0.751331
0.767975
0.784696
0.800728
0.816888
0.832359
0.848025
0.862977
0.87821
0.89268
0.907526
0.921551
0.93602
0.94964
0.963733
0.976965
0.990705
1.00355
1.01696
1.02945
1.04253
1.0547
1.06746
1.07934
1.09181
1.10345
1.11563
1.12692
1.13859
1.1491
1.15963
1.1683
1.17548
1.17965
1.13398
1.2421
1.33957
1.4329
1.51904
1.58707
1.61918
1.62128
1.61565
1.59976
1.57659
1.55384
1.53259
1.50147
1.43997
1.30874
1.07696
0.825133
0.684542
0.605946
0.539374
0.476792
0.412704
0.348074
0.282774
0.220614
0.160336
0.103051
0.0547833
0.0343465
0.0433835
0.0598337
0.0547538
0.0826811
0.11555
0.154329
0.191956
0.227501
0.259532
0.29037
0.320621
0.349645
0.37749
0.403605
0.429342
0.454452
0.479267
0.503103
0.525788
0.546867
0.568361
0.590461
0.612214
0.632611
0.652402
0.671453
0.690321
0.708566
0.726662
0.744176
0.761553
0.778409
0.795152
0.811401
0.827581
0.843268
0.858921
0.874086
0.889244
0.903932
0.918636
0.932894
0.947199
0.961061
0.97502
0.988516
1.00215
1.01531
1.02862
1.04146
1.05445
1.06698
1.07968
1.0919
1.10431
1.11626
1.12843
1.1402
1.15218
1.16378
1.17553
1.18687
1.19831
1.20928
1.22027
1.2306
1.24057
1.24928
1.25619
1.2605
1.1423
1.25013
1.34967
1.44096
1.52208
1.5896
1.64189
1.6798
1.69924
1.70308
1.70027
1.69015
1.67124
1.64269
1.59545
1.50241
1.3267
1.07453
0.905784
0.831083
0.770425
0.709868
0.654328
0.600752
0.54378
0.485729
0.428648
0.372466
0.319696
0.275983
0.248247
0.237786
0.260066
0.296454
0.335729
0.374204
0.407996
0.436348
0.461375
0.484158
0.506524
0.527936
0.549055
0.569149
0.589225
0.608788
0.628472
0.64766
0.666181
0.683253
0.700512
0.718542
0.737109
0.754622
0.771631
0.788036
0.804358
0.820252
0.836105
0.851535
0.866923
0.88192
0.896887
0.911486
0.92606
0.940265
0.954458
0.968285
0.982126
0.995607
1.00913
1.02228
1.03552
1.04834
1.06133
1.07385
1.0866
1.09886
1.11137
1.12337
1.13562
1.14734
1.15934
1.17081
1.18262
1.19398
1.20568
1.21691
1.22839
1.23942
1.25067
1.26146
1.27243
1.2829
1.29349
1.30337
1.31311
1.32153
1.32849
1.33255
1.14439
1.24927
1.34518
1.43282
1.51247
1.58402
1.64671
1.6998
1.74064
1.7664
1.77497
1.77377
1.76774
1.75266
1.7203
1.65351
1.51957
1.30046
1.10018
1.00255
0.94277
0.892537
0.848334
0.801243
0.750346
0.700843
0.648864
0.595281
0.545324
0.501572
0.466942
0.457675
0.475423
0.50839
0.544704
0.579132
0.607096
0.627347
0.642884
0.656642
0.6704
0.684397
0.698654
0.712734
0.727022
0.741225
0.755804
0.770329
0.784739
0.798014
0.811262
0.825129
0.840134
0.854769
0.869075
0.8829
0.896677
0.910182
0.92375
0.937048
0.950445
0.963598
0.97684
0.989882
1.00294
1.0158
1.02864
1.04123
1.05385
1.06619
1.07868
1.09085
1.10322
1.11524
1.12743
1.13928
1.15124
1.16288
1.17465
1.1861
1.19775
1.20905
1.22062
1.23183
1.24323
1.25425
1.26535
1.27619
1.28707
1.29778
1.30851
1.31904
1.32961
1.33984
1.35006
1.35979
1.36922
1.37769
1.38455
1.38877
1.14171
1.24122
1.33315
1.41762
1.49515
1.56626
1.62979
1.68625
1.73351
1.77235
1.80131
1.81762
1.82008
1.81588
1.80131
1.76542
1.68368
1.52139
1.28077
1.13883
1.0784
1.03012
0.989697
0.954338
0.915865
0.869577
0.819925
0.771875
0.721151
0.669666
0.62924
0.620394
0.638317
0.671897
0.71012
0.74494
0.772871
0.790426
0.799229
0.80444
0.809946
0.81653
0.824621
0.833198
0.842553
0.852149
0.862474
0.872985
0.883907
0.89406
0.904089
0.914395
0.92618
0.938359
0.950556
0.96232
0.974208
0.985907
0.99782
1.00959
1.0215
1.03326
1.04513
1.05687
1.06876
1.08055
1.09245
1.10421
1.11597
1.12755
1.13912
1.15054
1.16207
1.17349
1.18507
1.19649
1.208
1.21923
1.23049
1.24143
1.25251
1.26333
1.27431
1.28509
1.29607
1.3068
1.31773
1.32826
1.339
1.34926
1.35976
1.36983
1.38014
1.39009
1.4002
1.4098
1.41936
1.42777
1.43497
1.43906
1.13758
1.23051
1.3174
1.39903
1.47405
1.54377
1.60768
1.66554
1.71778
1.76309
1.80173
1.83145
1.85139
1.85642
1.85208
1.83596
1.79383
1.69405
1.50301
1.28393
1.17855
1.13665
1.10367
1.06799
1.03458
0.998056
0.954592
0.906235
0.848834
0.785954
0.740739
0.734201
0.754763
0.791614
0.834341
0.873111
0.901996
0.922195
0.930448
0.930483
0.927959
0.927112
0.928478
0.931703
0.93634
0.941866
0.948218
0.955007
0.962545
0.969886
0.977116
0.984358
0.993053
1.00279
1.01305
1.02312
1.0334
1.04357
1.05406
1.06441
1.07506
1.08556
1.09634
1.10702
1.11796
1.12884
1.13994
1.15098
1.16216
1.17324
1.18438
1.19541
1.2065
1.21746
1.22854
1.23947
1.25054
1.26148
1.27254
1.28344
1.29438
1.30508
1.31588
1.32639
1.33712
1.34756
1.35824
1.3687
1.37926
1.38968
1.40004
1.41026
1.42039
1.43028
1.44019
1.44968
1.4591
1.4677
1.47497
1.47956
1.13497
1.2199
1.3021
1.3791
1.45228
1.51944
1.58291
1.64061
1.69387
1.74207
1.78398
1.82103
1.84981
1.87086
1.87697
1.87247
1.85474
1.80664
1.68949
1.4875
1.30346
1.21818
1.18488
1.15859
1.12674
1.09101
1.05156
1.00196
0.930407
0.85394
0.811898
0.811447
0.83502
0.874854
0.924203
0.968384
0.99827
1.0175
1.02966
1.03238
1.02689
1.01967
1.01433
1.01161
1.01122
1.01272
1.01558
1.01939
1.02435
1.02956
1.03491
1.04014
1.04646
1.05406
1.063
1.07201
1.08139
1.09063
1.10028
1.10982
1.11975
1.12956
1.13971
1.14984
1.16027
1.17078
1.18152
1.19226
1.20318
1.21394
1.22488
1.23559
1.24646
1.25717
1.26802
1.27878
1.28974
1.30058
1.3116
1.32231
1.33326
1.3438
1.35458
1.36499
1.37557
1.38593
1.39638
1.40672
1.41716
1.42741
1.43783
1.44789
1.4582
1.46799
1.47801
1.48746
1.49688
1.50548
1.51283
1.5174
1.13477
1.21181
1.28774
1.36122
1.43018
1.49604
1.55691
1.61459
1.66727
1.71644
1.76111
1.80071
1.83653
1.86486
1.88637
1.89231
1.88739
1.86768
1.81411
1.68338
1.48089
1.32378
1.2561
1.22444
1.19812
1.16487
1.11867
1.05641
0.967208
0.886282
0.855582
0.861536
0.887115
0.932665
0.987132
1.03462
1.06782
1.08743
1.09923
1.10591
1.10473
1.09688
1.08681
1.07865
1.07317
1.07053
1.07023
1.07157
1.07432
1.0779
1.08212
1.0861
1.09085
1.09676
1.10447
1.11285
1.12168
1.13059
1.1398
1.14903
1.15856
1.168
1.17781
1.18747
1.19761
1.20762
1.21812
1.22846
1.23917
1.24967
1.26044
1.271
1.28181
1.2924
1.30326
1.31395
1.32485
1.33554
1.3464
1.35709
1.36787
1.37849
1.38915
1.3996
1.41015
1.42039
1.43087
1.44097
1.45141
1.46147
1.47184
1.48189
1.49212
1.50208
1.51205
1.5217
1.53114
1.53987
1.54737
1.552
1.13715
1.2061
1.27622
1.34459
1.41079
1.47306
1.53287
1.58831
1.64096
1.68968
1.73487
1.77692
1.81392
1.84815
1.87541
1.89588
1.90068
1.89493
1.87307
1.81469
1.67625
1.47706
1.34447
1.28677
1.2505
1.215
1.16264
1.07567
0.966958
0.892825
0.875682
0.887765
0.920722
0.972999
1.02936
1.07645
1.1114
1.1349
1.14806
1.15513
1.15844
1.15583
1.14747
1.1365
1.12761
1.12076
1.11726
1.11629
1.11732
1.11992
1.12358
1.12727
1.13145
1.13635
1.14319
1.15118
1.15999
1.16882
1.17804
1.18716
1.19661
1.20596
1.21563
1.22521
1.23519
1.2451
1.25548
1.26573
1.27639
1.28682
1.29757
1.30807
1.31879
1.32935
1.34007
1.35059
1.36121
1.37169
1.38231
1.39277
1.40343
1.41384
1.42452
1.43483
1.44544
1.45562
1.46607
1.47615
1.48639
1.49638
1.50646
1.51635
1.52634
1.53608
1.54597
1.55542
1.56493
1.57357
1.58122
1.5859
1.14224
1.20397
1.2676
1.33118
1.39319
1.45293
1.50978
1.56416
1.61512
1.66331
1.70869
1.75036
1.79009
1.82482
1.85773
1.88384
1.90304
1.90644
1.89975
1.87538
1.81112
1.66664
1.47063
1.35938
1.30137
1.2484
1.17636
1.05812
0.939909
0.886241
0.882871
0.900545
0.942421
0.998966
1.05372
1.09892
1.13441
1.1605
1.17834
1.18833
1.19316
1.19555
1.19387
1.18732
1.17796
1.16997
1.16351
1.16088
1.16047
1.16229
1.16575
1.16973
1.17418
1.17893
1.18516
1.19276
1.20158
1.21051
1.21978
1.22889
1.23831
1.24762
1.25726
1.26679
1.27663
1.28635
1.29638
1.30632
1.31658
1.32672
1.33717
1.34742
1.35802
1.36834
1.37891
1.38914
1.39962
1.40974
1.42014
1.43019
1.44053
1.45057
1.46088
1.47093
1.48118
1.49119
1.50132
1.51122
1.5212
1.53091
1.54074
1.55024
1.55997
1.56927
1.57887
1.58794
1.59717
1.60559
1.61306
1.61779
1.15013
1.20513
1.26244
1.32092
1.37854
1.43512
1.48929
1.54168
1.59124
1.63873
1.68296
1.72574
1.76445
1.80206
1.83504
1.86638
1.89118
1.90843
1.91016
1.90175
1.87392
1.80248
1.65281
1.46023
1.35495
1.27445
1.16176
1.00908
0.900709
0.872157
0.879653
0.908065
0.95753
1.01419
1.0643
1.10623
1.14106
1.16892
1.19089
1.20659
1.21672
1.22312
1.22741
1.22982
1.2274
1.22179
1.21561
1.21154
1.20974
1.21044
1.21321
1.21735
1.22243
1.22733
1.23302
1.23973
1.24801
1.25664
1.26572
1.27458
1.28373
1.29269
1.30203
1.31123
1.32075
1.33009
1.33969
1.34915
1.35892
1.36862
1.37865
1.38862
1.39877
1.40868
1.41877
1.42863
1.43867
1.44845
1.45842
1.46811
1.47799
1.48759
1.49743
1.50699
1.5168
1.52633
1.53607
1.5455
1.55514
1.5644
1.5739
1.58295
1.5923
1.60113
1.61029
1.61887
1.62763
1.63558
1.64268
1.6471
1.1606
1.20922
1.26089
1.31389
1.36737
1.41987
1.47167
1.52114
1.56952
1.61508
1.65934
1.70056
1.74055
1.77727
1.81255
1.84423
1.87371
1.8976
1.91126
1.9112
1.90031
1.86717
1.7854
1.62562
1.42928
1.28695
1.11749
0.93949
0.860212
0.853405
0.868737
0.908869
0.963903
1.01539
1.06067
1.0998
1.13481
1.16573
1.19274
1.21524
1.23385
1.24809
1.25894
1.26816
1.27459
1.2773
1.27568
1.27187
1.26879
1.26762
1.26844
1.27124
1.27583
1.28071
1.28574
1.29098
1.29765
1.30524
1.31354
1.32177
1.3303
1.33861
1.34725
1.35578
1.36468
1.37347
1.38257
1.39151
1.40073
1.40983
1.41932
1.42861
1.43817
1.44749
1.45704
1.46632
1.47583
1.48507
1.49453
1.50373
1.51315
1.52228
1.53162
1.54071
1.54997
1.55901
1.56822
1.5772
1.58633
1.59517
1.6042
1.61283
1.62171
1.63009
1.63876
1.64683
1.65506
1.66246
1.66908
1.67316
1.17252
1.21563
1.2619
1.31004
1.35939
1.40822
1.45691
1.50416
1.55029
1.5945
1.63745
1.67798
1.71736
1.75414
1.78964
1.82201
1.85342
1.87943
1.90254
1.9105
1.90632
1.89006
1.84582
1.74327
1.55244
1.31323
1.05383
0.858577
0.816257
0.825527
0.855194
0.90349
0.955488
1.00301
1.04665
1.0878
1.12657
1.1631
1.19644
1.22696
1.25365
1.27689
1.29595
1.31155
1.32326
1.33235
1.33737
1.33801
1.3354
1.33191
1.33001
1.32972
1.33133
1.33446
1.33847
1.3422
1.34663
1.35206
1.35896
1.36612
1.37378
1.38129
1.38914
1.39683
1.40486
1.4128
1.42112
1.42942
1.43807
1.4467
1.45553
1.46419
1.47309
1.48183
1.49084
1.49964
1.5087
1.51751
1.52657
1.53535
1.54438
1.5531
1.56206
1.5707
1.5796
1.58814
1.59699
1.60545
1.61427
1.62265
1.63141
1.63965
1.64827
1.65628
1.66462
1.67227
1.68005
1.68694
1.69305
1.69693
1.18521
1.22379
1.26541
1.30911
1.35434
1.40014
1.44519
1.4905
1.5339
1.57706
1.61786
1.65817
1.69578
1.73314
1.76722
1.80122
1.83156
1.86061
1.88539
1.90039
1.9004
1.89046
1.86084
1.78848
1.63638
1.35796
0.99676
0.786037
0.765646
0.785055
0.828966
0.885922
0.940512
0.992764
1.04276
1.09079
1.13609
1.17825
1.21721
1.25259
1.28454
1.31307
1.33707
1.35698
1.37231
1.38387
1.39224
1.39701
1.39852
1.39611
1.39213
1.38799
1.38578
1.38499
1.3864
1.38871
1.39168
1.39496
1.3998
1.40567
1.41233
1.41907
1.42622
1.4333
1.4407
1.44803
1.45571
1.46341
1.47153
1.47958
1.4879
1.4961
1.50457
1.51286
1.52145
1.52982
1.53852
1.54698
1.55576
1.56428
1.57308
1.58159
1.59037
1.59881
1.60753
1.61585
1.62451
1.63267
1.64123
1.6492
1.6576
1.66531
1.67347
1.68085
1.6886
1.6955
1.70255
1.70866
1.71423
1.71768
1.19956
1.23419
1.27156
1.31141
1.35225
1.39516
1.4372
1.47973
1.52117
1.56223
1.60168
1.64063
1.67724
1.71387
1.74725
1.78117
1.81104
1.84079
1.86544
1.88234
1.88288
1.87396
1.84821
1.78552
1.65216
1.39669
1.04165
0.819936
0.797783
0.82282
0.869187
0.929636
0.988366
1.04248
1.09171
1.13679
1.17899
1.21875
1.2558
1.28955
1.32045
1.34817
1.3731
1.39407
1.41112
1.42447
1.43532
1.44259
1.44702
1.44884
1.44721
1.44276
1.43764
1.43367
1.43155
1.4314
1.43295
1.4351
1.43806
1.44199
1.44747
1.45349
1.46011
1.46671
1.47368
1.48064
1.488
1.49545
1.50318
1.51082
1.51872
1.52651
1.53461
1.54255
1.5508
1.55882
1.56714
1.57517
1.58352
1.59158
1.59996
1.60802
1.61641
1.62444
1.6328
1.64072
1.64903
1.65677
1.66498
1.67252
1.68053
1.68779
1.69545
1.70226
1.70936
1.71552
1.72197
1.72737
1.73206
1.73506
1.21487
1.24759
1.2807
1.31694
1.35422
1.39278
1.43259
1.47208
1.51112
1.55061
1.58768
1.62601
1.66081
1.69693
1.72942
1.76248
1.79231
1.82026
1.84464
1.85627
1.85346
1.84193
1.81196
1.74262
1.61155
1.4113
1.17894
0.972314
0.911304
0.921451
0.946144
0.991276
1.04548
1.09361
1.13612
1.17506
1.21192
1.24672
1.27986
1.31102
1.34046
1.36808
1.39348
1.41636
1.43647
1.45317
1.46673
1.47735
1.48542
1.49002
1.49217
1.49184
1.48856
1.48388
1.47927
1.47632
1.47452
1.47505
1.47662
1.47855
1.48162
1.48615
1.49217
1.49838
1.50494
1.51142
1.5183
1.52516
1.53234
1.53947
1.54695
1.55429
1.56199
1.56949
1.57737
1.585
1.59302
1.60078
1.60891
1.61674
1.62494
1.63278
1.64099
1.64874
1.6569
1.66451
1.67255
1.67996
1.68779
1.69491
1.70242
1.70908
1.71605
1.72203
1.72837
1.73371
1.73924
1.74336
1.74661
1.74892
1.23074
1.26106
1.29229
1.32442
1.35907
1.39425
1.43039
1.46793
1.50401
1.54154
1.57705
1.61302
1.64756
1.68128
1.7141
1.74483
1.77454
1.79972
1.81886
1.82187
1.81394
1.79322
1.74621
1.64604
1.50324
1.39155
1.28864
1.14418
1.03066
0.997239
1.005
1.02314
1.05958
1.1068
1.15014
1.18904
1.2252
1.25938
1.29165
1.32252
1.35199
1.3801
1.40635
1.43072
1.45286
1.47272
1.48957
1.50339
1.51467
1.52392
1.52942
1.53202
1.53276
1.53097
1.52666
1.5218
1.51762
1.5153
1.51474
1.51572
1.51744
1.51978
1.52383
1.52912
1.53527
1.54152
1.54822
1.55474
1.56157
1.56826
1.57533
1.58227
1.58963
1.59679
1.60438
1.61171
1.61948
1.6269
1.63476
1.64222
1.6501
1.65756
1.66541
1.67278
1.68054
1.68773
1.6953
1.70222
1.70949
1.71596
1.72275
1.7285
1.73466
1.73974
1.7453
1.74932
1.75336
1.75556
1.75675
1.75895
1.2448
1.27531
1.30494
1.33468
1.36572
1.39845
1.43161
1.46587
1.50041
1.53492
1.56924
1.60312
1.63618
1.66868
1.69977
1.7296
1.75588
1.77796
1.78471
1.77855
1.76225
1.72367
1.64074
1.51468
1.42402
1.37967
1.34422
1.27949
1.18283
1.10093
1.06867
1.0707
1.08476
1.11419
1.15467
1.19477
1.23238
1.2673
1.2999
1.33101
1.36063
1.38892
1.4156
1.44101
1.46477
1.48687
1.50656
1.52391
1.5382
1.55039
1.56052
1.56744
1.57107
1.57265
1.5723
1.56934
1.56466
1.56012
1.55686
1.55499
1.55519
1.55634
1.55815
1.56101
1.56575
1.57147
1.57784
1.58404
1.59056
1.59688
1.6036
1.61014
1.61714
1.6239
1.63114
1.63806
1.64549
1.65251
1.66003
1.66711
1.67466
1.68173
1.68923
1.69621
1.70358
1.7103
1.71744
1.72366
1.73038
1.73584
1.74181
1.74654
1.75175
1.75579
1.75941
1.76185
1.76293
1.76308
1.76203
1.76459
1.26334
1.28902
1.31769
1.34533
1.37442
1.40401
1.43517
1.46684
1.4987
1.5315
1.56356
1.59582
1.6274
1.65788
1.68744
1.71419
1.7368
1.74663
1.74234
1.72803
1.69365
1.62264
1.50136
1.41232
1.3809
1.37499
1.3701
1.35183
1.30972
1.24114
1.16844
1.12899
1.1246
1.13615
1.15871
1.1932
1.23205
1.26941
1.30411
1.33665
1.36728
1.39611
1.42359
1.44983
1.4749
1.49828
1.52007
1.53976
1.55751
1.57251
1.58549
1.59639
1.60481
1.60942
1.61147
1.61197
1.61043
1.60642
1.60191
1.59755
1.59506
1.59409
1.59476
1.59593
1.59811
1.60188
1.60745
1.61323
1.6195
1.62556
1.632
1.63814
1.64481
1.65113
1.65804
1.66455
1.67161
1.67825
1.68536
1.69206
1.69917
1.70578
1.71288
1.71921
1.72619
1.73207
1.73859
1.74387
1.74941
1.754
1.75869
1.76263
1.76598
1.76828
1.76926
1.76935
1.7686
1.76676
1.76163
1.76325
1.28137
1.30208
1.33018
1.35734
1.38408
1.41196
1.44011
1.46995
1.49963
1.5299
1.56043
1.59058
1.62037
1.64902
1.67531
1.698
1.70933
1.70664
1.69316
1.66165
1.59664
1.47791
1.38727
1.35886
1.36147
1.37304
1.38501
1.38763
1.37937
1.35046
1.2955
1.22669
1.18414
1.17563
1.18507
1.20248
1.23209
1.26865
1.30549
1.34031
1.37268
1.40272
1.43118
1.45819
1.484
1.50832
1.53138
1.553
1.57301
1.59102
1.60675
1.62022
1.63195
1.64132
1.64722
1.65008
1.65108
1.65064
1.64787
1.64312
1.63889
1.63514
1.63337
1.6329
1.63372
1.63519
1.63814
1.64253
1.6483
1.65407
1.66031
1.66618
1.67246
1.67845
1.68487
1.69097
1.69757
1.70367
1.71043
1.71645
1.72325
1.72915
1.73575
1.74144
1.74752
1.75275
1.75789
1.76226
1.7665
1.77018
1.77326
1.77536
1.77618
1.77608
1.77519
1.77305
1.76811
1.76383
1.75614
1.75618
1.30579
1.31919
1.34241
1.36951
1.39544
1.42105
1.44762
1.47454
1.50272
1.5308
1.55918
1.58725
1.61489
1.64033
1.66239
1.67418
1.67219
1.65884
1.62846
1.56581
1.45407
1.36135
1.33299
1.33706
1.35135
1.37481
1.39833
1.41153
1.41353
1.40815
1.38742
1.34343
1.28375
1.24266
1.2297
1.23589
1.24801
1.27194
1.30576
1.34174
1.37598
1.40778
1.43767
1.46602
1.49258
1.51785
1.54182
1.56475
1.58616
1.60612
1.62414
1.64032
1.65436
1.66679
1.67694
1.68423
1.68802
1.68953
1.68974
1.68821
1.68446
1.67966
1.67526
1.67239
1.67098
1.67126
1.67209
1.67396
1.67772
1.68271
1.68844
1.69397
1.7
1.70548
1.71165
1.71709
1.72337
1.72885
1.73509
1.74061
1.74666
1.75208
1.7577
1.76271
1.76749
1.77156
1.77527
1.77863
1.78133
1.78308
1.78368
1.78328
1.78216
1.77943
1.77438
1.76918
1.76185
1.7561
1.74841
1.74913
1.33098
1.33749
1.35614
1.38122
1.40636
1.43098
1.45564
1.48117
1.50679
1.5334
1.55954
1.58536
1.60945
1.63048
1.64186
1.63978
1.62604
1.59564
1.53337
1.42602
1.33122
1.30301
1.30769
1.32334
1.34905
1.37969
1.40771
1.4273
1.4371
1.43948
1.43681
1.42267
1.38929
1.34269
1.30277
1.28463
1.28591
1.2955
1.3143
1.34346
1.37652
1.40992
1.44188
1.47187
1.4999
1.52616
1.55131
1.57506
1.59775
1.61881
1.63881
1.65697
1.67355
1.68801
1.70089
1.71186
1.72018
1.72524
1.72769
1.72824
1.72759
1.72489
1.72013
1.71573
1.71148
1.70932
1.70832
1.70874
1.70992
1.71246
1.71688
1.72161
1.72739
1.73248
1.73825
1.74326
1.74888
1.7539
1.75931
1.76428
1.76932
1.77394
1.77828
1.78198
1.78516
1.788
1.79029
1.79159
1.79198
1.79126
1.78971
1.78634
1.78088
1.7753
1.76757
1.76152
1.75386
1.75019
1.74531
1.74731
1.36771
1.36287
1.37199
1.39191
1.41728
1.44153
1.46505
1.48863
1.51268
1.53671
1.56078
1.58326
1.60261
1.61286
1.61003
1.5955
1.5642
1.50156
1.3944
1.29893
1.27133
1.27717
1.29356
1.32175
1.3553
1.38564
1.41265
1.4346
1.45218
1.46233
1.46701
1.46754
1.45985
1.43736
1.40182
1.36303
1.34152
1.33745
1.34473
1.35788
1.38079
1.41165
1.4441
1.47558
1.50515
1.53306
1.55953
1.58454
1.60797
1.63036
1.65135
1.67139
1.68962
1.70647
1.7212
1.7347
1.74632
1.75558
1.76181
1.76524
1.76621
1.76615
1.76446
1.7607
1.75531
1.75084
1.74701
1.74566
1.74502
1.74552
1.74704
1.75004
1.75473
1.7593
1.76442
1.7691
1.77395
1.77844
1.7829
1.787
1.79082
1.79407
1.79667
1.79879
1.80057
1.80139
1.80129
1.80043
1.79805
1.79418
1.78789
1.78211
1.77363
1.76748
1.75983
1.75576
1.7519
1.75102
1.75125
1.75362
1.41183
1.38919
1.39109
1.40515
1.42696
1.45134
1.47441
1.49663
1.51882
1.54068
1.56128
1.57897
1.58754
1.58333
1.56755
1.53431
1.46977
1.36137
1.26935
1.24304
1.24962
1.26606
1.29505
1.32989
1.36171
1.38933
1.41501
1.43774
1.45928
1.47749
1.48953
1.49773
1.50051
1.49848
1.48582
1.45906
1.42621
1.40123
1.39086
1.39468
1.40361
1.42057
1.44724
1.47756
1.50825
1.53811
1.56618
1.59253
1.61709
1.64062
1.66287
1.68403
1.70368
1.72206
1.73903
1.75433
1.76829
1.78048
1.79051
1.79768
1.80215
1.80394
1.80402
1.80297
1.7998
1.79506
1.7895
1.78519
1.7821
1.78092
1.78052
1.78114
1.78294
1.78608
1.79015
1.79424
1.79826
1.80195
1.80525
1.80801
1.81003
1.81133
1.81226
1.81254
1.81193
1.81062
1.80734
1.80294
1.79584
1.78963
1.78058
1.77393
1.7666
1.76189
1.75889
1.75784
1.75922
1.76117
1.76426
1.76737
1.50356
1.42934
1.41701
1.42188
1.43812
1.46041
1.48298
1.50419
1.52456
1.5434
1.55928
1.56562
1.55956
1.54213
1.50605
1.43802
1.32815
1.23876
1.2143
1.22165
1.23951
1.26958
1.30508
1.33727
1.36579
1.39167
1.41633
1.44036
1.46343
1.48588
1.50456
1.52044
1.53022
1.53679
1.53782
1.53241
1.51552
1.48875
1.46197
1.44755
1.44518
1.45158
1.46303
1.48316
1.51167
1.5416
1.57085
1.59834
1.62458
1.64946
1.67318
1.69509
1.71615
1.73566
1.75447
1.7715
1.78733
1.80127
1.81422
1.82467
1.83296
1.83832
1.84092
1.84114
1.84054
1.83834
1.83353
1.82787
1.82227
1.81842
1.8156
1.8146
1.81399
1.8145
1.81602
1.81855
1.8213
1.8237
1.82539
1.82606
1.82615
1.8257
1.82456
1.82244
1.81798
1.81265
1.80485
1.79794
1.78869
1.7809
1.774
1.76881
1.7661
1.76529
1.76674
1.76901
1.77275
1.77782
1.78315
1.78662
1.67981
1.48716
1.44905
1.44458
1.45177
1.46882
1.49062
1.51121
1.52913
1.54356
1.54751
1.53911
1.51944
1.47978
1.4055
1.29603
1.21063
1.18666
1.19411
1.21345
1.24505
1.28143
1.31381
1.34271
1.36887
1.3939
1.41877
1.44316
1.4678
1.4918
1.51428
1.53533
1.55193
1.56459
1.57437
1.57784
1.57726
1.56881
1.54927
1.52553
1.50624
1.49788
1.50102
1.50852
1.52262
1.54589
1.57407
1.60261
1.63075
1.65734
1.68191
1.70484
1.72681
1.74805
1.76796
1.7868
1.8038
1.81992
1.83414
1.84754
1.85846
1.86752
1.87355
1.87714
1.87783
1.87742
1.87559
1.87148
1.86512
1.85927
1.85361
1.84963
1.8465
1.84451
1.84373
1.84295
1.84292
1.8426
1.84193
1.84093
1.83874
1.83571
1.8303
1.82415
1.81575
1.80733
1.79784
1.78921
1.78201
1.77671
1.7741
1.77355
1.77501
1.77744
1.78147
1.78695
1.79288
1.79866
1.80384
1.80682
1.9673
1.59533
1.48613
1.46711
1.4675
1.47826
1.49626
1.51602
1.53088
1.53326
1.52229
1.49977
1.45533
1.37277
1.2622
1.18214
1.16063
1.16902
1.19052
1.22418
1.26029
1.29255
1.32105
1.34699
1.37229
1.39701
1.4222
1.44734
1.47248
1.49779
1.52167
1.54554
1.5667
1.58491
1.60058
1.61145
1.61915
1.62078
1.61836
1.60743
1.58758
1.56716
1.55493
1.55147
1.55649
1.56523
1.58145
1.60703
1.63499
1.66267
1.68855
1.71352
1.7372
1.75976
1.78053
1.80009
1.81848
1.83593
1.85211
1.86676
1.8802
1.8914
1.90105
1.90773
1.91224
1.91327
1.91292
1.91122
1.90723
1.90092
1.89379
1.88664
1.88041
1.8751
1.87073
1.86676
1.86299
1.85904
1.85484
1.85059
1.84443
1.83734
1.82805
1.81831
1.8081
1.79867
1.79097
1.78539
1.78274
1.78249
1.78397
1.78657
1.79091
1.79653
1.80262
1.80859
1.81455
1.81943
1.82321
1.82533
2.34982
1.81926
1.56982
1.50435
1.49103
1.49251
1.50321
1.5175
1.52103
1.50839
1.48237
1.43157
1.33956
1.2267
1.15418
1.13725
1.14627
1.16938
1.20428
1.2406
1.27258
1.3004
1.32625
1.35129
1.37638
1.40175
1.42721
1.45298
1.47849
1.50424
1.52927
1.55406
1.5778
1.59938
1.61973
1.63527
1.64957
1.65975
1.66439
1.66478
1.66027
1.64745
1.6294
1.61221
1.6038
1.60469
1.61016
1.6213
1.6404
1.66485
1.69191
1.71922
1.74506
1.76877
1.79103
1.8118
1.83182
1.85038
1.86782
1.8837
1.89833
1.91175
1.92325
1.93314
1.9401
1.94504
1.94618
1.94573
1.94386
1.93953
1.93261
1.92373
1.91464
1.90538
1.89657
1.88836
1.87913
1.871
1.86227
1.85257
1.84192
1.83089
1.81985
1.80966
1.8014
1.79548
1.79263
1.79243
1.79392
1.7966
1.80118
1.8068
1.81302
1.819
1.82523
1.83027
1.8346
1.83757
1.83944
1.84067
2.63977
2.2091
1.74052
1.55867
1.51953
1.51041
1.51021
1.50997
1.49787
1.46754
1.40805
1.30388
1.1899
1.12655
1.11495
1.1253
1.15099
1.18811
1.22433
1.25528
1.28229
1.30742
1.33205
1.35701
1.38235
1.40804
1.43394
1.45989
1.48586
1.51169
1.53727
1.56244
1.58711
1.61048
1.63326
1.65304
1.67081
1.68646
1.6981
1.70691
1.70891
1.70818
1.7018
1.68759
1.67123
1.65867
1.65251
1.65573
1.66239
1.67551
1.69659
1.7216
1.7471
1.77234
1.79669
1.82016
1.84165
1.8619
1.88045
1.89785
1.91393
1.92838
1.94186
1.95304
1.96318
1.97024
1.97495
1.97563
1.97485
1.97235
1.96681
1.95814
1.94642
1.9339
1.91998
1.90553
1.89113
1.87711
1.86232
1.84796
1.8344
1.82247
1.81311
1.80669
1.80367
1.80356
1.805
1.80773
1.81239
1.8179
1.82417
1.83008
1.83644
1.84142
1.84601
1.84901
1.85111
1.8521
1.85219
1.85298
2.79756
2.52562
2.02928
1.6687
1.55503
1.52654
1.51193
1.49238
1.45219
1.37874
1.26051
1.14925
1.09955
1.095
1.10769
1.13805
1.17797
1.21247
1.24139
1.26696
1.29102
1.315
1.33943
1.36441
1.39006
1.41595
1.44216
1.46829
1.49437
1.52031
1.54586
1.57124
1.59597
1.62006
1.64354
1.66548
1.68602
1.70462
1.72005
1.73503
1.74501
1.7503
1.75104
1.74896
1.74109
1.72661
1.71112
1.70189
1.69916
1.70349
1.71204
1.72755
1.7496
1.77333
1.79802
1.82195
1.84515
1.867
1.88733
1.90673
1.92384
1.94041
1.95447
1.96785
1.97901
1.98807
1.99511
1.9974
1.99722
1.99567
1.99157
1.98307
1.97033
1.95417
1.93537
1.91558
1.8955
1.87543
1.85669
1.8405
1.828
1.81913
1.81505
1.81448
1.81593
1.81859
1.823
1.82865
1.83476
1.84097
1.84698
1.85226
1.85663
1.85995
1.86199
1.86297
1.86301
1.86224
1.86067
1.86122
2.89034
2.74183
2.40448
1.90128
1.63879
1.55236
1.50682
1.44569
1.34771
1.21295
1.1037
1.06645
1.07128
1.09073
1.12585
1.16552
1.19963
1.22764
1.25198
1.27518
1.29857
1.32263
1.34762
1.37314
1.39906
1.42507
1.45097
1.47689
1.50252
1.52809
1.5533
1.57828
1.60285
1.6269
1.65062
1.6733
1.69522
1.71598
1.73408
1.75135
1.76623
1.77789
1.78657
1.78866
1.78819
1.78434
1.77461
1.76139
1.74743
1.74032
1.74141
1.74661
1.7571
1.77509
1.79662
1.81964
1.84332
1.86575
1.88767
1.90795
1.92685
1.94484
1.95996
1.97478
1.9863
1.99666
2.00453
2.00775
2.00785
2.00679
2.00287
1.994
1.97992
1.96148
1.93987
1.91638
1.89266
1.87083
1.85276
1.83934
1.83084
1.82756
1.82826
1.82987
1.83329
1.83806
1.84397
1.85036
1.85618
1.86143
1.86568
1.86912
1.87128
1.87229
1.8723
1.87159
1.87035
1.86779
1.86424
1.86295
2.94389
2.86088
2.6813
2.28658
1.81632
1.59337
1.4793
1.33272
1.16048
1.05127
1.02439
1.03663
1.0684
1.11172
1.15109
1.18397
1.21088
1.2342
1.25663
1.27952
1.30332
1.32802
1.3534
1.37906
1.40485
1.43063
1.45626
1.48186
1.50717
1.53234
1.55713
1.58166
1.60582
1.6295
1.65291
1.67553
1.69762
1.71903
1.73867
1.75757
1.77424
1.78931
1.80293
1.8122
1.81772
1.81845
1.81711
1.81207
1.80069
1.78728
1.77773
1.77281
1.77628
1.78321
1.79604
1.81486
1.8363
1.858
1.88043
1.90165
1.92163
1.94067
1.95688
1.97262
1.98515
1.99542
2.00329
2.0054
2.00545
2.00381
1.99886
1.98827
1.97219
1.95221
1.93033
1.908
1.88821
1.87186
1.85915
1.85076
1.8461
1.84584
1.84675
1.84912
1.85313
1.85813
1.86308
1.8682
1.87224
1.87564
1.87787
1.87896
1.87897
1.87838
1.8771
1.87437
1.87085
1.86635
1.86171
1.85991
2.96707
2.9242
2.8175
2.57984
2.11942
1.66414
1.37665
1.11035
0.979722
0.967268
0.99081
1.03545
1.08669
1.12796
1.16043
1.1865
1.20922
1.23155
1.25455
1.27858
1.30347
1.32859
1.35388
1.37926
1.40452
1.4299
1.45496
1.48004
1.50475
1.52922
1.55342
1.57718
1.6007
1.62379
1.64644
1.66868
1.69037
1.71145
1.73175
1.7512
1.76937
1.78582
1.80186
1.81505
1.82598
1.83387
1.83586
1.83552
1.83339
1.82706
1.81606
1.80279
1.79684
1.79588
1.80085
1.80964
1.82463
1.84414
1.8651
1.88565
1.90539
1.92475
1.94179
1.95727
1.97041
1.97964
1.98511
1.98606
1.98557
1.98233
1.97369
1.96028
1.94507
1.92856
1.91284
1.89986
1.88857
1.87989
1.87262
1.86801
1.86517
1.86476
1.86513
1.86629
1.8683
1.87165
1.87462
1.87774
1.88003
1.88149
1.88162
1.88135
1.88026
1.87758
1.87419
1.86931
1.86463
1.85939
1.85475
1.85306
2.97849
2.95017
2.87809
2.71347
2.34545
1.74301
1.13207
0.82572
0.816805
0.867875
0.934737
1.00187
1.05367
1.09237
1.1225
1.14836
1.1736
1.19938
1.22581
1.25264
1.27975
1.30675
1.33317
1.35923
1.3849
1.41038
1.43548
1.46031
1.48476
1.50883
1.53255
1.55578
1.5787
1.60101
1.62307
1.64447
1.66572
1.68631
1.70657
1.72636
1.74517
1.76325
1.78025
1.79594
1.81025
1.82276
1.83149
1.83695
1.838
1.83704
1.83388
1.82556
1.8156
1.80675
1.80165
1.80506
1.81223
1.82343
1.83928
1.85756
1.87657
1.8949
1.91196
1.92591
1.93683
1.94401
1.94589
1.94621
1.94465
1.93801
1.92813
1.91728
1.90693
1.89883
1.89369
1.88936
1.88619
1.88356
1.88125
1.87878
1.87658
1.87499
1.87385
1.87333
1.87318
1.87355
1.87438
1.87513
1.87569
1.87514
1.87397
1.87183
1.86908
1.86463
1.86029
1.85467
1.84998
1.84517
1.8414
1.8405
2.98357
2.95655
2.8997
2.74717
2.4066
1.73382
0.872994
0.521627
0.587708
0.685026
0.789158
0.867168
0.924469
0.968937
1.00644
1.04106
1.07445
1.10697
1.13864
1.16947
1.19961
1.2294
1.25897
1.28789
1.31615
1.34384
1.37095
1.39749
1.42356
1.44894
1.47398
1.4982
1.52214
1.54536
1.56829
1.59076
1.61289
1.63473
1.65604
1.67713
1.69736
1.71705
1.7358
1.75327
1.76998
1.78522
1.79815
1.80899
1.81676
1.81934
1.81973
1.81896
1.81541
1.80673
1.79651
1.79245
1.79142
1.79629
1.80464
1.81612
1.8311
1.84709
1.86107
1.87218
1.87991
1.88328
1.88457
1.88413
1.87992
1.87408
1.8683
1.86466
1.86317
1.86478
1.86678
1.86977
1.87298
1.87482
1.87536
1.87492
1.8741
1.87231
1.86959
1.86686
1.86441
1.86231
1.86043
1.85879
1.85678
1.85466
1.85164
1.84809
1.84325
1.83871
1.83334
1.82898
1.82433
1.82153
1.81841
1.81897
2.98326
2.96222
2.90066
2.76169
2.41376
1.71044
0.74432
0.308165
0.407505
0.529275
0.622713
0.694974
0.753751
0.804712
0.851139
0.894424
0.935223
0.973936
1.0109
1.04632
1.08045
1.11339
1.14547
1.17685
1.20746
1.23738
1.26694
1.29591
1.32465
1.35271
1.38042
1.40744
1.43392
1.45989
1.48528
1.51024
1.53472
1.55872
1.58218
1.60519
1.62738
1.64897
1.66974
1.6893
1.70807
1.72572
1.74175
1.75641
1.76885
1.77802
1.78361
1.78553
1.78566
1.7844
1.77837
1.7709
1.76282
1.75929
1.75991
1.76459
1.77183
1.78028
1.78857
1.79378
1.7978
1.79963
1.80011
1.79911
1.79714
1.7984
1.80052
1.80429
1.81095
1.8196
1.82873
1.83589
1.84338
1.84855
1.85225
1.853
1.85389
1.85318
1.85068
1.84703
1.84209
1.83774
1.83246
1.82802
1.8227
1.81795
1.8123
1.80713
1.80126
1.79645
1.79142
1.7881
1.78481
1.78359
1.78192
1.78353
2.98474
2.96074
2.90578
2.76082
2.41871
1.70416
0.713973
0.265179
0.367977
0.460194
0.520999
0.572794
0.622826
0.671675
0.71868
0.763508
0.806194
0.846972
0.886024
0.923529
0.959722
0.994762
1.02886
1.06235
1.09535
1.12782
1.15975
1.19122
1.22204
1.2525
1.28219
1.31167
1.34029
1.36879
1.39633
1.42378
1.45012
1.47637
1.50135
1.52621
1.54984
1.57301
1.59535
1.61663
1.63729
1.65671
1.67526
1.69231
1.70806
1.72149
1.73217
1.73942
1.74217
1.74303
1.74239
1.73798
1.72822
1.71826
1.70931
1.70326
1.69927
1.69671
1.69508
1.69322
1.69142
1.69117
1.69352
1.69666
1.70096
1.70838
1.71956
1.73291
1.74653
1.76051
1.77378
1.78573
1.79663
1.8053
1.81164
1.81473
1.8162
1.81699
1.81508
1.811
1.80475
1.79726
1.78907
1.78055
1.77185
1.76366
1.75539
1.74844
1.7417
1.73685
1.73254
1.73028
1.7284
1.72856
1.7286
1.73074
2.9848
2.96107
2.90589
2.7614
2.418
1.69965
0.704348
0.255642
0.365123
0.449177
0.490721
0.523937
0.560935
0.601118
0.642044
0.682475
0.721971
0.760455
0.797942
0.834504
0.870217
0.905287
0.939722
0.973657
1.0072
1.04036
1.07315
1.10549
1.13747
1.169
1.2001
1.23072
1.2608
1.2903
1.31918
1.34746
1.37498
1.40201
1.42815
1.45394
1.47878
1.50338
1.52687
1.55022
1.57233
1.5939
1.61456
1.63385
1.65209
1.66839
1.6827
1.6938
1.70021
1.70244
1.70262
1.70076
1.69304
1.67917
1.6619
1.64377
1.62608
1.61089
1.59844
1.58999
1.58597
1.58934
1.59509
1.60303
1.61449
1.6312
1.64927
1.66784
1.68638
1.70324
1.71956
1.7334
1.74601
1.75552
1.76273
1.76607
1.76663
1.76645
1.76428
1.75873
1.74988
1.73919
1.72678
1.7142
1.70128
1.68947
1.67868
1.66955
1.66226
1.65691
1.6531
1.6513
1.65035
1.65122
1.65227
1.65504
2.98408
2.96265
2.90372
2.76397
2.41656
1.69941
0.703188
0.255622
0.367358
0.450927
0.487471
0.513729
0.544553
0.579742
0.61653
0.653417
0.689826
0.725549
0.760511
0.79477
0.82845
0.861695
0.89469
0.92746
0.960114
0.992549
1.02478
1.0567
1.08831
1.11957
1.1504
1.18087
1.21082
1.24035
1.26938
1.29792
1.326
1.35359
1.38071
1.40728
1.43346
1.45879
1.48391
1.50782
1.5314
1.55357
1.57516
1.59496
1.6139
1.6309
1.64578
1.65822
1.66689
1.66966
1.6695
1.66775
1.66121
1.64655
1.62456
1.59807
1.57007
1.5444
1.52387
1.51094
1.50874
1.51299
1.51965
1.53127
1.54663
1.56583
1.58564
1.60535
1.62407
1.64146
1.65781
1.67149
1.68417
1.69322
1.70065
1.70295
1.70329
1.70257
1.69977
1.6929
1.68251
1.6694
1.65479
1.63887
1.62374
1.6091
1.59697
1.58674
1.5794
1.57444
1.57158
1.57094
1.57139
1.57323
1.57526
1.58004
)
;

boundaryField
{
    inlet
    {
        type            calculated;
        value           uniform 3.00001;
    }
    outlet
    {
        type            calculated;
        value           nonuniform List<scalar> 
40
(
1.07768
1.17965
1.2605
1.33255
1.38877
1.43906
1.47956
1.5174
1.552
1.5859
1.61779
1.6471
1.67316
1.69693
1.71768
1.73506
1.74892
1.75895
1.76459
1.76325
1.75618
1.74913
1.74731
1.75362
1.76737
1.78662
1.80682
1.82533
1.84067
1.85298
1.86122
1.86295
1.85991
1.85306
1.8405
1.81897
1.78353
1.73074
1.65504
1.58004
)
;
    }
    bottom
    {
        type            symmetryPlane;
    }
    top
    {
        type            symmetryPlane;
    }
    obstacle
    {
        type            calculated;
        value           uniform 0;
    }
    defaultFaces
    {
        type            empty;
    }
}


// ************************************************************************* //
