/*--------------------------------*- C++ -*----------------------------------*\
  =========                 |
  \\      /  F ield         | OpenFOAM: The Open Source CFD Toolbox
   \\    /   O peration     | Website:  https://openfoam.org
    \\  /    A nd           | Version:  9
     \\/     M anipulation  |
\*---------------------------------------------------------------------------*/
FoamFile
{
    format      ascii;
    class       volScalarField;
    location    "4";
    object      rho;
}
// * * * * * * * * * * * * * * * * * * * * * * * * * * * * * * * * * * * * * //

dimensions      [1 -3 0 0 0 0 0];

internalField   nonuniform List<scalar> 
5250
(
1.40001
1.40002
1.40006
1.40015
1.40039
1.40089
1.40239
1.40536
1.41436
1.43239
1.48112
1.58149
1.80334
2.28179
4.23246
5.92632
5.7596
5.64571
5.66498
5.74443
5.835
5.88455
5.92587
5.96329
5.98256
1.40001
1.40002
1.40006
1.40015
1.40036
1.40092
1.40226
1.40547
1.41372
1.43261
1.47882
1.5801
1.79674
2.26814
4.17923
5.93381
5.76111
5.64304
5.66276
5.74283
5.8335
5.88329
5.92541
5.96356
5.98367
1.40001
1.40002
1.40005
1.40016
1.40034
1.40093
1.40207
1.40555
1.41265
1.43267
1.47461
1.57647
1.78371
2.2395
4.06045
5.95072
5.76425
5.6346
5.65333
5.73322
5.82241
5.8722
5.91385
5.95193
5.97189
1.40001
1.40002
1.40005
1.40014
1.40032
1.40089
1.40191
1.40546
1.41154
1.43184
1.46981
1.56905
1.76582
2.19683
3.87646
5.97727
5.77088
5.62107
5.63848
5.71357
5.8031
5.84917
5.8901
5.92772
5.95006
1.40001
1.40002
1.40006
1.40012
1.40034
1.40072
1.40208
1.40435
1.41236
1.42659
1.46975
1.55294
1.74807
2.14094
3.63384
6.00806
5.78238
5.60503
5.61759
5.68875
5.77473
5.82008
5.85758
5.89268
5.91493
1.40001
1.40002
1.40005
1.40013
1.40027
1.40077
1.40161
1.40468
1.40977
1.42735
1.45936
1.54626
1.71721
2.08502
3.34178
6.02311
5.79657
5.5885
5.59507
5.65477
5.7383
5.77748
5.81177
5.84503
5.86897
1.40001
1.40002
1.40005
1.4001
1.40029
1.4006
1.40172
1.40364
1.41023
1.42211
1.45838
1.52821
1.69593
2.02637
3.06478
5.97355
5.78799
5.56507
5.56567
5.61294
5.68866
5.72322
5.74691
5.77448
5.80047
1.40001
1.40002
1.40004
1.40011
1.40022
1.40064
1.40133
1.40386
1.40809
1.42263
1.44919
1.523
1.66745
1.98094
2.86969
5.77904
5.71327
5.52758
5.52422
5.55658
5.62125
5.64747
5.66094
5.67517
5.69747
1.40001
1.40001
1.40004
1.40008
1.40024
1.40049
1.40141
1.40302
1.40839
1.41835
1.44849
1.50719
1.65015
1.93317
2.69612
5.46969
5.58511
5.50308
5.47525
5.48612
5.53641
5.54624
5.54116
5.52845
5.52978
1.40001
1.40001
1.40003
1.40009
1.40018
1.40052
1.40109
1.40311
1.4066
1.41839
1.44012
1.50166
1.62187
1.89051
2.53324
5.08044
5.51743
5.4675
5.40836
5.40849
5.43012
5.42198
5.38996
5.31833
5.26019
1.40001
1.40001
1.40003
1.40007
1.40018
1.4004
1.40108
1.40247
1.40638
1.41502
1.43754
1.487
1.60162
1.83748
2.3827
4.61465
5.4775
5.43625
5.33857
5.3218
5.31198
5.27829
5.18365
4.95827
4.29994
1.40001
1.40001
1.40003
1.40006
1.40016
1.40034
1.40095
1.40205
1.40565
1.41251
1.43301
1.47415
1.57677
1.78235
2.23738
4.06851
5.46114
5.41189
5.28278
5.23188
5.19775
5.12592
4.96938
4.644
3.93158
1.40001
1.40001
1.40002
1.40005
1.40012
1.40032
1.40071
1.40193
1.40418
1.41159
1.42531
1.46544
1.54517
1.72869
2.09665
3.46017
5.45237
5.39925
5.24815
5.15093
5.08785
4.98025
4.7786
4.43415
3.85724
1.40001
1.40001
1.40002
1.40004
1.4001
1.40025
1.40062
1.40142
1.40378
1.40841
1.42235
1.45018
1.52191
1.66884
1.97503
2.84547
5.36054
5.35002
5.24174
5.08623
4.98788
4.8566
4.64211
4.31532
3.86186
1.40001
1.40001
1.40002
1.40003
1.40009
1.40019
1.40053
1.40113
1.40311
1.40689
1.4182
1.44126
1.50138
1.62386
1.89022
2.53448
4.9593
5.25111
5.1858
5.03022
4.89911
4.75631
4.5464
4.24839
3.87098
1.40001
1.40001
1.40002
1.40003
1.40007
1.40015
1.40043
1.4009
1.40257
1.40537
1.41517
1.43259
1.48421
1.5835
1.81096
2.29566
4.26825
5.14126
5.10591
4.98724
4.83004
4.6729
4.47563
4.20493
3.87731
1.40001
1.40001
1.40001
1.40002
1.40006
1.40012
1.40034
1.40071
1.40198
1.40434
1.41164
1.42622
1.46617
1.54773
1.73296
2.1017
3.52367
5.09188
5.06845
4.96969
4.78129
4.60866
4.41807
4.17442
3.88198
1.40001
1.40001
1.40001
1.40002
1.40004
1.4001
1.40024
1.40057
1.40147
1.40331
1.40882
1.41956
1.45052
1.51243
1.65839
1.93688
2.72146
4.95128
5.05162
4.96788
4.7742
4.57009
4.37528
4.15173
3.88899
1.40001
1.40001
1.40001
1.40002
1.40003
1.40008
1.40017
1.40048
1.401
1.40281
1.40601
1.41645
1.43614
1.49117
1.59919
1.83973
2.37696
4.44612
4.96207
4.91119
4.76271
4.54667
4.34554
4.13372
3.89636
1.40001
1.40001
1.40001
1.40001
1.40003
1.40006
1.40014
1.40033
1.4008
1.40203
1.40466
1.41219
1.42752
1.46921
1.55425
1.74508
2.1265
3.64184
4.86953
4.8476
4.75265
4.53917
4.3304
4.12338
3.90338
1.40001
1.40001
1.40001
1.40001
1.40002
1.40005
1.4001
1.40024
1.4006
1.40138
1.40362
1.40809
1.42126
1.44773
1.51553
1.65426
1.92806
2.71554
4.70115
4.82794
4.75436
4.5679
4.33322
4.12571
3.91546
1.40001
1.40001
1.40001
1.40001
1.40002
1.40004
1.40007
1.40019
1.4004
1.40111
1.40232
1.40657
1.41382
1.43755
1.48133
1.5946
1.80903
2.30756
4.16812
4.75211
4.71197
4.58508
4.3533
4.13668
3.9353
1.40001
1.40001
1.40001
1.40001
1.40001
1.40002
1.40006
1.40013
1.4003
1.40075
1.40172
1.40457
1.41003
1.42668
1.45908
1.54251
1.70843
2.04502
3.30255
4.63081
4.63841
4.57248
4.39325
4.1654
3.95884
1.40001
1.40001
1.40001
1.40001
1.40001
1.40002
1.40004
1.40009
1.40021
1.40053
1.40116
1.40318
1.40673
1.41858
1.43989
1.5004
1.61723
1.85474
2.44953
4.31947
4.61985
4.56841
4.42831
4.20498
3.9891
1.40001
1.40001
1.40001
1.40001
1.40001
1.40002
1.40003
1.40007
1.40014
1.40038
1.40078
1.40218
1.40466
1.41268
1.4277
1.47063
1.55427
1.74388
2.11315
3.56536
4.53532
4.51936
4.44934
4.26685
4.0333
1.40001
1.40001
1.40001
1.40001
1.40001
1.40001
1.40002
1.40004
1.4001
1.40024
1.40054
1.40144
1.40307
1.4085
1.41797
1.4478
1.50312
1.63979
1.8741
2.56007
4.30297
4.51283
4.46087
4.32977
4.09576
1.40001
1.40001
1.40001
1.40001
1.40001
1.40001
1.40002
1.40003
1.40007
1.40016
1.40037
1.40094
1.40209
1.4056
1.41205
1.43222
1.47
1.56792
1.75092
2.15206
3.6599
4.43668
4.42387
4.35582
4.18546
1.40001
1.40001
1.40001
1.40001
1.40001
1.40001
1.40001
1.40002
1.40004
1.40011
1.40025
1.40058
1.40145
1.40333
1.4086
1.41928
1.44871
1.50843
1.64574
1.88848
2.65518
4.2057
4.40647
4.36438
4.25066
1.40001
1.40001
1.40001
1.40001
1.40001
1.40001
1.40001
1.40002
1.40003
1.40007
1.40017
1.40036
1.40098
1.40205
1.40575
1.41199
1.43256
1.46979
1.56824
1.74544
2.14483
3.59535
4.32448
4.32393
4.27065
1.40001
1.40001
1.40001
1.40001
1.40001
1.40001
1.40001
1.40001
1.40002
1.40005
1.4001
1.40026
1.40054
1.40146
1.40321
1.40834
1.41887
1.44698
1.50496
1.63712
1.86612
2.58148
4.07197
4.30441
4.27361
1.40001
1.40001
1.40001
1.40001
1.40001
1.40001
1.40001
1.40001
1.40002
1.40003
1.40006
1.40016
1.40034
1.40094
1.40194
1.40538
1.41142
1.43043
1.4659
1.55826
1.72458
2.09142
3.42464
4.20917
4.24141
1.40001
1.40001
1.40001
1.40001
1.40001
1.40001
1.40001
1.40001
1.40001
1.40002
1.40004
1.40009
1.40023
1.40052
1.40127
1.40309
1.40716
1.41793
1.44065
1.49708
1.61077
1.81672
2.36714
3.92366
4.2206
1.40001
1.40001
1.40001
1.40001
1.40001
1.40001
1.40001
1.40001
1.40001
1.40001
1.40003
1.40006
1.40015
1.4003
1.40084
1.40173
1.40479
1.4101
1.42714
1.45826
1.5417
1.6924
2.00939
3.17066
4.07747
1.40001
1.40001
1.40001
1.40001
1.40001
1.40001
1.40001
1.40001
1.40001
1.40001
1.40002
1.40004
1.40008
1.40019
1.40048
1.40107
1.40281
1.40603
1.41618
1.43458
1.48672
1.58475
1.77495
2.23936
3.69383
1.40001
1.40001
1.40001
1.40001
1.40001
1.40001
1.40001
1.40001
1.40001
1.40001
1.40001
1.40003
1.40005
1.40013
1.40026
1.40071
1.40148
1.40405
1.40859
1.42287
1.44933
1.52062
1.65051
1.90925
2.78961
1.40001
1.40001
1.40001
1.40001
1.40001
1.40001
1.40001
1.40001
1.40001
1.40001
1.40001
1.40002
1.40003
1.40007
1.40018
1.40036
1.40099
1.40206
1.40565
1.41194
1.43162
1.46786
1.56067
1.72025
2.09163
1.40001
1.40001
1.40001
1.40001
1.40001
1.40001
1.40001
1.40001
1.40001
1.40001
1.40001
1.40001
1.40002
1.40005
1.40009
1.40024
1.4005
1.40133
1.40288
1.40744
1.4166
1.44107
1.49113
1.603
1.78911
1.40001
1.40001
1.40001
1.40001
1.40001
1.40001
1.40001
1.40001
1.40001
1.40001
1.40001
1.40001
1.40001
1.40003
1.40006
1.40013
1.40031
1.40073
1.40171
1.40423
1.40956
1.42413
1.45345
1.52657
1.66159
1.40001
1.40001
1.40001
1.40001
1.40001
1.40001
1.40001
1.40001
1.40001
1.40001
1.40001
1.40001
1.40001
1.40002
1.40003
1.40007
1.40018
1.40039
1.40103
1.40216
1.40591
1.41222
1.43274
1.4691
1.56311
1.40001
1.40001
1.40001
1.40001
1.40001
1.40001
1.40001
1.40001
1.40001
1.40001
1.40001
1.40001
1.40001
1.40001
1.40002
1.40005
1.40009
1.40024
1.4005
1.40135
1.40285
1.40758
1.41622
1.44151
1.48887
1.40001
1.40001
1.40001
1.40001
1.40001
1.40001
1.40001
1.40001
1.40001
1.40001
1.40001
1.40001
1.40001
1.40001
1.40001
1.40003
1.40006
1.40013
1.40029
1.40075
1.40158
1.40426
1.40888
1.4238
1.44985
1.40001
1.40001
1.40001
1.40001
1.40001
1.40001
1.40001
1.40001
1.40001
1.40001
1.40001
1.40001
1.40001
1.40001
1.40001
1.40002
1.40003
1.40008
1.40016
1.40041
1.40086
1.40231
1.40485
1.41295
1.42743
1.40001
1.40001
1.40001
1.40001
1.40001
1.40001
1.40001
1.40001
1.40001
1.40001
1.40001
1.40001
1.40001
1.40001
1.40001
1.40001
1.40002
1.40004
1.4001
1.4002
1.40053
1.40112
1.40289
1.40639
1.41592
1.40001
1.40001
1.40001
1.40001
1.40001
1.40001
1.40001
1.40001
1.40001
1.40001
1.40001
1.40001
1.40001
1.40001
1.40001
1.40001
1.40001
1.40003
1.40005
1.40012
1.40029
1.40064
1.40165
1.40348
1.40935
1.40001
1.40001
1.40001
1.40001
1.40001
1.40001
1.40001
1.40001
1.40001
1.40001
1.40001
1.40001
1.40001
1.40001
1.40001
1.40001
1.40001
1.40002
1.40004
1.40008
1.40018
1.4004
1.40105
1.40222
1.40604
1.40001
1.40001
1.40001
1.40001
1.40001
1.40001
1.40001
1.40001
1.40001
1.40001
1.40001
1.40001
1.40001
1.40001
1.40001
1.40001
1.40001
1.40001
1.40003
1.40006
1.40014
1.40031
1.40078
1.40185
1.40446
1.40001
1.40001
1.40001
1.40001
1.40001
1.40001
1.40001
1.40001
1.40001
1.40001
1.40001
1.40001
1.40001
1.40001
1.40001
1.40001
1.40001
1.40001
1.40002
1.40005
1.40011
1.40029
1.40066
1.40169
1.40404
1.40001
1.40001
1.40001
1.40001
1.40001
1.40001
1.40001
1.40001
1.40001
1.40001
1.40001
1.40001
1.40001
1.40001
1.40001
1.40001
1.40001
1.40001
1.40002
1.40005
1.40012
1.40025
1.4007
1.40148
1.40419
1.40001
1.40001
1.40001
1.40001
1.40001
1.40001
1.40001
1.40001
1.40001
1.40001
1.40001
1.40001
1.40001
1.40001
1.40001
1.40001
1.40001
1.40001
1.40002
1.40004
1.40012
1.40024
1.40069
1.40146
1.40416
1.40001
1.40001
1.40001
1.40001
1.40001
1.40001
1.40001
1.40001
1.40001
1.40001
1.40001
1.40001
1.40001
1.40001
1.40001
1.40001
1.40001
1.40001
1.40002
1.40005
1.40011
1.40025
1.40068
1.40146
1.40419
1.89667
1.03705
0.720386
0.643961
0.644145
0.677145
0.767114
0.841899
0.868178
0.868497
0.868889
0.871582
0.880711
0.903852
0.955918
1.06965
1.32904
1.58634
1.65074
1.67157
1.64786
1.61195
1.59082
1.58746
1.57726
1.56745
1.55781
1.54758
1.54684
1.54776
1.55253
1.56845
1.59995
1.64866
1.70678
1.76805
1.82723
1.88219
1.93384
1.97879
2.01808
2.05155
2.07998
2.10488
2.1268
2.14075
2.1535
2.15984
2.16617
2.16739
2.1692
2.16356
2.16051
2.15159
2.14567
2.13434
2.1259
2.11285
2.10205
2.08743
2.07468
2.05876
2.04467
2.02769
2.01246
1.99462
1.97856
1.96007
1.94325
1.92424
1.90678
1.88745
1.8695
1.8499
1.83169
1.81188
1.79364
1.77368
1.75559
1.73563
1.71776
1.69797
1.6804
1.66083
1.6437
1.62436
1.60766
1.58868
1.57232
1.5538
1.53776
1.51974
1.50412
1.48667
1.47181
1.45525
1.44163
1.42686
1.41596
1.40714
2.34337
1.53664
1.17627
1.02593
0.963567
0.918628
0.910729
0.915194
0.926397
0.952946
0.979898
0.991588
1.0005
1.01963
1.06084
1.14285
1.3485
1.63116
1.7027
1.6973
1.66576
1.6161
1.57806
1.55573
1.53636
1.51783
1.49899
1.48441
1.48379
1.48446
1.49017
1.5064
1.53665
1.58611
1.65027
1.71828
1.79026
1.85432
1.9207
1.97814
2.03589
2.07827
2.12198
2.15504
2.18804
2.20895
2.22988
2.2425
2.25493
2.26193
2.2693
2.2682
2.26793
2.26385
2.26044
2.25289
2.24572
2.23488
2.22493
2.21175
2.19975
2.18486
2.17127
2.155
2.14018
2.12277
2.10694
2.08861
2.07196
2.05292
2.03564
2.01601
1.9983
1.97819
1.96025
1.93976
1.92175
1.90107
1.88307
1.86245
1.84454
1.82413
1.80645
1.78629
1.76893
1.7491
1.73205
1.71265
1.69587
1.67696
1.66054
1.64223
1.6263
1.60857
1.59318
1.57625
1.56197
1.54678
1.53498
1.52591
2.86463
2.13374
1.66169
1.36008
1.16502
1.04439
0.967097
0.95973
0.963715
0.975342
1.00301
1.03315
1.05757
1.07664
1.11424
1.17673
1.34684
1.67951
1.7912
1.77139
1.74142
1.70067
1.64649
1.60478
1.56443
1.52862
1.49807
1.47987
1.46985
1.46491
1.46645
1.4787
1.50611
1.56413
1.63873
1.71979
1.80583
1.8855
1.96087
2.02675
2.08459
2.13342
2.17694
2.21261
2.24453
2.26833
2.28891
2.30284
2.31494
2.32301
2.33001
2.33072
2.32909
2.32474
2.32024
2.31257
2.30479
2.29415
2.28375
2.27097
2.25847
2.24402
2.22991
2.21403
2.19867
2.18159
2.16515
2.14708
2.12972
2.11086
2.09276
2.07331
2.0547
2.03478
2.01586
1.9956
1.97649
1.95611
1.9369
1.91657
1.89744
1.87728
1.8584
1.83848
1.81992
1.80039
1.7821
1.76305
1.74517
1.72666
1.70915
1.69105
1.674
1.65646
1.64004
1.62335
1.60806
1.59315
1.58029
1.5715
3.1633
2.52046
2.02668
1.67383
1.43347
1.26918
1.16559
1.1007
1.06051
1.05298
1.05548
1.06274
1.07995
1.10922
1.14106
1.1995
1.32301
1.57512
1.85925
1.90051
1.86399
1.79997
1.74179
1.70571
1.65967
1.61209
1.57446
1.54166
1.51701
1.50234
1.4991
1.51473
1.55384
1.61504
1.69464
1.77941
1.86605
1.94649
2.02334
2.08876
2.14831
2.19792
2.24358
2.28076
2.31452
2.33999
2.36212
2.3776
2.38988
2.39884
2.40736
2.41034
2.40885
2.40457
2.40033
2.3935
2.38615
2.37612
2.36578
2.35318
2.34052
2.32602
2.31161
2.29561
2.27978
2.26247
2.24543
2.22703
2.20904
2.1898
2.17111
2.15115
2.13194
2.11133
2.09179
2.07074
2.05103
2.02984
2.01009
1.98895
1.96926
1.94825
1.9287
1.90786
1.88864
1.86835
1.84956
1.82975
1.81126
1.79191
1.77373
1.7548
1.73702
1.71856
1.70139
1.68363
1.66757
1.6514
1.63763
1.62741
3.3395
2.79497
2.33042
1.96739
1.69568
1.49478
1.34651
1.23969
1.16381
1.1152
1.09122
1.09194
1.0963
1.10772
1.13153
1.17787
1.25685
1.43993
1.8285
1.97142
1.9482
1.90976
1.8745
1.81561
1.75339
1.71586
1.68096
1.64454
1.62142
1.60997
1.60665
1.63178
1.66997
1.72545
1.79217
1.8668
1.93922
2.01283
2.08426
2.15027
2.20946
2.26083
2.30558
2.34289
2.37526
2.4007
2.42211
2.43738
2.44909
2.45707
2.46443
2.46742
2.46575
2.45992
2.45386
2.44589
2.43722
2.42616
2.41448
2.40066
2.38678
2.37126
2.35586
2.33926
2.32259
2.30487
2.28696
2.26798
2.24915
2.22922
2.20997
2.18955
2.17005
2.14932
2.12942
2.10839
2.08807
2.06687
2.04651
2.0254
2.0054
1.98457
1.96499
1.9446
1.92513
1.9049
1.88544
1.86559
1.84632
1.82698
1.80822
1.78935
1.77117
1.75273
1.73509
1.71728
1.70047
1.68419
1.66945
1.65892
3.45282
2.99677
2.57842
2.22545
1.94127
1.71887
1.54493
1.41303
1.3121
1.23967
1.18815
1.15182
1.14299
1.14504
1.15409
1.17833
1.23042
1.34328
1.57135
1.94378
2.03673
1.99853
1.96094
1.92447
1.87496
1.82484
1.78686
1.76704
1.74516
1.73943
1.7562
1.7898
1.82279
1.86285
1.91036
1.96337
2.01887
2.07051
2.13701
2.20353
2.26651
2.32001
2.36644
2.40362
2.4358
2.46126
2.48322
2.49902
2.51131
2.5188
2.52572
2.52894
2.52928
2.52308
2.51618
2.50717
2.49822
2.48703
2.4754
2.46163
2.44734
2.43131
2.41495
2.39735
2.37986
2.36147
2.34319
2.32399
2.30456
2.28419
2.26368
2.2425
2.2217
2.20047
2.17988
2.15877
2.13815
2.11671
2.09567
2.07377
2.0526
2.03091
2.01018
1.98916
1.96915
1.9487
1.92922
1.90894
1.88965
1.86939
1.85024
1.83037
1.81165
1.79255
1.77462
1.75635
1.73952
1.72248
1.7075
1.69565
3.52824
3.14503
2.77159
2.44178
2.15892
1.92648
1.73732
1.58458
1.46333
1.36658
1.29197
1.23648
1.19667
1.1782
1.17961
1.18853
1.21558
1.27591
1.41833
1.72375
2.00295
2.07249
2.05532
2.01242
1.96945
1.93342
1.90713
1.88553
1.87433
1.89845
1.94461
1.98292
2.00688
2.03032
2.05601
2.0789
2.10401
2.13812
2.18024
2.23877
2.30299
2.36231
2.4113
2.45049
2.48244
2.50777
2.52821
2.54277
2.55369
2.55917
2.56457
2.56682
2.56766
2.56162
2.55347
2.54305
2.53283
2.52074
2.50848
2.49376
2.47877
2.4616
2.4445
2.42593
2.40765
2.3884
2.36949
2.3498
2.33027
2.30997
2.28961
2.26852
2.24747
2.22578
2.20449
2.18267
2.16144
2.13985
2.11888
2.09763
2.07684
2.05557
2.03495
2.01369
1.99343
1.97259
1.9528
1.93271
1.91329
1.89382
1.87458
1.85534
1.83638
1.81725
1.79888
1.78029
1.76292
1.74592
1.73032
1.71885
3.58368
3.25303
2.92495
2.61693
2.34766
2.11222
1.91673
1.75136
1.61564
1.5046
1.41283
1.34162
1.28432
1.24387
1.22073
1.22191
1.2312
1.26113
1.32311
1.48668
1.85574
2.05367
2.10114
2.09481
2.06145
2.02912
2.01037
2.00814
2.01991
2.09181
2.16769
2.19918
2.21405
2.22365
2.2171
2.19344
2.18835
2.20691
2.23031
2.26358
2.31436
2.37442
2.42859
2.47249
2.50649
2.53275
2.55305
2.56776
2.5794
2.58522
2.58961
2.59148
2.59272
2.58936
2.58221
2.57185
2.56163
2.54933
2.53716
2.52256
2.50782
2.49078
2.47373
2.4553
2.4371
2.41826
2.3996
2.38024
2.36101
2.34065
2.32053
2.29913
2.27807
2.25611
2.23461
2.21268
2.19152
2.17005
2.14948
2.1281
2.10773
2.08624
2.06572
2.0443
2.02365
2.00264
1.98221
1.96177
1.94195
1.92197
1.90286
1.88314
1.86454
1.84509
1.82681
1.80791
1.79016
1.77264
1.75639
1.74404
3.62603
3.33712
3.043
2.76384
2.50502
2.2782
2.07802
1.90855
1.76228
1.64028
1.53735
1.45076
1.3814
1.32343
1.28061
1.25602
1.25732
1.2675
1.30038
1.36405
1.54551
1.95179
2.09946
2.13099
2.13297
2.12111
2.10788
2.12827
2.19637
2.33067
2.42035
2.43043
2.43636
2.42627
2.37201
2.31371
2.27843
2.27013
2.28315
2.30097
2.32597
2.36856
2.41978
2.46863
2.50845
2.53956
2.56343
2.58063
2.59338
2.60029
2.60409
2.60563
2.60701
2.60553
2.60042
2.59098
2.58079
2.56906
2.55697
2.54307
2.5286
2.51193
2.49516
2.47635
2.45829
2.43865
2.42011
2.40014
2.38097
2.36039
2.34035
2.31902
2.29825
2.27638
2.25531
2.23355
2.21272
2.19134
2.17071
2.14966
2.12904
2.10807
2.08741
2.06632
2.04577
2.0246
2.00439
1.98342
1.96373
1.94336
1.92421
1.90461
1.88589
1.86697
1.84862
1.83024
1.81247
1.79503
1.77863
1.7658
3.66155
3.40173
3.13907
2.88154
2.6418
2.42033
2.22563
2.05171
1.90206
1.77178
1.65987
1.5652
1.48282
1.41616
1.35917
1.31536
1.29215
1.29369
1.30512
1.34095
1.41246
1.6131
2.01342
2.14261
2.1631
2.18517
2.21043
2.26695
2.42838
2.6002
2.6723
2.67361
2.66237
2.6139
2.51517
2.43206
2.37391
2.34185
2.33121
2.3392
2.3505
2.36844
2.40186
2.44443
2.48997
2.52625
2.55651
2.57912
2.59509
2.60525
2.61092
2.61247
2.61396
2.6134
2.6119
2.60461
2.59615
2.58509
2.57379
2.5603
2.54646
2.53052
2.51435
2.49636
2.47873
2.4597
2.44158
2.42212
2.40356
2.38346
2.36395
2.34294
2.32237
2.3008
2.27978
2.25815
2.23702
2.21548
2.19451
2.17312
2.15252
2.13127
2.11104
2.08987
2.06986
2.04883
2.02886
2.00812
1.9882
1.9679
1.94824
1.92847
1.9094
1.89017
1.87188
1.85321
1.83575
1.81814
1.80189
1.78882
3.69316
3.45796
3.21745
2.98143
2.75608
2.54668
2.35513
2.18436
2.0313
1.897
1.77974
1.67614
1.58843
1.50985
1.44586
1.38971
1.34604
1.32519
1.32708
1.34007
1.37949
1.46677
1.68698
2.06581
2.18807
2.23408
2.29858
2.43749
2.70864
2.88969
2.91209
2.90713
2.87434
2.76775
2.64524
2.547
2.47442
2.42231
2.39005
2.37422
2.3766
2.38246
2.3948
2.41953
2.45752
2.50008
2.53531
2.56753
2.5903
2.60597
2.61605
2.61938
2.62206
2.62305
2.62412
2.62089
2.61463
2.60509
2.59474
2.58189
2.56879
2.55371
2.53862
2.52166
2.50472
2.48613
2.46782
2.44826
2.42918
2.40891
2.38911
2.368
2.34768
2.3263
2.3058
2.28416
2.26343
2.24151
2.22057
2.19859
2.17767
2.15596
2.13526
2.11397
2.09352
2.07263
2.05236
2.03173
2.01165
1.99119
1.97145
1.95122
1.93204
1.91225
1.8938
1.87476
1.85713
1.83948
1.82305
1.81004
3.72429
3.50761
3.28496
3.06677
2.8549
2.6568
2.47161
2.30408
2.15148
2.01588
1.89335
1.78727
1.69056
1.60863
1.53395
1.47219
1.41761
1.37439
1.35774
1.36014
1.37545
1.41981
1.52445
1.76399
2.12445
2.26782
2.39643
2.6809
3.0251
3.15967
3.1545
3.12583
3.0388
2.89184
2.76176
2.65584
2.57244
2.50553
2.45645
2.42101
2.40116
2.39829
2.40303
2.41435
2.43264
2.46889
2.50726
2.546
2.57777
2.60187
2.61909
2.62884
2.63379
2.63671
2.63959
2.63961
2.6358
2.62774
2.6185
2.60636
2.59384
2.57916
2.56465
2.54828
2.53197
2.51376
2.49555
2.47583
2.45643
2.43591
2.41578
2.39485
2.37441
2.35309
2.33233
2.31072
2.28971
2.26784
2.24658
2.22449
2.20313
2.18104
2.15982
2.13802
2.11713
2.09571
2.07518
2.05408
2.03388
2.01301
1.99319
1.97258
1.95326
1.93311
1.91442
1.89506
1.87719
1.8593
1.84272
1.82944
3.75726
3.55322
3.34759
3.1424
2.94405
2.75353
2.57716
2.41145
2.26232
2.12443
2.00215
1.8901
1.79206
1.70246
1.62473
1.55422
1.49437
1.44274
1.39875
1.39123
1.39447
1.41312
1.46582
1.58948
1.87034
2.2325
2.49993
3.01131
3.33717
3.38079
3.36255
3.30113
3.148
2.99352
2.86284
2.75141
2.6609
2.58592
2.52609
2.47779
2.44461
2.42534
2.42168
2.42813
2.43867
2.45533
2.4831
2.52006
2.55774
2.59111
2.61725
2.63564
2.64798
2.65259
2.65679
2.65814
2.65763
2.65089
2.64224
2.63065
2.61852
2.60407
2.58957
2.57322
2.55705
2.53922
2.52141
2.5019
2.48237
2.46137
2.44096
2.41959
2.39895
2.3773
2.35627
2.33421
2.31278
2.29045
2.26883
2.24641
2.22473
2.20233
2.18069
2.15848
2.13704
2.11521
2.09413
2.07273
2.0521
2.03107
2.01096
1.99027
1.97076
1.95057
1.93179
1.91244
1.8946
1.87684
1.86044
1.84747
3.79245
3.59899
3.40575
3.21275
3.0257
2.84338
2.67286
2.51207
2.36412
2.22717
2.10343
1.98942
1.88798
1.79497
1.7128
1.63728
1.57276
1.51255
1.46534
1.42595
1.42556
1.4333
1.46231
1.53355
1.69622
2.06395
2.55162
3.36496
3.60467
3.58943
3.53235
3.39874
3.22944
3.0786
2.95062
2.84317
2.7516
2.67427
2.60679
2.55254
2.50893
2.47939
2.4627
2.46129
2.46236
2.47441
2.48563
2.50393
2.53724
2.57107
2.60492
2.63215
2.65148
2.66296
2.66797
2.66999
2.67076
2.66746
2.65952
2.64809
2.63617
2.62203
2.60769
2.59124
2.57467
2.55641
2.53826
2.51872
2.49917
2.47848
2.45801
2.43653
2.41553
2.39362
2.37235
2.35017
2.32867
2.30627
2.28461
2.26208
2.24035
2.2178
2.19612
2.17363
2.15215
2.12989
2.10882
2.08699
2.06652
2.04526
2.02551
2.00491
1.98591
1.96609
1.94793
1.92919
1.91209
1.89526
1.87963
1.86789
3.83344
3.647
3.46315
3.2797
3.10076
2.92803
2.76048
2.60606
2.45819
2.32445
2.19803
2.0851
1.97883
1.88568
1.79734
1.72116
1.64948
1.58688
1.53417
1.48133
1.47109
1.47317
1.49016
1.54238
1.66661
1.91529
2.50504
3.61553
3.76565
3.72733
3.62329
3.4446
3.28393
3.15033
3.03637
2.93981
2.85455
2.77803
2.71013
2.65026
2.60026
2.56198
2.53177
2.51325
2.50468
2.50053
2.5027
2.51059
2.52396
2.54605
2.5775
2.60624
2.63276
2.65101
2.66327
2.66733
2.66944
2.66883
2.6663
2.65672
2.64548
2.63171
2.61766
2.60177
2.58564
2.56787
2.5499
2.53045
2.51108
2.49066
2.47049
2.4493
2.42848
2.40661
2.38533
2.36305
2.34159
2.31922
2.29777
2.27547
2.25407
2.23186
2.21055
2.18843
2.16735
2.14539
2.12469
2.103
2.0828
2.06151
2.04194
2.02125
2.00249
1.98274
1.96503
1.94675
1.93053
1.91467
1.89965
1.88901
3.8887
3.69982
3.52028
3.34537
3.17013
3.00624
2.84374
2.69249
2.548
2.41498
2.28926
2.1756
2.06768
1.97274
1.88124
1.80274
1.72698
1.66175
1.60492
1.54861
1.53233
1.534
1.54849
1.59477
1.709
1.92756
2.48043
3.6912
3.8997
3.86937
3.76413
3.5883
3.4377
3.30908
3.19358
3.08925
2.99782
2.91761
2.84479
2.77662
2.7158
2.66144
2.6171
2.57959
2.55107
2.53329
2.52349
2.51614
2.52225
2.52947
2.54164
2.56515
2.59145
2.61691
2.6369
2.65
2.65713
2.65848
2.65935
2.65669
2.64923
2.63709
2.62352
2.60796
2.59243
2.57558
2.55865
2.54034
2.52193
2.50216
2.48244
2.46153
2.44097
2.41931
2.39819
2.37595
2.35439
2.33175
2.30997
2.28724
2.26552
2.24294
2.22147
2.19913
2.17802
2.15594
2.13534
2.11364
2.09371
2.07263
2.05353
2.0334
2.01539
1.99661
1.98013
1.96334
1.94846
1.93378
1.92017
1.91268
3.95507
3.76102
3.5785
3.40923
3.24067
3.07703
2.92263
2.77352
2.63129
2.50148
2.37419
2.26295
2.15233
2.05726
1.96354
1.88238
1.80539
1.73611
1.67964
1.62101
1.6168
1.61937
1.63843
1.69274
1.82855
2.0914
2.55778
3.45984
3.95819
3.96125
3.93012
3.83374
3.64865
3.47974
3.3428
3.23023
3.13416
3.0455
2.96348
2.88614
2.81559
2.75237
2.69625
2.6476
2.60719
2.57461
2.55227
2.53643
2.5253
2.52133
2.52618
2.53451
2.55015
2.57537
2.599
2.62064
2.63464
2.64402
2.64512
2.64502
2.64318
2.63678
2.62518
2.61037
2.59506
2.57817
2.56128
2.54312
2.525
2.50559
2.4863
2.46565
2.44534
2.42373
2.40277
2.38063
2.35938
2.33707
2.31577
2.29351
2.27235
2.2502
2.22929
2.2073
2.18676
2.16505
2.14499
2.12379
2.10443
2.08404
2.06571
2.04653
2.02973
2.0124
1.99772
1.98193
1.96892
1.95636
1.94564
1.94313
4.02489
3.82151
3.64169
3.46993
3.30915
3.1495
2.99556
2.85272
2.71065
2.58305
2.45744
2.34398
2.23607
2.13669
2.04516
1.95944
1.88345
1.81313
1.75387
1.71713
1.71671
1.72783
1.76706
1.85696
2.06256
2.41813
2.69286
3.0709
3.64051
3.92745
3.92624
3.89554
3.81352
3.6468
3.49243
3.36431
3.25567
3.15899
3.06915
2.98659
2.91051
2.84111
2.77708
2.71953
2.66845
2.62516
2.5888
2.56081
2.54169
2.52578
2.51433
2.51777
2.52217
2.53097
2.54831
2.57068
2.59211
2.60971
2.62065
2.62474
2.62563
2.62421
2.62008
2.60819
2.59443
2.57815
2.56196
2.54426
2.52683
2.50795
2.48932
2.46919
2.44949
2.42837
2.408
2.38629
2.36556
2.34353
2.32264
2.30051
2.27966
2.25766
2.23703
2.2153
2.19504
2.17372
2.15408
2.13345
2.11479
2.09529
2.07821
2.06043
2.04587
2.0299
2.01707
2.00365
1.99381
1.98551
1.98133
1.98241
4.12654
3.89938
3.7074
3.5358
3.37448
3.22078
3.06999
2.92682
2.7901
2.66066
2.53842
2.4238
2.31586
2.21617
2.12304
2.03823
1.96009
1.89458
1.83971
1.83648
1.84195
1.87148
1.94817
2.12821
2.44466
2.65896
2.78415
2.93991
3.20747
3.60838
3.84791
3.87857
3.86415
3.80545
3.65849
3.51325
3.3873
3.27567
3.17524
3.08583
3.00386
2.92836
2.85759
2.79347
2.735
2.68328
2.63695
2.59792
2.5653
2.54293
2.52212
2.50799
2.50395
2.50752
2.51351
2.52494
2.54523
2.56517
2.58344
2.59592
2.60338
2.60388
2.60336
2.59952
2.59114
2.57648
2.56052
2.54282
2.52564
2.5072
2.48925
2.4698
2.45089
2.43035
2.41062
2.38927
2.36904
2.3473
2.32688
2.30511
2.28475
2.26321
2.24314
2.22202
2.20251
2.18194
2.16342
2.14368
2.12677
2.10852
2.09398
2.07828
2.06503
2.05206
2.04117
2.03338
2.02732
2.02694
2.02677
2.03479
4.18555
3.97992
3.78019
3.60176
3.44288
3.28878
3.14296
3.00203
2.86538
2.73863
2.61605
2.50218
2.39478
2.29371
2.20144
2.11606
2.04325
1.97767
1.96795
1.96997
1.99366
2.06924
2.23474
2.55114
2.75155
2.83347
2.86906
2.93343
3.0294
3.21325
3.50855
3.75376
3.83589
3.83059
3.78413
3.67374
3.53846
3.40619
3.28948
3.18814
3.09785
3.01484
2.93899
2.86935
2.8057
2.74636
2.69273
2.64415
2.6026
2.56679
2.54022
2.51654
2.49898
2.48741
2.49012
2.4933
2.50006
2.51316
2.53308
2.55139
2.56689
2.57628
2.57855
2.57829
2.5763
2.56987
2.55645
2.54004
2.52332
2.50504
2.48743
2.46835
2.45026
2.43039
2.41158
2.3909
2.37138
2.35027
2.33037
2.30924
2.28943
2.26845
2.24927
2.22856
2.21042
2.19046
2.17362
2.15549
2.14039
2.1256
2.11205
2.09955
2.08854
2.08071
2.07443
2.07407
2.07466
2.07829
2.08292
2.1073
4.19995
4.08406
3.86798
3.6782
3.51153
3.36014
3.2129
3.07567
2.9412
2.81352
2.69312
2.57879
2.47196
2.37206
2.27963
2.19964
2.12874
2.10649
2.10694
2.12817
2.19818
2.34871
2.68863
2.89398
2.95583
2.96155
2.95902
2.96235
2.98493
3.04097
3.17535
3.42686
3.68143
3.79781
3.79709
3.76352
3.68054
3.55224
3.42036
3.30402
3.1999
3.10642
3.02331
2.9474
2.87756
2.81212
2.75209
2.69735
2.64815
2.60425
2.56628
2.53548
2.50931
2.48732
2.47241
2.46841
2.4705
2.47488
2.48347
2.50013
2.51836
2.53371
2.5456
2.5506
2.55063
2.54908
2.54472
2.53362
2.5192
2.50135
2.48397
2.46519
2.44747
2.42842
2.41021
2.39044
2.37171
2.35122
2.33243
2.3116
2.29316
2.27264
2.25472
2.23529
2.21821
2.20075
2.18533
2.17106
2.15816
2.14601
2.13537
2.12761
2.12166
2.12129
2.12219
2.12626
2.13288
2.15104
2.16205
2.19656
4.19925
4.12985
3.96697
3.76347
3.58819
3.43141
3.28689
3.14726
3.0163
2.88935
2.76901
2.65509
2.54949
2.45062
2.36402
2.28758
2.25673
2.2555
2.27504
2.34349
2.49837
2.85079
3.06373
3.10911
3.11034
3.09632
3.02858
2.98091
2.98465
3.00458
3.05358
3.16201
3.36848
3.61065
3.7482
3.74969
3.73111
3.6787
3.56274
3.43971
3.31876
3.2105
3.1158
3.03159
2.95348
2.88195
2.8158
2.75548
2.69939
2.6485
2.60211
2.56183
2.52793
2.49925
2.47408
2.45608
2.44535
2.44669
2.44877
2.45386
2.46446
2.48127
2.49749
2.51088
2.51951
2.52039
2.51967
2.51672
2.50983
2.49481
2.47864
2.4603
2.44302
2.42396
2.40685
2.38746
2.37025
2.3506
2.33306
2.31363
2.29609
2.27755
2.26066
2.24379
2.22856
2.21463
2.20262
2.19111
2.18105
2.17338
2.16822
2.16767
2.16907
2.1737
2.18241
2.19914
2.21585
2.24027
2.25458
2.28619
4.17363
4.14078
4.05109
3.85164
3.66716
3.50603
3.35861
3.22144
3.0887
2.96475
2.84505
2.73282
2.62793
2.53553
2.45389
2.41684
2.41417
2.43296
2.50293
2.66864
3.03575
3.25409
3.2873
3.28781
3.2612
3.17697
3.09518
3.02872
3.00508
3.00935
3.02721
3.0678
3.14808
3.31364
3.52547
3.66462
3.69634
3.69105
3.65578
3.56742
3.44896
3.32794
3.22126
3.12404
3.03599
2.95582
2.88361
2.81642
2.75486
2.69684
2.64483
2.59684
2.55478
2.51802
2.48685
2.45918
2.43728
2.42396
2.41889
2.42013
2.42328
2.43
2.44334
2.4597
2.4735
2.48468
2.48847
2.48804
2.48599
2.48064
2.46994
2.45355
2.43748
2.41873
2.40217
2.38374
2.3673
2.34941
2.33289
2.31565
2.29944
2.28343
2.2687
2.25512
2.24391
2.23357
2.2245
2.21714
2.21344
2.21285
2.21467
2.22018
2.23119
2.24889
2.26661
2.29093
2.30884
2.33194
2.34032
2.35764
4.12107
4.11616
4.07288
3.95882
3.76113
3.58692
3.43441
3.29465
3.16379
3.03885
2.92205
2.8121
2.71388
2.62737
2.5864
2.58253
2.60125
2.67486
2.84888
3.22948
3.45785
3.48184
3.47883
3.44601
3.34506
3.24785
3.17102
3.10553
3.06077
3.0332
3.03824
3.04716
3.07408
3.12944
3.2547
3.42116
3.57068
3.64127
3.64146
3.61927
3.55926
3.4514
3.34184
3.23058
3.1289
3.03854
2.95755
2.88316
2.81369
2.75036
2.69143
2.63844
2.58893
2.54518
2.50574
2.47286
2.44252
2.41786
2.4011
2.39068
2.39035
2.39198
2.39592
2.40476
2.41901
2.4352
2.44598
2.45468
2.45416
2.45313
2.44993
2.44237
2.42911
2.41269
2.39667
2.37966
2.36385
2.34795
2.333
2.31836
2.30476
2.29215
2.28181
2.27312
2.26555
2.25872
2.25685
2.25677
2.25857
2.26603
2.27867
2.29872
2.31696
2.34262
2.36132
2.38296
2.3939
2.4035
2.4034
2.40364
3.89816
4.0879
4.07114
4.00872
3.85803
3.67342
3.51306
3.37019
3.23912
3.11605
3.00109
2.8984
2.80772
2.76573
2.76092
2.77974
2.85993
3.04924
3.45588
3.68436
3.69348
3.68676
3.64378
3.52924
3.42243
3.33204
3.26118
3.19541
3.14196
3.09662
3.06145
3.05509
3.05685
3.07099
3.10737
3.18344
3.32287
3.46833
3.56453
3.57257
3.56657
3.53437
3.45324
3.34485
3.23383
3.13332
3.04083
2.95627
2.87831
2.80826
2.74365
2.68439
2.62904
2.57853
2.53287
2.49204
2.45708
2.42435
2.3973
2.3768
2.36389
2.3583
2.359
2.36138
2.36645
2.37902
2.39317
2.40711
2.41597
2.42145
2.41978
2.41798
2.41358
2.40401
2.39076
2.37623
2.36169
2.34781
2.33497
2.32373
2.31407
2.30751
2.30162
2.29687
2.29608
2.29725
2.30043
2.31103
2.32497
2.34759
2.36749
2.39417
2.41467
2.43502
2.44728
2.45335
2.45256
2.44885
2.44079
2.42846
3.35407
3.98807
4.04831
4.02
3.94387
3.76891
3.5984
3.44998
3.3177
3.19627
3.08889
2.9936
2.95347
2.94801
2.96807
3.05773
3.27126
3.70853
3.92597
3.93126
3.91453
3.85066
3.72624
3.60841
3.51161
3.43021
3.35922
3.29379
3.23111
3.17587
3.12167
3.08382
3.0644
3.05424
3.05964
3.08049
3.12682
3.22734
3.35329
3.46305
3.50975
3.50898
3.49005
3.43859
3.34065
3.239
3.13468
3.03714
2.95078
2.87265
2.80168
2.73472
2.67424
2.61726
2.56635
2.51855
2.47633
2.43838
2.40472
2.37481
2.35237
2.33622
2.32583
2.32565
2.32669
2.32997
2.33723
2.35218
2.3661
2.37869
2.38565
2.38975
2.38762
2.38575
2.38144
2.37253
2.36164
2.3512
2.34222
2.33611
2.33244
2.33124
2.33096
2.33315
2.3383
2.35373
2.36929
2.39362
2.41698
2.4439
2.46743
2.48702
2.50025
2.50429
2.50318
2.49892
2.48932
2.4736
2.45626
2.43834
2.31288
3.67855
4.01186
4.00553
3.96889
3.87528
3.69882
3.54044
3.40315
3.28714
3.1855
3.14935
3.1433
3.16771
3.26813
3.52264
3.96064
4.17033
4.1738
4.15165
4.07155
3.93318
3.80496
3.70204
3.61443
3.53664
3.46487
3.39354
3.32606
3.26044
3.19691
3.14257
3.09366
3.06534
3.04454
3.04023
3.0498
3.07621
3.13287
3.24538
3.34768
3.42454
3.43336
3.42911
3.40522
3.33852
3.23229
3.12945
3.03563
2.94764
2.86571
2.79072
2.72306
2.66174
2.60432
2.55183
2.50217
2.45859
2.41874
2.38396
2.35213
2.32752
2.3077
2.29556
2.29117
2.29177
2.29403
2.29975
2.31239
2.32818
2.34151
2.35322
2.36022
2.36462
2.36616
2.36387
2.3623
2.35943
2.35864
2.35892
2.35979
2.3653
2.37401
2.39063
2.40912
2.43584
2.46343
2.49196
2.51762
2.53811
2.55219
2.55512
2.55378
2.54901
2.53839
2.52045
2.50171
2.48235
2.46334
2.44718
1.93609
2.89381
3.8177
3.98093
3.96972
3.92424
3.80853
3.64195
3.50291
3.38641
3.35352
3.34731
3.3782
3.49354
3.80006
4.2465
4.44945
4.44655
4.40845
4.30108
4.14868
4.01316
3.90312
3.80959
3.72762
3.64774
3.5716
3.49541
3.42037
3.349
3.27631
3.21257
3.15047
3.09706
3.06243
3.03061
3.01349
3.01643
3.03076
3.06234
3.12993
3.22725
3.31525
3.35892
3.35819
3.34388
3.30553
3.22641
3.12982
3.02779
2.93561
2.85364
2.77876
2.71009
2.64598
2.58724
2.53312
2.48406
2.43928
2.39858
2.36181
2.32857
2.30221
2.28032
2.26641
2.25868
2.25898
2.26059
2.26501
2.27624
2.2928
2.3097
2.32538
2.33868
2.34935
2.35778
2.36497
2.37475
2.38195
2.39262
2.40391
2.42161
2.44436
2.47379
2.5051
2.53632
2.5643
2.58601
2.60117
2.6037
2.60229
2.59719
2.5859
2.56644
2.54725
2.52669
2.50671
2.488
2.47154
2.4615
1.71827
2.09774
3.33426
3.88527
3.96072
3.93914
3.88333
3.75351
3.60999
3.56695
3.56019
3.5983
3.73842
4.11025
4.5611
4.73261
4.72383
4.67426
4.5414
4.37476
4.23149
4.11436
4.01721
3.92913
3.84509
3.76225
3.67901
3.59728
3.5155
3.43741
3.35986
3.28716
3.21802
3.15169
3.0975
3.0491
3.01461
2.98693
2.97362
2.9788
2.996
3.03267
3.11256
3.1891
3.25809
3.27604
3.27282
3.25325
3.20321
3.1168
3.0227
2.93115
2.84415
2.76233
2.69082
2.62551
2.56697
2.51248
2.46278
2.41668
2.37518
2.33777
2.30407
2.27655
2.25332
2.23772
2.22839
2.22859
2.23021
2.23469
2.24675
2.26566
2.28779
2.3097
2.33176
2.35354
2.37532
2.398
2.41964
2.44505
2.47394
2.50696
2.5418
2.57631
2.60719
2.63027
2.64618
2.64854
2.64711
2.64174
2.62997
2.60994
2.59057
2.56912
2.54857
2.52866
2.512
2.49832
2.48731
2.48377
1.60047
1.77894
2.29941
3.57041
3.90709
3.94291
3.92158
3.861
3.80805
3.79708
3.84052
4.00704
4.46245
4.91138
5.04011
5.02488
4.96021
4.79404
4.61119
4.46007
4.3385
4.23607
4.14248
4.05261
3.96297
3.87331
3.78407
3.69568
3.60926
3.52491
3.44285
3.36356
3.28778
3.21404
3.14832
3.08481
3.03363
2.99294
2.95463
2.93019
2.9282
2.93478
2.95302
2.99357
3.0704
3.13727
3.18756
3.18752
3.1781
3.15106
3.0908
3.00788
2.91757
2.83206
2.75003
2.67581
2.6071
2.54564
2.48893
2.43797
2.39184
2.3496
2.31293
2.27884
2.25162
2.2282
2.21216
2.20571
2.20622
2.20884
2.21561
2.23244
2.25622
2.28692
2.32028
2.35794
2.39713
2.43662
2.47842
2.52242
2.56633
2.60794
2.64383
2.66982
2.68687
2.68866
2.6871
2.6814
2.66891
2.64914
2.62997
2.60775
2.58721
2.56673
2.55017
2.5355
2.52475
2.51799
2.51261
2.51345
1.52309
1.64505
1.90878
2.78434
3.68679
3.90931
3.95878
3.96734
3.99722
4.09691
4.33801
4.89552
5.31197
5.36774
5.34096
5.25189
5.03475
4.84806
4.69757
4.57653
4.47067
4.37143
4.2736
4.17537
4.07835
3.98137
3.88667
3.79306
3.70168
3.61269
3.52523
3.44113
3.35889
3.27954
3.20483
3.13284
3.06764
3.01142
2.96136
2.92095
2.88707
2.86559
2.86783
2.87759
2.89964
2.94575
3.0085
3.0685
3.09508
3.09436
3.08073
3.04479
2.97178
2.89369
2.81212
2.73111
2.65604
2.58666
2.52294
2.46645
2.41323
2.36789
2.32486
2.28871
2.25636
2.22912
2.20938
2.19399
2.19432
2.19647
2.20244
2.21491
2.24112
2.27774
2.32386
2.37669
2.43266
2.49296
2.55296
2.60887
2.65653
2.69265
2.71544
2.71965
2.71839
2.71284
2.70049
2.68151
2.66187
2.63976
2.61864
2.59943
2.58231
2.56833
2.55723
2.55056
2.54565
2.54501
2.54474
2.55113
1.46917
1.54549
1.70022
2.03752
3.15291
3.78018
3.99092
4.11941
4.33916
4.71432
5.37786
5.7557
5.75158
5.69218
5.53602
5.30452
5.10323
4.94525
4.82203
4.71298
4.60927
4.50522
4.40129
4.29667
4.19283
4.08976
3.9876
3.88798
3.78984
3.69489
3.60189
3.51191
3.42449
3.33972
3.25937
3.18129
3.10851
3.04152
2.97811
2.92773
2.87903
2.83655
2.80943
2.79549
2.79782
2.80761
2.83059
2.8841
2.93513
2.98377
2.99395
2.99044
2.97105
2.92615
2.85592
2.78009
2.70523
2.63086
2.56269
2.49897
2.44102
2.39037
2.3421
2.30356
2.26721
2.23852
2.21649
2.19825
2.19855
2.20138
2.20816
2.22191
2.25185
2.29527
2.35013
2.41518
2.4867
2.55708
2.6202
2.67147
2.70726
2.7284
2.72761
2.72409
2.71769
2.70299
2.68403
2.66274
2.64207
2.62358
2.6068
2.59338
2.58297
2.57624
2.57269
2.57208
2.57276
2.57481
2.58139
2.59944
1.43563
1.4846
1.5783
1.7503
2.18472
3.41408
3.98931
4.42137
5.05133
5.88063
6.20373
6.18453
6.07902
5.81429
5.56675
5.36156
5.19811
5.06832
4.95517
4.84512
4.73666
4.62648
4.51559
4.4039
4.29276
4.18308
4.07492
3.96974
3.86644
3.76634
3.6684
3.57355
3.48153
3.3922
3.30688
3.22387
3.14506
3.07094
2.99908
2.9356
2.87828
2.82435
2.7796
2.7418
2.71483
2.71314
2.71597
2.72603
2.75052
2.80334
2.85145
2.88469
2.88542
2.87838
2.85551
2.80281
2.73898
2.66692
2.59902
2.53309
2.47164
2.4173
2.36557
2.3236
2.28554
2.2551
2.23274
2.21986
2.22083
2.22519
2.23563
2.25677
2.29485
2.34559
2.40665
2.47405
2.53976
2.59627
2.64208
2.6751
2.69718
2.70082
2.69957
2.69561
2.68577
2.66983
2.65249
2.63696
2.62169
2.60897
2.59938
2.59243
2.59031
2.59014
2.59113
2.59396
2.60326
2.61558
2.62472
2.64807
1.41935
1.45067
1.5053
1.63642
1.85991
2.5239
3.79745
5.0956
6.40389
6.66756
6.62061
6.43495
6.09542
5.81896
5.60772
5.44369
5.31628
5.20108
5.08737
4.97208
4.8531
4.73271
4.61242
4.49289
4.37405
4.25849
4.14408
4.03357
3.92495
3.81946
3.71712
3.61732
3.52121
3.428
3.33797
3.25132
3.16796
3.08815
3.01198
2.9405
2.8738
2.81284
2.75855
2.70737
2.66412
2.63455
2.61238
2.61272
2.61791
2.63126
2.66314
2.70661
2.74994
2.76961
2.77029
2.76059
2.73276
2.67604
2.62082
2.55879
2.49743
2.4429
2.39198
2.34867
2.31272
2.28291
2.263
2.26354
2.2668
2.27393
2.29099
2.32612
2.37069
2.41691
2.46703
2.5103
2.5457
2.57727
2.60008
2.61765
2.62927
2.63472
2.6349
2.63484
2.63256
2.62748
2.61847
2.61085
2.60405
2.59864
2.59857
2.59922
2.60113
2.60488
2.6158
2.62709
2.64175
2.65853
2.66988
2.69337
1.41256
1.43373
1.47112
1.57212
1.75513
2.18148
3.33494
6.18729
6.89196
6.84957
6.59706
6.25599
5.97336
5.77159
5.61695
5.49898
5.38865
5.27511
5.15639
5.03355
4.9084
4.78278
4.65765
4.53408
4.41174
4.29223
4.17461
4.06
3.94792
3.83876
3.73287
3.62959
3.53006
3.43276
3.33957
3.24864
3.16226
3.07858
2.99922
2.92419
2.85243
2.78617
2.72579
2.66872
2.61698
2.57322
2.5352
2.50977
2.49986
2.50052
2.5066
2.5214
2.56162
2.60244
2.63343
2.64767
2.64871
2.63909
2.60766
2.56059
2.51198
2.46303
2.41866
2.37863
2.34713
2.32531
2.32126
2.32337
2.3311
2.34582
2.37595
2.40831
2.44032
2.46896
2.48974
2.5016
2.51
2.51551
2.52133
2.52754
2.5345
2.54218
2.5494
2.55647
2.56295
2.56796
2.57168
2.57467
2.57867
2.58277
2.59084
2.59852
2.61022
2.62234
2.64031
2.65751
2.67623
2.69431
2.7061
2.72711
1.41099
1.42575
1.46252
1.54281
1.7198
2.08907
3.18019
6.31791
6.41959
6.35547
6.09459
5.87439
5.73266
5.6197
5.52734
5.43213
5.32719
5.21263
5.09144
4.96645
4.84008
4.71453
4.59191
4.47154
4.35286
4.23597
4.12065
4.00722
3.89655
3.78765
3.68275
3.5793
3.48027
3.38335
3.29061
3.20111
3.11538
3.03358
2.95479
2.88042
2.80847
2.74077
2.67686
2.61665
2.56073
2.50924
2.46199
2.42293
2.3944
2.37212
2.3718
2.37536
2.38528
2.40637
2.44499
2.48816
2.51479
2.52816
2.5292
2.52212
2.49923
2.4667
2.43481
2.40819
2.38912
2.38719
2.38965
2.39717
2.41112
2.4334
2.45344
2.46907
2.47793
2.47603
2.46904
2.45719
2.44458
2.43243
2.42631
2.42674
2.4292
2.43492
2.44698
2.4619
2.47804
2.49442
2.51021
2.52608
2.54122
2.55862
2.57466
2.594
2.61359
2.6361
2.65672
2.67913
2.69645
2.71533
2.72358
2.74089
1.40993
1.42418
1.45805
1.53474
1.70352
2.04872
3.12146
6.18199
6.04907
5.79955
5.66713
5.58313
5.51034
5.44075
5.35839
5.26218
5.15597
5.0433
4.92707
4.80837
4.68827
4.56615
4.44354
4.32238
4.20388
4.08773
3.97594
3.8669
3.76284
3.66098
3.56326
3.46784
3.37541
3.28611
3.1994
3.11605
3.03551
2.95797
2.88293
2.81107
2.74102
2.67406
2.60987
2.54799
2.49042
2.43592
2.38456
2.33894
2.29975
2.26696
2.24486
2.23956
2.24003
2.24729
2.26234
2.30059
2.33963
2.38072
2.4074
2.43645
2.43974
2.44322
2.44119
2.44003
2.44504
2.45089
2.46212
2.47522
2.48824
2.49139
2.48881
2.48102
2.46445
2.43392
2.40698
2.37876
2.35667
2.33753
2.32512
2.32403
2.3281
2.33331
2.34371
2.36473
2.38727
2.41386
2.4393
2.46744
2.4939
2.52229
2.54921
2.57788
2.60419
2.63128
2.65373
2.67577
2.69099
2.70632
2.71091
2.72385
1.40909
1.42461
1.455
1.5349
1.69576
2.03796
3.10587
6.16874
5.94693
5.64561
5.51808
5.44953
5.38345
5.30279
5.20825
5.10418
4.9938
4.87941
4.76178
4.64182
4.52102
4.4
4.28031
4.16343
4.05008
3.94092
3.83558
3.73424
3.63559
3.5411
3.44825
3.36012
3.27298
3.19064
3.10872
3.03131
2.95367
2.88037
2.80637
2.73657
2.66669
2.60005
2.53549
2.47284
2.4142
2.35783
2.30545
2.25634
2.21279
2.17409
2.14232
2.12057
2.11267
2.11325
2.11973
2.1355
2.16711
2.21441
2.26253
2.31283
2.3548
2.38997
2.42262
2.45051
2.4779
2.49602
2.50473
2.50392
2.49964
2.48798
2.46198
2.42615
2.38954
2.35408
2.32066
2.29058
2.26656
2.24775
2.23448
2.2319
2.23611
2.24328
2.25271
2.27144
2.29781
2.32859
2.36267
2.39881
2.43568
2.47307
2.50827
2.54301
2.5727
2.60062
2.62199
2.64084
2.65274
2.66279
2.66561
2.67475
1.40896
1.4245
1.45455
1.53439
1.6945
2.03567
3.10888
6.17265
5.91568
5.58927
5.45554
5.39246
5.32209
5.23044
5.12449
5.01104
4.89281
4.77169
4.64913
4.52665
4.40519
4.2865
4.17007
4.05709
3.94798
3.84295
3.74207
3.64458
3.55071
3.4596
3.37118
3.28502
3.20079
3.1184
3.03757
2.9586
2.88086
2.80574
2.73154
2.66076
2.59103
2.52526
2.46059
2.40055
2.34196
2.2875
2.23645
2.18808
2.14438
2.10441
2.06992
2.04161
2.01977
2.01866
2.01892
2.02622
2.04246
2.07851
2.13168
2.19522
2.26426
2.33291
2.3975
2.45133
2.49349
2.5063
2.50845
2.50555
2.48918
2.45637
2.41795
2.37598
2.33556
2.29594
2.26227
2.23054
2.20539
2.18342
2.16771
2.15977
2.16074
2.16404
2.17056
2.18324
2.20631
2.2367
2.27161
2.31154
2.35237
2.394
2.43301
2.46836
2.49882
2.52384
2.54244
2.55707
2.56551
2.57161
2.57402
2.58014
1.4088
1.42478
1.45401
1.53454
1.69411
2.03525
3.10878
6.1727
5.90676
5.57064
5.43582
5.37779
5.30897
5.21431
5.10373
4.98521
4.86182
4.73546
4.60784
4.48116
4.35718
4.237
4.1215
4.01011
3.90339
3.80038
3.70117
3.60469
3.51071
3.4188
3.32834
3.23997
3.15289
3.06803
2.98514
2.90458
2.82662
2.75134
2.67885
2.60903
2.54248
2.47763
2.41691
2.35702
2.30134
2.24677
2.19645
2.14727
2.10286
2.06136
2.02365
1.99259
1.96682
1.95652
1.95579
1.96119
1.97489
2.00251
2.05483
2.12665
2.21317
2.30464
2.38942
2.45541
2.50212
2.50353
2.50085
2.49149
2.46348
2.4204
2.37422
2.32865
2.28347
2.24066
2.20316
2.16763
2.13974
2.11377
2.09614
2.08265
2.0822
2.08328
2.08728
2.09593
2.11701
2.14567
2.18165
2.22134
2.26497
2.3068
2.34774
2.38319
2.41433
2.43949
2.45895
2.47444
2.48495
2.49322
2.49714
2.5071
)
;

boundaryField
{
    inlet
    {
        type            calculated;
        value           uniform 1.40001;
    }
    outlet
    {
        type            calculated;
        value           nonuniform List<scalar> 
40
(
1.40381
1.52229
1.56778
1.62355
1.65498
1.69162
1.71475
1.73986
1.76154
1.78446
1.80555
1.82479
1.8426
1.86276
1.88353
1.90662
1.93615
1.97445
2.02519
2.09587
2.18444
2.2748
2.34832
2.39632
2.42301
2.43341
2.44221
2.45609
2.47793
2.50723
2.54442
2.59226
2.64063
2.68574
2.71933
2.73307
2.71612
2.66722
2.57291
2.50009
)
;
    }
    bottom
    {
        type            symmetryPlane;
    }
    top
    {
        type            symmetryPlane;
    }
    obstacle
    {
        type            calculated;
        value           nonuniform List<scalar> 
110
(
5.98256
5.98367
5.97189
5.95006
5.91493
5.86897
5.80047
5.69747
5.52978
5.26019
1.89667
1.03705
0.720386
0.643961
0.644145
0.677145
0.767114
0.841899
0.868178
0.868497
0.868889
0.871582
0.880711
0.903852
0.955918
1.06965
1.32904
1.58634
1.65074
1.67157
1.64786
1.61195
1.59082
1.58746
1.57726
1.56745
1.55781
1.54758
1.54684
1.54776
1.55253
1.56845
1.59995
1.64866
1.70678
1.76805
1.82723
1.88219
1.93384
1.97879
2.01808
2.05155
2.07998
2.10488
2.1268
2.14075
2.1535
2.15984
2.16617
2.16739
2.1692
2.16356
2.16051
2.15159
2.14567
2.13434
2.1259
2.11285
2.10205
2.08743
2.07468
2.05876
2.04467
2.02769
2.01246
1.99462
1.97856
1.96007
1.94325
1.92424
1.90678
1.88745
1.8695
1.8499
1.83169
1.81188
1.79364
1.77368
1.75559
1.73563
1.71776
1.69797
1.6804
1.66083
1.6437
1.62436
1.60766
1.58868
1.57232
1.5538
1.53776
1.51974
1.50412
1.48667
1.47181
1.45525
1.44163
1.42686
1.41596
1.40714
)
;
    }
    defaultFaces
    {
        type            empty;
    }
}


// ************************************************************************* //
