/*--------------------------------*- C++ -*----------------------------------*\
  =========                 |
  \\      /  F ield         | OpenFOAM: The Open Source CFD Toolbox
   \\    /   O peration     | Website:  https://openfoam.org
    \\  /    A nd           | Version:  9
     \\/     M anipulation  |
\*---------------------------------------------------------------------------*/
FoamFile
{
    format      ascii;
    class       volScalarField;
    location    "5";
    object      Ma;
}
// * * * * * * * * * * * * * * * * * * * * * * * * * * * * * * * * * * * * * //

dimensions      [0 0 0 0 0 0 0];

internalField   nonuniform List<scalar> 
5250
(
3
2.99997
2.9999
2.99978
2.99936
2.9986
2.99608
2.99125
2.97661
2.94517
2.85912
2.65483
2.17543
1.29226
0.534685
0.267141
0.323491
0.339004
0.305459
0.250207
0.199052
0.158063
0.1175
0.0729325
0.0398939
3
2.99997
2.99991
2.99976
2.99942
2.99848
2.99648
2.9906
2.97853
2.94334
2.86497
2.65695
2.18856
1.30954
0.543653
0.268081
0.32575
0.342082
0.308783
0.254368
0.20443
0.164774
0.126301
0.0866803
0.0626114
3
2.99997
2.99992
2.99977
2.99943
2.99858
2.99643
2.99143
2.97802
2.94761
2.86639
2.67145
2.21221
1.34912
0.564803
0.272868
0.332793
0.351026
0.318635
0.266281
0.219033
0.182472
0.148528
0.116724
0.100172
3
2.99998
2.99992
2.99979
2.99944
2.99866
2.99664
2.99171
2.97974
2.94913
2.87519
2.68728
2.25092
1.41127
0.597699
0.282273
0.3449
0.365968
0.334972
0.28551
0.241469
0.208585
0.179558
0.154039
0.141473
3
2.99998
2.99993
2.99979
2.99951
2.9987
2.99696
2.99221
2.98113
2.953
2.88377
2.70986
2.30116
1.49641
0.641994
0.299559
0.363401
0.387321
0.357876
0.311419
0.270536
0.241184
0.216478
0.195755
0.185707
3
2.99998
2.99993
2.99983
2.99951
2.99891
2.99702
2.99322
2.9822
2.95795
2.89286
2.73733
2.35963
1.6041
0.699494
0.330203
0.391344
0.416538
0.388448
0.344906
0.306655
0.280489
0.259737
0.24325
0.23583
3
2.99998
2.99994
2.99983
2.99958
2.99895
2.99741
2.99368
2.98408
2.96178
2.90328
2.76276
2.41967
1.71572
0.763278
0.366886
0.423852
0.448723
0.423287
0.384114
0.349305
0.326547
0.310089
0.298532
0.295576
3
2.99998
2.99995
2.99984
2.99964
2.99899
2.9978
2.99388
2.98636
2.96364
2.91447
2.78126
2.47022
1.8046
0.831567
0.404355
0.450439
0.472063
0.454574
0.423843
0.395526
0.378361
0.368151
0.364155
0.371209
3
2.99999
2.99995
2.99987
2.99964
2.99919
2.99774
2.99508
2.9863
2.96943
2.91898
2.80573
2.51432
1.8964
0.926023
0.463995
0.471001
0.486062
0.482542
0.462528
0.443591
0.434634
0.433787
0.44398
0.474086
3
2.99999
2.99996
2.99988
2.99969
2.99923
2.99811
2.99523
2.98864
2.97073
2.93037
2.82268
2.56575
1.99306
1.04494
0.535481
0.486354
0.502104
0.509368
0.500074
0.492342
0.49355
0.508789
0.54878
0.650192
3
2.99999
2.99996
2.9999
2.99972
2.99935
2.99826
2.99605
2.98932
2.97585
2.93602
2.84764
2.61417
2.10012
1.18994
0.619519
0.503926
0.521275
0.536425
0.537163
0.539925
0.554443
0.592476
0.675361
0.843629
3
2.99999
2.99997
2.99991
2.99979
2.99938
2.99866
2.99623
2.99173
2.97759
2.94809
2.86598
2.67289
2.21548
1.36852
0.718403
0.528976
0.546047
0.565551
0.574462
0.586436
0.614284
0.671208
0.77778
0.959512
3
3
2.99998
2.99993
2.99981
2.99952
2.99879
2.9971
2.99255
2.98259
2.95483
2.89229
2.72711
2.34557
1.58467
0.834419
0.57213
0.584186
0.601445
0.615033
0.633239
0.670067
0.735689
0.843391
1.00226
3
3
2.99998
2.99994
2.99985
2.9996
2.99907
2.99751
2.99443
2.98492
2.96602
2.91067
2.78683
2.47408
1.83206
0.966535
0.635602
0.633474
0.645652
0.66156
0.681451
0.72027
0.785409
0.883452
1.0194
3.00001
3
2.99999
2.99995
2.99988
2.99969
2.9992
2.9981
2.99508
2.98865
2.9702
2.93041
2.82185
2.56823
2.00471
1.10796
0.703559
0.672775
0.686678
0.704413
0.726999
0.764663
0.825897
0.911651
1.02863
3.00001
3
2.99999
2.99997
2.9999
2.99975
2.99937
2.9984
2.99625
2.99022
2.97742
2.94117
2.85961
2.64619
2.1715
1.31922
0.808157
0.704056
0.716642
0.737096
0.765406
0.803154
0.859373
0.935569
1.03538
3.00001
3
2.99999
2.99998
2.99992
2.99982
2.99948
2.99883
2.99688
2.99276
2.98147
2.95538
2.88839
2.72496
2.33726
1.58088
0.938891
0.74532
0.74769
0.767352
0.79873
0.83661
0.888319
0.956141
1.04259
3.00001
3
3
2.99998
2.99994
2.99986
2.99961
2.99913
2.99758
2.99477
2.9856
2.96777
2.91574
2.79924
2.50659
1.90004
1.10078
0.811604
0.79108
0.805208
0.833446
0.870061
0.916218
0.975926
1.05076
3.00001
3
3
2.99999
2.99996
2.99989
2.99971
2.99931
2.99821
2.99591
2.98915
2.9754
2.93541
2.84735
2.61707
2.1185
1.28339
0.886823
0.828191
0.840378
0.865485
0.901453
0.943162
0.995741
1.06054
3.00001
3.00001
3
2.99999
2.99997
2.99992
2.99978
2.99949
2.99864
2.99697
2.99177
2.98166
2.95132
2.8858
2.71035
2.31551
1.55398
1.01377
0.871082
0.872934
0.893441
0.927903
0.967884
1.01501
1.07173
3.00001
3.00001
3
3
2.99998
2.99994
2.99986
2.9996
2.99911
2.99761
2.99457
2.98598
2.96692
2.917
2.79864
2.51096
1.9095
1.18351
0.935992
0.912844
0.926059
0.955054
0.992997
1.03519
1.08462
3.00001
3.00001
3
3
2.99999
2.99996
2.99989
2.99973
2.99934
2.99831
2.99609
2.98975
2.9767
2.93906
2.85676
2.64153
2.17378
1.38942
1.01647
0.950424
0.9591
0.982857
1.01709
1.05556
1.09913
3.00001
3.00001
3.00001
3
2.99999
2.99998
2.99992
2.99982
2.99951
2.99885
2.9971
2.99298
2.98293
2.95752
2.8972
2.74486
2.39158
1.69445
1.15149
1.00022
0.99344
1.00836
1.03799
1.07508
1.11514
3.00001
3.00001
3.00001
3
3
2.99998
2.99996
2.99986
2.99969
2.99916
2.99812
2.99507
2.98861
2.97111
2.93118
2.82911
2.59006
2.06365
1.34566
1.07547
1.03279
1.03962
1.06227
1.09515
1.13208
3.00001
3.00001
3.00001
3
3
2.99999
2.99997
2.99991
2.99979
2.99944
2.99867
2.99672
2.99195
2.9807
2.95171
2.88418
2.71339
2.32626
1.61296
1.18479
1.07629
1.07132
1.08501
1.11358
1.14888
3.00001
3.00001
3.00001
3.00001
3
3
2.99998
2.99994
2.99986
2.99962
2.99917
2.99772
2.99495
2.98677
2.96953
2.92289
2.81601
2.55383
2.00181
1.3594
1.13884
1.10709
1.11322
1.13522
1.16617
3.00001
3.00001
3.00001
3.00001
3
3
2.99999
2.99996
2.99991
2.99976
2.99942
2.99856
2.99649
2.99156
2.97897
2.9502
2.87553
2.7012
2.29653
1.60008
1.23066
1.14635
1.14243
1.15582
1.18212
3.00001
3.00001
3.00001
3.00001
3.00001
3
3
2.99998
2.99994
2.99985
2.9996
2.99912
2.99761
2.99482
2.98589
2.9689
2.91883
2.80994
2.5373
1.97596
1.39454
1.20289
1.17525
1.18128
1.20189
3.00001
3.00001
3.00001
3.00001
3.00001
3
3
2.99999
2.99996
2.99991
2.99975
2.99943
2.99849
2.99657
2.99127
2.97941
2.94917
2.87728
2.70136
2.30336
1.63636
1.29607
1.21622
1.21015
1.22098
3.00001
3.00001
3.00001
3.00001
3.00001
3.00001
3
3
2.99998
2.99994
2.99985
2.99963
2.99908
2.99784
2.99448
2.98748
2.96753
2.92559
2.8126
2.5605
2.01783
1.46162
1.27317
1.24242
1.24519
3.00001
3.00001
3.00001
3.00001
3.00001
3.00001
3
3
2.99999
2.99997
2.99991
2.99976
2.99944
2.99862
2.99666
2.992
2.98017
2.95332
2.88366
2.72353
2.34754
1.71403
1.37155
1.2835
1.27323
3.00001
3.00001
3.00001
3.00001
3.00001
3.00001
3.00001
3
3
2.99998
2.99995
2.99986
2.99967
2.99913
2.9981
2.99488
2.98896
2.97051
2.93406
2.83292
2.61122
2.11964
1.55165
1.34361
1.30663
3.00001
3.00001
3.00001
3.00001
3.00001
3.00001
3.00001
3.00001
3
2.99999
2.99997
2.99992
2.99979
2.99951
2.99875
2.99705
2.99286
2.98257
2.9586
2.89782
2.75663
2.42398
1.82268
1.44511
1.34429
3.00001
3.00001
3.00001
3.00001
3.00001
3.00001
3.00001
3.00001
3
3
2.99999
2.99996
2.99988
2.99972
2.99923
2.99835
2.99557
2.99023
2.97476
2.9421
2.85583
2.66184
2.22206
1.6473
1.4148
3.00001
3.00001
3.00001
3.00001
3.00001
3.00001
3.00001
3.00001
3.00001
3
3
2.99997
2.99994
2.99982
2.99958
2.99895
2.9975
2.99397
2.9853
2.96531
2.91419
2.79723
2.51629
1.97227
1.54322
3.00001
3.00001
3.00001
3.00001
3.00001
3.00001
3.00001
3.00001
3.00001
3
3
2.99999
2.99996
2.99991
2.99975
2.99941
2.99854
2.99649
2.99163
2.97947
2.95176
2.88151
2.71972
2.34699
1.77934
3.00001
3.00001
3.00001
3.00001
3.00001
3.00001
3.00001
3.00001
3.00001
3.00001
3
3
2.99998
2.99995
2.99986
2.99966
2.99917
2.99806
2.9951
2.989
2.97173
2.93636
2.8407
2.63177
2.17548
3.00001
3.00001
3.00001
3.00001
3.00001
3.00001
3.00001
3.00001
3.00001
3.00001
3
3
2.99999
2.99997
2.99993
2.9998
2.99955
2.99881
2.99743
2.99309
2.98512
2.9609
2.91188
2.78091
2.49455
3.00001
3.00001
3.00001
3.00001
3.00001
3.00001
3.00001
3.00001
3.00001
3.00001
3.00001
3
3
2.99999
2.99996
2.9999
2.99973
2.9994
2.9984
2.99654
2.99092
2.9798
2.94883
2.88181
2.71349
3.00001
3.00001
3.00001
3.00001
3.00001
3.00001
3.00001
3.00001
3.00001
3.00001
3.00001
3.00001
3
3
2.99998
2.99994
2.99987
2.99964
2.99921
2.99789
2.99546
2.98816
2.97366
2.93375
2.84753
3.00001
3.00001
3.00001
3.00001
3.00001
3.00001
3.00001
3.00001
3.00001
3.00001
3.00001
3.00001
3.00001
3
2.99999
2.99997
2.99992
2.99982
2.99952
2.99893
2.9972
2.99398
2.98402
2.96515
2.91092
3.00001
3.00001
3.00001
3.00001
3.00001
3.00001
3.00001
3.00001
3.00001
3.00001
3.00001
3.00001
3.00001
3
3
2.99999
2.99996
2.99989
2.99976
2.99935
2.99859
2.99629
2.99185
2.97923
2.95274
3.00001
3.00001
3.00001
3.00001
3.00001
3.00001
3.00001
3.00001
3.00001
3.00001
3.00001
3.00001
3.00001
3.00001
3
3
2.99998
2.99994
2.99985
2.99964
2.99914
2.99791
2.99518
2.98792
2.97287
3.00001
3.00001
3.00001
3.00001
3.00001
3.00001
3.00001
3.00001
3.00001
3.00001
3.00001
3.00001
3.00001
3.00001
3
3
2.99999
2.99997
2.9999
2.99977
2.99939
2.9986
2.99651
2.99169
2.98012
3.00001
3.00001
3.00001
3.00001
3.00001
3.00001
3.00001
3.00001
3.00001
3.00001
3.00001
3.00001
3.00001
3.00001
3.00001
3
2.99999
2.99997
2.99992
2.99982
2.99949
2.99889
2.99695
2.99325
2.9822
3.00001
3.00001
3.00001
3.00001
3.00001
3.00001
3.00001
3.00001
3.00001
3.00001
3.00001
3.00001
3.00001
3.00001
3.00001
3
3
2.99998
2.99993
2.99982
2.99956
2.99892
2.99724
2.99355
2.98317
3.00001
3.00001
3.00001
3.00001
3.00001
3.00001
3.00001
3.00001
3.00001
3.00001
3.00001
3.00001
3.00001
3.00001
3.00001
3
3
2.99998
2.99994
2.99983
2.99958
2.99893
2.99737
2.99357
2.9838
3.00001
3.00001
3.00001
3.00001
3.00001
3.00001
3.00001
3.00001
3.00001
3.00001
3.00001
3.00001
3.00001
3.00001
3.00001
3
3
2.99998
2.99994
2.99983
2.99959
2.9989
2.99752
2.99325
2.98484
3.00001
3.00001
3.00001
3.00001
3.00001
3.00001
3.00001
3.00001
3.00001
3.00001
3.00001
3.00001
3.00001
3.00001
3.00001
3
3
2.99998
2.99993
2.99984
2.99956
2.999
2.99733
2.99373
2.98401
3.00001
3.00001
3.00001
3.00001
3.00001
3.00001
3.00001
3.00001
3.00001
3.00001
3.00001
3.00001
3.00001
3.00001
3.00001
3
3
2.99998
2.99994
2.99982
2.99961
2.99889
2.99754
2.99336
2.98468
1.11642
1.30356
1.30489
1.12362
0.785427
0.389306
0.181326
0.112433
0.140569
0.211132
0.280147
0.341062
0.388621
0.422463
0.44474
0.463661
0.48412
0.507059
0.531416
0.554602
0.57659
0.598174
0.620018
0.640823
0.65448
0.660907
0.663295
0.658454
0.640427
0.609437
0.567402
0.518089
0.464917
0.410032
0.35623
0.304792
0.256247
0.210208
0.165696
0.123692
0.0839593
0.0478479
0.0223525
0.0400264
0.0710574
0.102848
0.133393
0.162441
0.18962
0.215969
0.24358
0.270817
0.297062
0.321948
0.346423
0.369863
0.393124
0.415371
0.437547
0.458749
0.479947
0.500193
0.520502
0.539875
0.559357
0.577909
0.59661
0.614387
0.632339
0.649367
0.666579
0.682869
0.699317
0.714861
0.730463
0.745192
0.759802
0.773603
0.787021
0.799704
0.811708
0.822958
0.833315
0.842742
0.851106
0.858043
0.863681
0.868792
0.873328
0.876874
0.879169
0.880662
0.881647
0.882407
0.883953
0.885874
0.889097
0.89333
0.898393
0.907082
1.12981
1.23862
1.26196
1.2214
1.13689
0.915531
0.639984
0.479572
0.373771
0.286713
0.205938
0.135122
0.0805029
0.0633738
0.109423
0.169088
0.227048
0.276377
0.316307
0.347074
0.372948
0.397064
0.420117
0.443212
0.459754
0.466057
0.467174
0.460836
0.440856
0.406629
0.36211
0.311842
0.259796
0.206904
0.157942
0.113225
0.0760875
0.0544978
0.0610958
0.0864521
0.11751
0.148448
0.178194
0.206712
0.235457
0.263672
0.291333
0.317887
0.343028
0.366898
0.391693
0.416618
0.440612
0.463343
0.48567
0.507167
0.528455
0.548927
0.569264
0.588804
0.608266
0.626976
0.645638
0.663584
0.681514
0.698726
0.715979
0.732494
0.749099
0.764939
0.780897
0.796057
0.811346
0.825819
0.840352
0.854102
0.867723
0.880656
0.893177
0.905082
0.916329
0.926894
0.936652
0.945545
0.953508
0.960184
0.965665
0.970763
0.975341
0.979024
0.981794
0.983693
0.985495
0.986885
0.988885
0.991312
0.994732
0.999022
1.00393
1.01196
1.13019
1.23236
1.31223
1.35122
1.33676
1.24712
1.01895
0.81602
0.696777
0.607942
0.528877
0.454187
0.384417
0.319616
0.257327
0.199172
0.145512
0.0989838
0.0666054
0.0701443
0.103669
0.143251
0.179663
0.213517
0.240287
0.250446
0.248828
0.237407
0.21723
0.18356
0.14815
0.114782
0.0962693
0.0968444
0.11493
0.142758
0.173215
0.203578
0.23249
0.261447
0.290035
0.317632
0.344098
0.369588
0.394679
0.419232
0.443398
0.466771
0.489049
0.509976
0.531341
0.553256
0.574854
0.595174
0.615037
0.634185
0.653194
0.671563
0.689798
0.707414
0.72493
0.741841
0.75872
0.774978
0.791265
0.806903
0.822614
0.83765
0.852794
0.867247
0.881821
0.89571
0.909673
0.922992
0.936248
0.948931
0.961349
0.973239
0.984678
0.995557
1.00584
1.01545
1.02435
1.03245
1.03972
1.04587
1.05094
1.05575
1.06012
1.06372
1.06667
1.06902
1.07129
1.07328
1.0757
1.07848
1.08203
1.0862
1.09073
1.09794
1.13889
1.24412
1.33137
1.40057
1.41397
1.37795
1.27475
1.08941
0.948816
0.859903
0.783949
0.713689
0.650215
0.588988
0.52927
0.473274
0.420926
0.370224
0.320868
0.273126
0.227815
0.184386
0.143374
0.103911
0.0676609
0.0347951
0.0135514
0.0211642
0.0569863
0.108443
0.154952
0.197756
0.236438
0.269959
0.301336
0.330869
0.358746
0.384716
0.409441
0.43325
0.456786
0.47943
0.50163
0.522945
0.544095
0.56467
0.585127
0.604991
0.624126
0.6419
0.659803
0.678389
0.697364
0.715239
0.732663
0.749474
0.766205
0.782459
0.798655
0.814355
0.830037
0.845205
0.860412
0.875085
0.889834
0.904035
0.918331
0.932068
0.945903
0.959177
0.972509
0.985305
0.998071
1.01033
1.02245
1.03407
1.04542
1.05626
1.06669
1.07654
1.08585
1.09451
1.1025
1.10976
1.11629
1.12187
1.12657
1.13108
1.13524
1.13889
1.14209
1.14506
1.14795
1.15083
1.15394
1.15734
1.16121
1.16531
1.1696
1.17634
1.14186
1.24474
1.3346
1.40837
1.45073
1.45029
1.40712
1.30334
1.15477
1.05249
0.986795
0.923498
0.863966
0.809607
0.756923
0.706525
0.658073
0.609835
0.564716
0.521874
0.479405
0.437214
0.397061
0.358672
0.322888
0.293336
0.278055
0.272532
0.289879
0.323526
0.363942
0.404472
0.439977
0.469356
0.494577
0.517245
0.538234
0.557776
0.576496
0.594614
0.612547
0.63011
0.647449
0.664392
0.681244
0.697815
0.714409
0.730711
0.746592
0.761311
0.775918
0.791102
0.80712
0.822521
0.837511
0.851918
0.866327
0.88032
0.894455
0.908122
0.921962
0.935283
0.94881
0.961788
0.975002
0.987665
1.00054
1.01291
1.02541
1.03747
1.04954
1.06126
1.07283
1.0841
1.09509
1.10574
1.11602
1.12587
1.13524
1.14408
1.15233
1.15995
1.16695
1.17323
1.17895
1.18389
1.1882
1.19233
1.19634
1.20003
1.20365
1.20718
1.21084
1.2145
1.2185
1.22251
1.22685
1.23085
1.2349
1.24092
1.13992
1.23698
1.32629
1.40078
1.46042
1.48367
1.47261
1.42688
1.3317
1.218
1.14129
1.08582
1.03445
0.987397
0.941214
0.896978
0.854481
0.812426
0.772045
0.732696
0.692289
0.65346
0.615902
0.577367
0.540309
0.511146
0.489833
0.479505
0.489831
0.519912
0.558164
0.59587
0.629561
0.65512
0.67414
0.689134
0.702526
0.714966
0.727416
0.739617
0.752192
0.764581
0.777304
0.789795
0.802631
0.815267
0.828286
0.841102
0.853973
0.865793
0.877594
0.889568
0.902799
0.915871
0.928861
0.941177
0.953662
0.965668
0.978018
0.989864
1.00207
1.01378
1.02578
1.03733
1.04909
1.06048
1.07199
1.08318
1.09438
1.10533
1.11615
1.12675
1.13715
1.14727
1.15714
1.1666
1.17577
1.18439
1.19264
1.20023
1.20739
1.2138
1.21979
1.22506
1.23001
1.23431
1.2384
1.24215
1.24619
1.25009
1.2544
1.25852
1.26314
1.26766
1.2728
1.2775
1.28248
1.28693
1.29085
1.29626
1.13633
1.22761
1.31239
1.38875
1.4512
1.49775
1.50758
1.49051
1.44513
1.36065
1.27283
1.21349
1.1671
1.12592
1.08698
1.05026
1.01526
0.978363
0.942554
0.908884
0.872674
0.835651
0.797233
0.75847
0.722178
0.688435
0.654783
0.637115
0.646143
0.676761
0.716776
0.757102
0.791954
0.817811
0.83405
0.842717
0.848289
0.853327
0.859213
0.865893
0.873535
0.881513
0.890086
0.898698
0.90784
0.917034
0.926766
0.93653
0.94665
0.956051
0.965357
0.974626
0.985195
0.996083
1.00721
1.01774
1.0285
1.03885
1.04954
1.0599
1.07055
1.0809
1.09147
1.10181
1.11224
1.12253
1.13278
1.14297
1.15302
1.163
1.17278
1.18241
1.19179
1.20091
1.2097
1.21812
1.22615
1.23365
1.2407
1.24709
1.25303
1.2583
1.26319
1.26751
1.27166
1.27541
1.27924
1.28291
1.28703
1.29125
1.29617
1.30104
1.30673
1.31211
1.31806
1.32349
1.32912
1.33394
1.33793
1.34262
1.13386
1.21774
1.29822
1.372
1.43774
1.49046
1.52286
1.52595
1.50674
1.46079
1.38697
1.31894
1.2724
1.23548
1.20148
1.1696
1.14216
1.11322
1.08302
1.05226
1.0201
0.985353
0.947995
0.910177
0.868928
0.824054
0.778398
0.756382
0.766394
0.798192
0.841243
0.885997
0.924046
0.952743
0.971857
0.979545
0.979431
0.977232
0.976075
0.976712
0.979332
0.983111
0.988081
0.993313
0.999358
1.00548
1.01236
1.01934
1.02703
1.03428
1.0415
1.04841
1.05651
1.06523
1.07457
1.08357
1.09277
1.10176
1.11098
1.12011
1.12942
1.13867
1.14799
1.15728
1.16657
1.17584
1.18504
1.19421
1.20328
1.21223
1.22104
1.22965
1.23802
1.24607
1.25379
1.26106
1.26794
1.27425
1.28013
1.28536
1.2902
1.29442
1.29843
1.302
1.30562
1.30907
1.31291
1.3168
1.32142
1.32619
1.33186
1.33777
1.34434
1.35082
1.35757
1.36389
1.37017
1.37563
1.37996
1.38436
1.13383
1.20968
1.285
1.35521
1.42088
1.47635
1.52023
1.54089
1.53992
1.51985
1.4759
1.41236
1.35681
1.32147
1.29265
1.26411
1.24009
1.21753
1.19447
1.16946
1.13961
1.10613
1.06924
1.03079
0.983798
0.922922
0.864173
0.84353
0.856826
0.88996
0.935102
0.98507
1.02727
1.05735
1.07958
1.09235
1.09432
1.08864
1.08094
1.075
1.07146
1.07048
1.07118
1.07319
1.07627
1.07978
1.08416
1.08874
1.0942
1.09962
1.10513
1.1103
1.11622
1.12299
1.13074
1.13852
1.14645
1.15436
1.16234
1.17042
1.17853
1.18676
1.19501
1.20337
1.21176
1.22018
1.22861
1.23698
1.24529
1.25345
1.26144
1.26918
1.27665
1.28375
1.29047
1.29669
1.30245
1.30763
1.31234
1.3165
1.32033
1.32373
1.32706
1.33018
1.33356
1.33704
1.34117
1.34558
1.35086
1.35653
1.36308
1.36997
1.37741
1.3847
1.39234
1.3994
1.40649
1.41254
1.41745
1.42167
1.13608
1.2052
1.27343
1.34078
1.40298
1.46041
1.50793
1.54363
1.5555
1.55102
1.53041
1.48971
1.43505
1.39067
1.36402
1.33898
1.31725
1.29771
1.27952
1.2596
1.23294
1.20272
1.16663
1.12327
1.06268
0.983468
0.919927
0.905778
0.922776
0.956351
1.00542
1.05972
1.10596
1.13872
1.16036
1.1761
1.18456
1.18402
1.17653
1.16597
1.15651
1.14957
1.14529
1.14338
1.14324
1.14432
1.14642
1.14904
1.15256
1.15643
1.1605
1.16434
1.16845
1.1735
1.17961
1.18636
1.19327
1.20036
1.20747
1.2147
1.222
1.22939
1.23687
1.24441
1.252
1.25965
1.26727
1.27488
1.28241
1.28982
1.29703
1.30394
1.3105
1.31663
1.32229
1.32741
1.332
1.33604
1.33964
1.34284
1.34583
1.34866
1.35161
1.35463
1.35819
1.36209
1.36683
1.37212
1.37824
1.38496
1.39248
1.40014
1.40825
1.4162
1.42448
1.43216
1.4399
1.44661
1.4521
1.45633
1.14119
1.20266
1.2658
1.32797
1.38807
1.44328
1.49378
1.53356
1.56206
1.56803
1.56065
1.53956
1.50361
1.45476
1.42073
1.39793
1.37882
1.36131
1.34441
1.32768
1.30265
1.27513
1.23832
1.18779
1.10672
1.00999
0.952355
0.94757
0.967846
1.00612
1.05951
1.11523
1.16218
1.19771
1.22215
1.23831
1.24956
1.25567
1.25465
1.24698
1.23521
1.22344
1.21358
1.20662
1.20229
1.20019
1.19978
1.20051
1.20216
1.20456
1.2074
1.21026
1.21321
1.21672
1.22135
1.22698
1.23308
1.23942
1.24591
1.25252
1.25922
1.26604
1.27293
1.27989
1.28689
1.29388
1.30086
1.30778
1.31459
1.32125
1.32767
1.33375
1.33945
1.34465
1.34931
1.35341
1.35697
1.36005
1.36282
1.36536
1.36792
1.37052
1.37354
1.37689
1.38104
1.38581
1.39151
1.39787
1.40518
1.41299
1.42129
1.42968
1.43845
1.44703
1.45588
1.46425
1.47257
1.47999
1.48602
1.4905
1.1493
1.20392
1.26088
1.31858
1.37453
1.42848
1.4776
1.52122
1.55561
1.57618
1.57882
1.57044
1.54978
1.51514
1.47434
1.44568
1.42588
1.41132
1.3947
1.37808
1.3558
1.32713
1.28492
1.21801
1.11085
1.00935
0.97296
0.978209
1.00142
1.04477
1.09996
1.15406
1.19944
1.23631
1.26409
1.28419
1.29739
1.30562
1.31047
1.31005
1.3035
1.29193
1.27912
1.26754
1.2585
1.25234
1.24856
1.24687
1.24664
1.24758
1.24942
1.25168
1.25398
1.25657
1.25998
1.26456
1.26997
1.27574
1.28173
1.28785
1.29409
1.30041
1.30681
1.31324
1.31971
1.32618
1.3326
1.33894
1.34511
1.35106
1.35667
1.3619
1.36669
1.37093
1.37463
1.3778
1.38052
1.3829
1.38514
1.38736
1.38977
1.3925
1.39585
1.39992
1.4049
1.41076
1.41754
1.42517
1.43341
1.44199
1.45091
1.45994
1.46922
1.47838
1.48765
1.49651
1.50521
1.51312
1.51959
1.52412
1.15961
1.20812
1.25946
1.31213
1.36417
1.41546
1.46309
1.50767
1.54476
1.57417
1.58801
1.58843
1.57962
1.55952
1.52651
1.49203
1.46626
1.44969
1.43372
1.41567
1.39308
1.35893
1.3035
1.20698
1.0831
1.00287
0.986965
0.999138
1.02868
1.07612
1.13081
1.18052
1.22317
1.25904
1.28855
1.31221
1.32989
1.3418
1.34915
1.35332
1.35362
1.34874
1.33871
1.32619
1.31397
1.30368
1.2961
1.29112
1.28863
1.28782
1.28849
1.29015
1.29217
1.29432
1.29687
1.30045
1.30511
1.31039
1.31599
1.3218
1.32772
1.33373
1.33979
1.34582
1.35185
1.35778
1.36361
1.36928
1.37472
1.37985
1.38461
1.38892
1.39271
1.39598
1.39876
1.40112
1.40326
1.40528
1.40739
1.40969
1.41237
1.41563
1.41976
1.42483
1.43091
1.43799
1.4459
1.45438
1.46324
1.47243
1.48188
1.49144
1.50114
1.51073
1.5203
1.52954
1.53852
1.54674
1.55357
1.5581
1.17171
1.21465
1.26081
1.30829
1.35727
1.40442
1.45135
1.49403
1.53391
1.56597
1.59065
1.59879
1.59762
1.58814
1.56684
1.53772
1.50563
1.48289
1.46529
1.44409
1.41514
1.36795
1.2865
1.15686
1.04169
0.998273
0.999062
1.01562
1.05129
1.10093
1.15116
1.19596
1.23532
1.26982
1.29991
1.32569
1.347
1.36396
1.37589
1.38328
1.38741
1.38954
1.3875
1.38032
1.36952
1.35763
1.34666
1.33818
1.33222
1.32914
1.32801
1.32862
1.33032
1.33239
1.33462
1.33732
1.34103
1.34569
1.35083
1.35625
1.36179
1.36742
1.37306
1.3787
1.38425
1.3897
1.39493
1.39996
1.40459
1.40887
1.41265
1.41594
1.4187
1.42102
1.42299
1.42474
1.42659
1.42858
1.4308
1.43336
1.43658
1.44069
1.44596
1.45226
1.45962
1.46762
1.47623
1.48516
1.49453
1.50408
1.51388
1.5237
1.53357
1.54333
1.55299
1.56233
1.57139
1.57974
1.58676
1.59131
1.18467
1.2231
1.26457
1.3079
1.3525
1.39724
1.44079
1.48332
1.52182
1.55747
1.58514
1.60523
1.60979
1.60652
1.5963
1.57448
1.54544
1.51325
1.48865
1.46166
1.42218
1.35159
1.22659
1.08635
1.01092
0.996545
1.00524
1.02987
1.07087
1.11833
1.16259
1.2026
1.23893
1.27198
1.30209
1.32913
1.35307
1.37364
1.39054
1.40361
1.41228
1.41812
1.42174
1.42292
1.41959
1.41159
1.40092
1.39043
1.38153
1.37505
1.37127
1.3697
1.3701
1.37172
1.37393
1.37626
1.37907
1.38278
1.38734
1.39223
1.39728
1.40236
1.40748
1.41251
1.41748
1.42221
1.42668
1.43075
1.43439
1.43755
1.44022
1.44244
1.44416
1.44572
1.44712
1.44854
1.45032
1.45247
1.45498
1.45801
1.46207
1.46732
1.47388
1.48122
1.4893
1.49774
1.50674
1.51598
1.52561
1.53534
1.54527
1.55515
1.56507
1.57479
1.58443
1.5937
1.60271
1.61099
1.61804
1.6225
1.19896
1.23381
1.2709
1.31051
1.35108
1.39296
1.43398
1.47436
1.51254
1.54802
1.57837
1.60355
1.61749
1.61919
1.61416
1.60111
1.57873
1.54533
1.50774
1.468
1.40669
1.29578
1.13889
1.02474
0.991668
0.99467
1.00981
1.04256
1.0861
1.12815
1.16694
1.20294
1.23678
1.26859
1.29853
1.32644
1.35229
1.37579
1.39672
1.41497
1.43002
1.44107
1.4494
1.45569
1.45916
1.45981
1.4555
1.4471
1.43731
1.42817
1.42102
1.41638
1.41412
1.41378
1.41501
1.41696
1.4191
1.42157
1.42486
1.42891
1.43328
1.43772
1.44212
1.44638
1.45046
1.45425
1.45764
1.46058
1.463
1.46494
1.46633
1.46756
1.46846
1.46912
1.46998
1.47155
1.4736
1.47599
1.47896
1.48287
1.48823
1.49461
1.50194
1.50967
1.51813
1.52686
1.53614
1.54551
1.55526
1.56496
1.57486
1.5846
1.59437
1.6039
1.61333
1.6224
1.63121
1.63934
1.64631
1.65064
1.21459
1.24703
1.28029
1.31614
1.35321
1.39119
1.43022
1.46768
1.50541
1.53953
1.57226
1.59811
1.61981
1.62707
1.62558
1.61736
1.59896
1.5681
1.52253
1.46198
1.36473
1.20241
1.05293
0.990493
0.983803
0.993124
1.01784
1.05509
1.09455
1.13149
1.16616
1.19935
1.23135
1.2623
1.29218
1.32096
1.34862
1.3748
1.39949
1.42204
1.4423
1.45973
1.47364
1.48446
1.4933
1.49901
1.50194
1.501
1.49534
1.48659
1.47746
1.46932
1.46325
1.45963
1.45815
1.45833
1.45958
1.46134
1.46321
1.46562
1.46872
1.4722
1.47563
1.47894
1.48187
1.48443
1.48647
1.48796
1.48905
1.48984
1.4901
1.48981
1.48969
1.48996
1.49119
1.49296
1.49516
1.49794
1.5018
1.50702
1.51342
1.52039
1.52813
1.53629
1.54503
1.55399
1.56336
1.57278
1.58243
1.592
1.60168
1.61118
1.6207
1.62994
1.63911
1.64789
1.65646
1.66436
1.6712
1.67544
1.23064
1.26064
1.29177
1.3238
1.35803
1.39281
1.42863
1.46424
1.49961
1.53317
1.56522
1.5933
1.61671
1.63094
1.63239
1.62555
1.61031
1.57842
1.52507
1.43549
1.28446
1.10304
0.998977
0.976131
0.980917
0.9974
1.02716
1.06284
1.09708
1.12986
1.16178
1.1934
1.22462
1.25586
1.28674
1.3173
1.34706
1.37591
1.40357
1.42952
1.45387
1.47572
1.49491
1.51074
1.5234
1.53378
1.54104
1.54474
1.54624
1.54332
1.53614
1.52672
1.51744
1.50985
1.50441
1.50117
1.49971
1.4995
1.50028
1.50149
1.5028
1.50449
1.50648
1.5085
1.50993
1.51095
1.51167
1.51192
1.51154
1.51065
1.50963
1.50871
1.50821
1.50904
1.51056
1.5125
1.51507
1.51874
1.52388
1.53
1.53694
1.54449
1.55265
1.5612
1.57018
1.57935
1.58874
1.59818
1.6077
1.61716
1.62664
1.63593
1.64522
1.65419
1.66313
1.6716
1.67995
1.68755
1.69423
1.69833
1.24469
1.27497
1.3046
1.33404
1.36487
1.39709
1.4299
1.46331
1.49647
1.52902
1.55939
1.58825
1.61161
1.62841
1.63068
1.62326
1.60683
1.57146
1.50163
1.37676
1.18073
1.02526
0.973942
0.972065
0.980092
1.0013
1.03213
1.06428
1.09567
1.1272
1.15881
1.19098
1.2234
1.25608
1.2885
1.32069
1.35204
1.38269
1.4119
1.44004
1.46618
1.49082
1.51287
1.53261
1.54894
1.5624
1.57316
1.58167
1.58662
1.58879
1.5877
1.58211
1.57315
1.56324
1.55407
1.54633
1.54106
1.53764
1.53583
1.53518
1.53474
1.53484
1.53502
1.53514
1.5349
1.53422
1.53305
1.53163
1.53001
1.52824
1.52657
1.52564
1.52601
1.5273
1.52914
1.53164
1.53527
1.54024
1.54627
1.55302
1.56057
1.56849
1.57703
1.5857
1.59485
1.60392
1.61334
1.62255
1.632
1.64115
1.65047
1.65943
1.66847
1.67712
1.68579
1.694
1.70207
1.70944
1.71585
1.71984
1.26289
1.28894
1.31699
1.34507
1.37332
1.40306
1.43324
1.46469
1.49487
1.52678
1.55505
1.58318
1.60562
1.61998
1.61938
1.60894
1.58678
1.54002
1.4462
1.28332
1.10662
1.01021
0.98832
0.992849
1.00402
1.02506
1.05377
1.08384
1.1142
1.14461
1.17568
1.207
1.23901
1.27091
1.30298
1.33437
1.36516
1.39486
1.42381
1.45151
1.47829
1.50335
1.52699
1.54855
1.56776
1.58444
1.59803
1.60937
1.61906
1.62484
1.6274
1.62772
1.62426
1.61658
1.60587
1.59528
1.58582
1.57826
1.57277
1.5688
1.56591
1.56367
1.56165
1.55964
1.5574
1.55488
1.5522
1.54941
1.54684
1.54447
1.5432
1.54279
1.5441
1.54596
1.54836
1.55176
1.55668
1.56252
1.56928
1.57664
1.58461
1.59285
1.6015
1.61026
1.61928
1.62829
1.63745
1.64649
1.65559
1.66447
1.67343
1.68211
1.6908
1.6991
1.70733
1.71508
1.72265
1.72951
1.73549
1.73916
1.28112
1.30208
1.32947
1.35679
1.38328
1.411
1.43833
1.4682
1.49596
1.52549
1.55241
1.57745
1.59774
1.60373
1.59679
1.58123
1.54677
1.47794
1.35021
1.20443
1.10146
1.04967
1.03571
1.03903
1.04621
1.061
1.08428
1.11151
1.13931
1.1672
1.19576
1.22491
1.25472
1.28483
1.31503
1.34475
1.37426
1.403
1.43134
1.45892
1.4858
1.51157
1.53621
1.55901
1.58046
1.59952
1.6168
1.6311
1.64325
1.65336
1.66048
1.66413
1.66495
1.66298
1.65657
1.64638
1.6349
1.6236
1.6134
1.60492
1.59794
1.5923
1.58732
1.5828
1.57833
1.57405
1.56991
1.56623
1.5632
1.5613
1.56041
1.56168
1.56331
1.5654
1.56848
1.57306
1.57881
1.58533
1.59266
1.60037
1.60858
1.61694
1.6257
1.63443
1.64347
1.65234
1.66141
1.67025
1.67924
1.68785
1.69652
1.70475
1.71303
1.72084
1.72865
1.73594
1.74305
1.74944
1.75495
1.75837
1.30543
1.31909
1.34184
1.3689
1.3942
1.4204
1.44544
1.47298
1.499
1.52566
1.54989
1.57082
1.58227
1.57907
1.56518
1.53647
1.47824
1.37249
1.25364
1.17254
1.12613
1.09782
1.08506
1.08429
1.08857
1.09631
1.11051
1.13213
1.15694
1.18317
1.21011
1.23789
1.2663
1.29533
1.32432
1.3534
1.38191
1.41026
1.43801
1.46543
1.49203
1.51803
1.54282
1.5668
1.58927
1.61056
1.62998
1.64749
1.66254
1.67505
1.68562
1.69361
1.69814
1.69932
1.69843
1.69368
1.68419
1.67139
1.6575
1.64404
1.63211
1.62184
1.61305
1.60538
1.59859
1.59253
1.58729
1.58336
1.5806
1.57937
1.5803
1.58181
1.58372
1.58665
1.59108
1.59662
1.60315
1.61025
1.61791
1.62579
1.6341
1.64243
1.65109
1.65963
1.66846
1.67709
1.68592
1.69438
1.70291
1.71106
1.71925
1.72704
1.73483
1.74217
1.74944
1.75615
1.76264
1.76832
1.77315
1.77613
1.33072
1.33718
1.35573
1.38084
1.40516
1.43004
1.45372
1.47855
1.50273
1.52599
1.54597
1.5582
1.55691
1.54377
1.51745
1.46461
1.36877
1.26392
1.19958
1.17236
1.15856
1.1469
1.13595
1.12968
1.12896
1.13234
1.1386
1.15077
1.17089
1.19565
1.22204
1.24931
1.27692
1.30502
1.33305
1.36106
1.3889
1.4165
1.44386
1.47095
1.49746
1.52358
1.54888
1.57337
1.59699
1.61928
1.6404
1.65984
1.67732
1.69281
1.70544
1.7163
1.72438
1.72949
1.73102
1.7309
1.72734
1.71847
1.7043
1.68784
1.67133
1.65589
1.64215
1.63052
1.62074
1.61312
1.60736
1.60292
1.60093
1.60054
1.60192
1.60367
1.60651
1.61048
1.61579
1.62192
1.62879
1.63596
1.64364
1.65145
1.65968
1.66781
1.67632
1.68467
1.69331
1.70157
1.70999
1.71799
1.72612
1.73382
1.74161
1.74894
1.75627
1.76309
1.76976
1.77582
1.78152
1.78642
1.79037
1.79288
1.36716
1.36244
1.37149
1.39141
1.41615
1.44025
1.46293
1.4852
1.50625
1.52486
1.53641
1.5349
1.52123
1.49521
1.44346
1.35189
1.25371
1.20052
1.18463
1.18584
1.18944
1.19041
1.18661
1.17748
1.16958
1.16721
1.17011
1.17581
1.18745
1.20743
1.23295
1.25987
1.28718
1.31454
1.34198
1.36937
1.39677
1.42388
1.45101
1.4775
1.50398
1.52962
1.55507
1.57973
1.60373
1.62696
1.64898
1.66985
1.68915
1.70644
1.72204
1.73465
1.74515
1.75255
1.75691
1.75814
1.758
1.75454
1.74554
1.73147
1.7137
1.69467
1.67618
1.65993
1.64675
1.63637
1.6294
1.62517
1.62344
1.62425
1.62588
1.62837
1.63192
1.63682
1.64274
1.64914
1.65603
1.66316
1.6708
1.67847
1.68648
1.6944
1.70265
1.71056
1.71871
1.72643
1.73437
1.74184
1.74947
1.75665
1.76388
1.77064
1.77733
1.78347
1.78937
1.79457
1.79929
1.80317
1.80615
1.80813
1.41071
1.38845
1.39033
1.40435
1.42572
1.44955
1.47143
1.49114
1.50778
1.51764
1.51489
1.50007
1.47263
1.41935
1.32721
1.23367
1.18878
1.18116
1.18865
1.20226
1.21757
1.22475
1.22593
1.22247
1.21265
1.20399
1.20213
1.20554
1.21189
1.22414
1.2449
1.27054
1.29738
1.32452
1.35139
1.37845
1.40536
1.43218
1.45886
1.48516
1.51119
1.53687
1.56201
1.58695
1.61097
1.63472
1.65714
1.67877
1.69887
1.71743
1.73438
1.74902
1.76166
1.77141
1.77728
1.77985
1.78068
1.7798
1.77508
1.7652
1.75171
1.73446
1.71568
1.69723
1.68087
1.66814
1.65865
1.65302
1.65091
1.65158
1.65308
1.65552
1.65966
1.66495
1.67087
1.67707
1.68388
1.69086
1.69823
1.70552
1.71322
1.7207
1.72847
1.73592
1.74357
1.75085
1.75828
1.76532
1.77246
1.77913
1.78583
1.79195
1.798
1.80331
1.80837
1.81246
1.81612
1.81884
1.82062
1.82184
1.50136
1.42831
1.41603
1.42068
1.43645
1.45764
1.47785
1.49404
1.50225
1.49764
1.48114
1.4506
1.3934
1.29905
1.20914
1.17075
1.16695
1.17668
1.19718
1.22344
1.24348
1.25365
1.25646
1.2571
1.25322
1.24459
1.23872
1.23898
1.2429
1.25003
1.26325
1.28404
1.30923
1.33572
1.3622
1.38885
1.41528
1.44189
1.46826
1.49444
1.52027
1.54565
1.57061
1.59515
1.61905
1.64263
1.66507
1.68696
1.70735
1.72652
1.74418
1.75972
1.77367
1.78468
1.79287
1.79698
1.79841
1.79868
1.79637
1.78939
1.77956
1.76756
1.75304
1.73712
1.72121
1.70734
1.6959
1.68826
1.68397
1.68353
1.68454
1.6864
1.68995
1.69494
1.70085
1.70695
1.71355
1.72004
1.72711
1.73393
1.74118
1.74798
1.75523
1.76197
1.76919
1.77581
1.78279
1.78906
1.79559
1.80142
1.80738
1.8126
1.81771
1.82198
1.82573
1.82866
1.83087
1.83226
1.83243
1.83314
1.67588
1.48531
1.44751
1.44253
1.44899
1.46396
1.48118
1.49002
1.4838
1.46493
1.43028
1.36681
1.26909
1.18193
1.14853
1.14828
1.15948
1.18462
1.21699
1.24443
1.26441
1.2766
1.28235
1.28507
1.28618
1.28401
1.27894
1.27622
1.27831
1.2826
1.29014
1.30327
1.32384
1.34837
1.37439
1.40071
1.42691
1.45297
1.47906
1.50475
1.5305
1.55546
1.58029
1.6043
1.628
1.65104
1.67329
1.69491
1.71508
1.73435
1.75175
1.76769
1.78154
1.79294
1.80186
1.80691
1.80943
1.81074
1.81072
1.80786
1.80119
1.7935
1.78497
1.77428
1.76273
1.75071
1.73961
1.73016
1.7234
1.71992
1.71945
1.72003
1.72159
1.72513
1.73029
1.73602
1.74227
1.74875
1.75535
1.76183
1.76841
1.77488
1.78143
1.78786
1.79425
1.80054
1.80664
1.81259
1.8182
1.82357
1.82844
1.83294
1.83673
1.83989
1.84211
1.84375
1.84414
1.84366
1.84241
1.84288
1.95912
1.59263
1.48399
1.46427
1.46252
1.46907
1.47695
1.4727
1.45166
1.41196
1.34042
1.23766
1.15342
1.1242
1.12711
1.14061
1.16921
1.20507
1.23565
1.25974
1.2787
1.29324
1.30388
1.31081
1.31547
1.31798
1.3187
1.31748
1.31707
1.31991
1.32423
1.3318
1.34484
1.3647
1.38826
1.4138
1.43961
1.4654
1.49104
1.5164
1.54173
1.56643
1.59085
1.61449
1.63766
1.66007
1.6818
1.7026
1.72239
1.7409
1.75777
1.77288
1.78587
1.79687
1.80567
1.81176
1.81516
1.81743
1.81895
1.81938
1.81822
1.81574
1.81211
1.80803
1.80181
1.79463
1.78563
1.77684
1.7684
1.76227
1.75811
1.75706
1.75707
1.75788
1.76046
1.7646
1.77026
1.77613
1.7823
1.78826
1.79433
1.80022
1.80617
1.81194
1.81771
1.82328
1.82876
1.83397
1.83888
1.84338
1.84732
1.85064
1.85311
1.85478
1.85563
1.85539
1.85429
1.85238
1.84953
1.84873
2.34576
1.81377
1.56597
1.49893
1.4813
1.47379
1.46438
1.441
1.39348
1.3093
1.20339
1.12535
1.1005
1.10555
1.12394
1.15674
1.19375
1.22464
1.25003
1.27117
1.29003
1.30705
1.32183
1.33404
1.34354
1.35014
1.35448
1.35692
1.35822
1.36003
1.36304
1.36721
1.37433
1.38699
1.40623
1.42926
1.45392
1.47912
1.50446
1.52939
1.55415
1.57834
1.60216
1.62521
1.64765
1.66927
1.69008
1.71
1.72867
1.74587
1.76149
1.77526
1.78718
1.79706
1.80516
1.81158
1.81637
1.82036
1.82359
1.82702
1.82998
1.8329
1.83455
1.83537
1.83507
1.8325
1.82813
1.82172
1.81458
1.80717
1.80031
1.79536
1.79252
1.79184
1.79191
1.79306
1.79641
1.80115
1.80667
1.81231
1.81806
1.82357
1.82904
1.83431
1.83946
1.84444
1.84917
1.85359
1.85758
1.86098
1.86368
1.86545
1.86634
1.86632
1.86533
1.86358
1.86099
1.8568
1.85073
1.84816
2.63407
2.20108
1.73305
1.5486
1.50022
1.47422
1.43861
1.37482
1.27151
1.16273
1.09675
1.07859
1.08599
1.10973
1.14616
1.18237
1.21311
1.23822
1.2602
1.28068
1.30054
1.31977
1.33795
1.35415
1.36802
1.37903
1.38766
1.39328
1.39696
1.39973
1.40259
1.40579
1.41023
1.41735
1.42963
1.44812
1.46975
1.49323
1.51766
1.54198
1.56606
1.58972
1.61281
1.63509
1.6565
1.67698
1.69653
1.71502
1.73219
1.74788
1.76164
1.77371
1.78383
1.79265
1.79987
1.80674
1.81238
1.81858
1.82418
1.83097
1.83734
1.8442
1.84972
1.85553
1.85896
1.86109
1.86018
1.85827
1.85468
1.84854
1.84121
1.83376
1.82767
1.82329
1.8212
1.82087
1.82114
1.82271
1.82634
1.83112
1.83641
1.84167
1.84688
1.85178
1.85649
1.86085
1.86493
1.86852
1.87156
1.87378
1.8751
1.87534
1.87483
1.87349
1.87126
1.86702
1.86116
1.85441
1.847
1.84386
2.79635
2.51443
2.01625
1.64849
1.51926
1.45775
1.36717
1.2335
1.1122
1.05793
1.05037
1.06257
1.09436
1.1354
1.17139
1.20088
1.22512
1.24657
1.26709
1.28783
1.30863
1.32953
1.34978
1.3689
1.38617
1.40097
1.41333
1.42321
1.43013
1.435
1.43852
1.44167
1.4453
1.45015
1.45781
1.46996
1.48691
1.50694
1.52868
1.55158
1.57496
1.59813
1.62041
1.64189
1.66232
1.68156
1.69959
1.71629
1.73141
1.74493
1.75645
1.76655
1.77504
1.78276
1.78998
1.79699
1.80467
1.81233
1.82113
1.82998
1.83964
1.84897
1.85821
1.86642
1.87357
1.87921
1.88257
1.88378
1.88209
1.87947
1.87526
1.86855
1.86097
1.85364
1.84809
1.8442
1.84284
1.84284
1.84354
1.84566
1.84936
1.85401
1.85873
1.86335
1.8676
1.87139
1.87464
1.87711
1.87887
1.87948
1.87921
1.87835
1.87653
1.87288
1.86758
1.86058
1.85291
1.84515
1.83759
1.83483
2.88369
2.72941
2.37635
1.85727
1.56979
1.4112
1.20773
1.05535
1.00381
1.00808
1.0297
1.0697
1.11511
1.15297
1.18272
1.20623
1.22684
1.24718
1.26797
1.28977
1.31191
1.33421
1.35601
1.37709
1.39674
1.41463
1.43019
1.4435
1.45425
1.4622
1.46791
1.47212
1.47561
1.47928
1.48416
1.49178
1.50326
1.5187
1.53689
1.55694
1.57807
1.5995
1.62101
1.64145
1.66118
1.67902
1.69554
1.7102
1.72317
1.73418
1.74365
1.75165
1.75909
1.76606
1.77357
1.78148
1.79047
1.80003
1.81084
1.82174
1.8335
1.84467
1.8561
1.86629
1.87627
1.88416
1.89117
1.89517
1.89749
1.89642
1.89422
1.89076
1.88525
1.87768
1.87005
1.86316
1.85831
1.85512
1.85435
1.85479
1.85596
1.85831
1.86187
1.86598
1.86973
1.87298
1.87536
1.87661
1.87674
1.87638
1.87505
1.87193
1.86733
1.86078
1.85342
1.84501
1.83675
1.82919
1.82254
1.82065
2.93155
2.8444
2.62765
2.19522
1.66767
1.26079
0.982204
0.917444
0.936444
0.976733
1.03082
1.07988
1.12009
1.15127
1.17561
1.19666
1.21719
1.23861
1.26087
1.28406
1.30755
1.33078
1.35339
1.37539
1.39623
1.41575
1.43342
1.44898
1.46246
1.47344
1.48183
1.48805
1.49268
1.49651
1.50028
1.50518
1.51233
1.52276
1.53686
1.55323
1.57143
1.59031
1.60977
1.62845
1.64635
1.66293
1.67779
1.69055
1.70131
1.71032
1.71794
1.72495
1.73181
1.73934
1.74769
1.75711
1.76759
1.77914
1.79139
1.80423
1.81712
1.83002
1.84245
1.85459
1.86542
1.87582
1.88399
1.89152
1.89593
1.89909
1.8986
1.89664
1.89383
1.88946
1.88279
1.87487
1.86739
1.86128
1.85726
1.85502
1.85454
1.85523
1.85674
1.85878
1.8613
1.86342
1.86452
1.8649
1.86436
1.86216
1.85858
1.85256
1.84554
1.83704
1.82857
1.81998
1.81239
1.80616
1.80125
1.80054
2.95112
2.88447
2.7192
2.3562
1.71354
1.0035
0.708554
0.743456
0.815071
0.89938
0.970507
1.02329
1.06294
1.0938
1.12046
1.1457
1.17066
1.19583
1.22109
1.24643
1.27164
1.29671
1.32091
1.34415
1.36638
1.38745
1.40697
1.42484
1.4407
1.45459
1.46606
1.47518
1.48219
1.48759
1.49207
1.49615
1.50128
1.50814
1.51793
1.53071
1.54559
1.56164
1.57833
1.59508
1.61064
1.62527
1.63834
1.64964
1.65877
1.66687
1.67389
1.6812
1.68892
1.69795
1.70792
1.71925
1.73146
1.74476
1.75844
1.77266
1.78664
1.80077
1.81421
1.82752
1.83969
1.85135
1.86142
1.87078
1.87791
1.88396
1.88698
1.88813
1.88647
1.88436
1.88102
1.87521
1.86751
1.85964
1.85277
1.84749
1.84406
1.8422
1.84155
1.84157
1.84206
1.84234
1.84174
1.8403
1.83772
1.83341
1.8268
1.81913
1.81026
1.80148
1.79283
1.78558
1.77933
1.77538
1.77219
1.77282
2.95885
2.89546
2.74826
2.39371
1.70173
0.795469
0.432662
0.528639
0.651964
0.759613
0.836853
0.893352
0.938221
0.976745
1.01208
1.04549
1.07728
1.1079
1.13733
1.16588
1.19364
1.22073
1.24738
1.27291
1.29735
1.32064
1.34264
1.36314
1.3819
1.39881
1.41375
1.4263
1.43656
1.44466
1.45103
1.45617
1.46095
1.46636
1.47313
1.4824
1.49402
1.50706
1.52098
1.5352
1.54862
1.56105
1.57224
1.58239
1.59152
1.59986
1.60842
1.6175
1.62792
1.63927
1.65199
1.66549
1.6801
1.69501
1.71054
1.7259
1.7415
1.75662
1.7716
1.78574
1.79963
1.81231
1.82452
1.83519
1.84517
1.85305
1.85986
1.86385
1.86588
1.86504
1.86346
1.86078
1.85571
1.84855
1.83991
1.83231
1.82537
1.82054
1.81645
1.8139
1.81121
1.80894
1.80552
1.80183
1.79593
1.78932
1.78073
1.77211
1.76286
1.75475
1.74735
1.74194
1.73775
1.73577
1.73431
1.73579
2.9609
2.89905
2.75566
2.40164
1.68541
0.712058
0.283006
0.403863
0.531261
0.620749
0.688499
0.74439
0.794154
0.839946
0.882453
0.922211
0.95941
0.994546
1.02793
1.05985
1.09056
1.12019
1.14892
1.17697
1.20382
1.2297
1.25421
1.27761
1.29932
1.31945
1.33768
1.35371
1.36743
1.37867
1.38755
1.39452
1.39982
1.40447
1.40952
1.41575
1.42338
1.43274
1.44337
1.45406
1.46474
1.47505
1.48507
1.4947
1.50436
1.51426
1.52506
1.53699
1.5502
1.56466
1.58015
1.5965
1.61341
1.63074
1.64823
1.66577
1.68309
1.70007
1.7166
1.73258
1.74796
1.76263
1.77647
1.78931
1.80105
1.81158
1.82052
1.82785
1.83283
1.8352
1.8349
1.83366
1.83125
1.82639
1.81879
1.80927
1.8001
1.79109
1.78365
1.77649
1.77038
1.76381
1.75723
1.74953
1.74109
1.73185
1.72243
1.71327
1.705
1.69806
1.69274
1.68911
1.68699
1.68643
1.6863
1.68831
2.96099
2.9013
2.75703
2.40531
1.68271
0.695412
0.256255
0.37564
0.477337
0.538758
0.58753
0.6343
0.680819
0.726127
0.769481
0.810632
0.849782
0.886957
0.92254
0.956812
0.98969
1.0216
1.05246
1.08237
1.11161
1.13968
1.16665
1.1926
1.21686
1.23983
1.26086
1.27978
1.29657
1.31042
1.32188
1.3304
1.33624
1.34015
1.34401
1.34772
1.35147
1.35609
1.36168
1.3675
1.37468
1.38256
1.39132
1.40078
1.41202
1.4244
1.4387
1.45428
1.47147
1.48943
1.50836
1.52759
1.54721
1.56673
1.58622
1.60537
1.6242
1.64255
1.66038
1.67767
1.69429
1.71034
1.72547
1.73996
1.7531
1.76551
1.77607
1.78565
1.79271
1.79821
1.79985
1.79957
1.79831
1.79548
1.7895
1.78073
1.7691
1.7576
1.74505
1.7338
1.72177
1.71091
1.69902
1.68785
1.67594
1.66527
1.65482
1.64645
1.63903
1.63405
1.63006
1.62827
1.62709
1.62746
1.62801
1.63015
2.95936
2.9047
2.75514
2.4087
1.68388
0.694362
0.256433
0.377069
0.471152
0.516106
0.547652
0.581502
0.619017
0.658238
0.697585
0.736159
0.773845
0.810528
0.846254
0.880951
0.914942
0.947931
0.980128
1.01158
1.0421
1.07175
1.10049
1.12799
1.15415
1.17907
1.20201
1.22311
1.24206
1.25805
1.2714
1.28143
1.2874
1.29082
1.29355
1.29512
1.29494
1.29423
1.29399
1.29627
1.30005
1.30474
1.31133
1.32057
1.3339
1.34906
1.36647
1.38504
1.40508
1.42554
1.44674
1.46784
1.48908
1.50995
1.53059
1.55082
1.57063
1.58997
1.60874
1.62691
1.64439
1.66116
1.6772
1.69238
1.70674
1.71992
1.73214
1.74273
1.75203
1.759
1.76381
1.76483
1.76436
1.76271
1.75888
1.75121
1.73962
1.72552
1.70985
1.69279
1.67595
1.65843
1.64217
1.62616
1.61209
1.59934
1.58924
1.58081
1.57512
1.57082
1.56851
1.56726
1.56721
1.56778
1.56833
1.5703
2.96109
2.90272
2.75842
2.40844
1.68668
0.69658
0.259341
0.380864
0.4746
0.514615
0.538472
0.565042
0.596719
0.631443
0.667164
0.702973
0.738646
0.773852
0.808683
0.843
0.876828
0.910002
0.942743
0.974708
1.006
1.03642
1.06611
1.09432
1.12167
1.14754
1.17153
1.194
1.21409
1.23144
1.24605
1.257
1.26313
1.2661
1.26787
1.26788
1.26478
1.25952
1.25453
1.25159
1.25321
1.25633
1.26099
1.26875
1.28182
1.29821
1.31743
1.33781
1.35924
1.38114
1.40326
1.42526
1.44701
1.46829
1.4893
1.50982
1.52992
1.54956
1.56856
1.58709
1.60492
1.62221
1.63883
1.65474
1.66989
1.68404
1.69722
1.70911
1.71959
1.72818
1.73475
1.73741
1.73739
1.7364
1.73351
1.7271
1.71615
1.70041
1.68185
1.66061
1.63838
1.61602
1.5948
1.57543
1.55912
1.54514
1.53492
1.52661
1.52139
1.51735
1.51553
1.51416
1.51425
1.51448
1.51441
1.51617
2.96016
2.90429
2.75703
2.41072
1.68798
0.69801
0.26121
0.382877
0.477012
0.515836
0.537264
0.561421
0.591245
0.62454
0.659026
0.693808
0.728599
0.763088
0.797427
0.831426
0.865023
0.898212
0.930967
0.96318
0.994631
1.02549
1.05533
1.08401
1.11168
1.13795
1.1624
1.18537
1.20604
1.22398
1.23919
1.25067
1.2569
1.25963
1.26075
1.26022
1.25548
1.24805
1.23981
1.23457
1.2336
1.23605
1.23993
1.2468
1.25907
1.27546
1.29525
1.31602
1.33791
1.36005
1.38226
1.40422
1.42578
1.44703
1.46788
1.4884
1.50837
1.52803
1.54696
1.56563
1.58353
1.60104
1.61785
1.63404
1.64948
1.66404
1.67765
1.69006
1.70107
1.71034
1.71757
1.72135
1.72167
1.72085
1.71824
1.71236
1.70142
1.68509
1.66472
1.64072
1.61519
1.58933
1.56494
1.54352
1.52535
1.51096
1.50002
1.49189
1.48628
1.48251
1.48019
1.47892
1.47853
1.47839
1.47782
1.47937
)
;

boundaryField
{
    inlet
    {
        type            calculated;
        value           uniform 3.00001;
    }
    outlet
    {
        type            calculated;
        value           nonuniform List<scalar> 
40
(
0.907082
1.01196
1.09794
1.17634
1.24092
1.29626
1.34262
1.38436
1.42167
1.45633
1.4905
1.52412
1.5581
1.59131
1.6225
1.65064
1.67544
1.69833
1.71984
1.73916
1.75837
1.77613
1.79288
1.80813
1.82184
1.83314
1.84288
1.84873
1.84816
1.84386
1.83483
1.82065
1.80054
1.77282
1.73579
1.68831
1.63015
1.5703
1.51617
1.47937
)
;
    }
    bottom
    {
        type            symmetryPlane;
    }
    top
    {
        type            symmetryPlane;
    }
    obstacle
    {
        type            calculated;
        value           uniform 0;
    }
    defaultFaces
    {
        type            empty;
    }
}


// ************************************************************************* //
