/*--------------------------------*- C++ -*----------------------------------*\
  =========                 |
  \\      /  F ield         | OpenFOAM: The Open Source CFD Toolbox
   \\    /   O peration     | Website:  https://openfoam.org
    \\  /    A nd           | Version:  9
     \\/     M anipulation  |
\*---------------------------------------------------------------------------*/
FoamFile
{
    format      ascii;
    class       volScalarField;
    location    "5";
    object      rho;
}
// * * * * * * * * * * * * * * * * * * * * * * * * * * * * * * * * * * * * * //

dimensions      [1 -3 0 0 0 0 0];

internalField   nonuniform List<scalar> 
5250
(
1.40001
1.40002
1.40006
1.40016
1.40036
1.40098
1.40216
1.40599
1.41296
1.43499
1.47758
1.58529
1.80075
2.28417
4.23551
5.92594
5.76016
5.6472
5.6659
5.74737
5.83668
5.8886
5.92918
5.96063
5.98662
1.40001
1.40002
1.40006
1.40016
1.40035
1.40096
1.40217
1.40569
1.41325
1.43358
1.47751
1.58181
1.79585
2.26959
4.18259
5.93337
5.76164
5.6445
5.66365
5.74574
5.83515
5.8873
5.92866
5.96087
5.98777
1.40001
1.40002
1.40006
1.40013
1.40039
1.40082
1.40232
1.40503
1.41375
1.43067
1.47794
1.57253
1.78764
2.23862
4.06448
5.95028
5.76472
5.636
5.65485
5.73552
5.82411
5.87603
5.91654
5.94915
5.97628
1.40001
1.40002
1.40005
1.40015
1.40031
1.40091
1.4019
1.40546
1.41159
1.43187
1.46976
1.56964
1.76581
2.19789
3.88056
5.97666
5.77119
5.62244
5.63847
5.71765
5.80424
5.8532
5.89404
5.92483
5.9524
1.40001
1.40002
1.40006
1.40012
1.40034
1.40072
1.40208
1.40436
1.41237
1.42665
1.46984
1.55315
1.74847
2.14182
3.63829
6.00745
5.78252
5.60615
5.61844
5.69038
5.77687
5.82318
5.86005
5.8907
5.91922
1.40001
1.40002
1.40005
1.40012
1.40028
1.40077
1.40163
1.40468
1.40984
1.42727
1.45969
1.54617
1.71787
2.08569
3.3465
6.02289
5.79656
5.58955
5.59556
5.65763
5.73844
5.78184
5.81441
5.84173
5.87216
1.40001
1.40002
1.40005
1.4001
1.40029
1.4006
1.40171
1.40367
1.41016
1.4223
1.45829
1.5285
1.69621
2.02715
3.06754
5.97535
5.78866
5.56627
5.5659
5.61606
5.69009
5.72508
5.75088
5.77196
5.80299
1.40001
1.40002
1.40004
1.4001
1.40025
1.40057
1.40151
1.40341
1.40919
1.4204
1.45302
1.51836
1.67202
1.97913
2.8728
5.78248
5.71475
5.52889
5.52476
5.55849
5.62389
5.64989
5.66379
5.67279
5.69944
1.40001
1.40001
1.40004
1.40009
1.40022
1.40054
1.4013
1.40332
1.40772
1.41984
1.446
1.51067
1.64734
1.93553
2.6975
5.47413
5.58608
5.50416
5.47652
5.48804
5.53758
5.54976
5.54477
5.52796
5.53094
1.40001
1.40001
1.40003
1.40009
1.40018
1.40052
1.4011
1.40308
1.40671
1.41817
1.44066
1.50116
1.62269
1.89062
2.53519
5.08527
5.51808
5.46822
5.40986
5.41104
5.43163
5.42383
5.39251
5.31995
5.25965
1.40001
1.40001
1.40003
1.40007
1.40018
1.40041
1.40107
1.4025
1.40633
1.41518
1.43735
1.48752
1.60148
1.83842
2.38411
4.62024
5.47783
5.43692
5.33992
5.32382
5.3142
5.28082
5.18664
4.96054
4.30316
1.40001
1.40001
1.40003
1.40006
1.40015
1.40035
1.40093
1.40207
1.40569
1.41242
1.43331
1.47407
1.57696
1.78312
2.23879
4.07465
5.46099
5.41195
5.28384
5.23387
5.2
5.1278
4.97184
4.64803
3.93685
1.40001
1.40001
1.40002
1.40005
1.40014
1.40028
1.4008
1.40172
1.40469
1.4105
1.42748
1.4623
1.54941
1.72583
2.09983
3.46652
5.45281
5.39985
5.24879
5.15169
5.08962
4.98427
4.78071
4.43795
3.86385
1.40001
1.40001
1.40002
1.40005
1.4001
1.40026
1.40059
1.40151
1.40358
1.40888
1.42147
1.45181
1.52021
1.67107
1.97496
2.84942
5.36334
5.3521
5.2417
5.08864
4.98832
4.86039
4.64451
4.31757
3.87125
1.40001
1.40001
1.40002
1.40003
1.40009
1.40019
1.40053
1.40114
1.40308
1.40698
1.41808
1.4416
1.50128
1.62455
1.89083
2.53738
4.96578
5.25268
5.18752
5.02943
4.9029
4.75581
4.55342
4.24717
3.88061
1.40001
1.40001
1.40001
1.40003
1.40006
1.40018
1.40037
1.40103
1.40228
1.40605
1.41379
1.43532
1.48041
1.58865
1.8077
2.29992
4.27499
5.14194
5.10742
4.98694
4.83227
4.67391
4.47859
4.20782
3.88311
1.40001
1.40001
1.40001
1.40003
1.40005
1.40014
1.40029
1.40083
1.40172
1.40496
1.41036
1.42876
1.46243
1.55289
1.72943
2.10571
3.53139
5.09326
5.06964
4.96924
4.78309
4.61087
4.41998
4.17523
3.88835
1.40001
1.40001
1.40001
1.40002
1.40004
1.4001
1.40024
1.4006
1.40137
1.40361
1.40808
1.42128
1.44787
1.51616
1.65595
1.93994
2.72493
4.95587
5.05283
4.96865
4.77275
4.57398
4.37793
4.15179
3.89324
1.40001
1.40001
1.40001
1.40002
1.40004
1.40007
1.4002
1.40042
1.40113
1.40255
1.40659
1.41539
1.43825
1.48837
1.60355
1.83762
2.38182
4.45462
4.96357
4.91262
4.76035
4.54963
4.34807
4.13596
3.89904
1.40001
1.40001
1.40001
1.40001
1.40003
1.40006
1.40015
1.40032
1.40083
1.40197
1.40483
1.41189
1.42835
1.46821
1.55638
1.74465
2.12993
3.65145
4.86948
4.84776
4.74977
4.54125
4.33131
4.12621
3.90721
1.40001
1.40001
1.40001
1.40001
1.40002
1.40004
1.40011
1.40023
1.40063
1.40132
1.40377
1.40784
1.42192
1.44698
1.51755
1.65378
1.93137
2.72803
4.70244
4.82675
4.75291
4.56725
4.3347
4.1273
3.91919
1.40001
1.40001
1.40001
1.40001
1.40002
1.40004
1.40007
1.40019
1.4004
1.40109
1.40242
1.40633
1.41451
1.43651
1.48338
1.59348
1.81187
2.31018
4.17544
4.75251
4.71196
4.58468
4.35418
4.13965
3.93628
1.40001
1.40001
1.40001
1.40001
1.40001
1.40003
1.40005
1.40014
1.40028
1.4008
1.40166
1.40469
1.40986
1.4272
1.45853
1.54439
1.70813
2.04837
3.31229
4.63328
4.63929
4.57329
4.39402
4.16791
3.9607
1.40001
1.40001
1.40001
1.40001
1.40001
1.40002
1.40004
1.40009
1.40022
1.40048
1.40132
1.40277
1.40779
1.41644
1.444
1.49535
1.62357
1.85245
2.45541
4.32565
4.62242
4.5706
4.43048
4.20569
3.99175
1.40001
1.40001
1.40001
1.40001
1.40001
1.40001
1.40003
1.40006
1.40016
1.40033
1.40091
1.4019
1.40533
1.41135
1.43052
1.46662
1.56057
1.74002
2.1197
3.57692
4.53779
4.52163
4.45107
4.26802
4.03424
1.40001
1.40001
1.40001
1.40001
1.40001
1.40001
1.40002
1.40004
1.4001
1.40023
1.40059
1.40129
1.40353
1.40744
1.42051
1.44381
1.50974
1.63512
1.88114
2.57445
4.30665
4.51416
4.46216
4.33014
4.09677
1.40001
1.40001
1.40001
1.40001
1.40001
1.40001
1.40002
1.40003
1.40007
1.40015
1.40041
1.40085
1.40234
1.40502
1.41353
1.42961
1.47501
1.56295
1.75828
2.15292
3.67062
4.43808
4.42482
4.356
4.18504
1.40001
1.40001
1.40001
1.40001
1.40001
1.40001
1.40001
1.40002
1.40005
1.4001
1.40025
1.40059
1.40141
1.40354
1.40813
1.42065
1.44691
1.5118
1.64489
1.89303
2.66974
4.20861
4.40705
4.36454
4.24887
1.40001
1.40001
1.40001
1.40001
1.40001
1.40001
1.40001
1.40002
1.40003
1.40007
1.40015
1.40041
1.40086
1.40239
1.40502
1.41378
1.42948
1.47545
1.56255
1.75347
2.14534
3.60573
4.32611
4.32354
4.26975
1.40001
1.40001
1.40001
1.40001
1.40001
1.40001
1.40001
1.40001
1.40002
1.40004
1.40011
1.40023
1.40061
1.40134
1.4035
1.40789
1.41999
1.44553
1.5086
1.63544
1.87131
2.59504
4.07603
4.30447
4.27334
1.40001
1.40001
1.40001
1.40001
1.40001
1.40001
1.40001
1.40001
1.40002
1.40003
1.40007
1.40014
1.40039
1.40082
1.40224
1.4048
1.41283
1.42802
1.47078
1.55309
1.73232
2.09219
3.43628
4.21084
4.24167
1.40001
1.40001
1.40001
1.40001
1.40001
1.40001
1.40001
1.40001
1.40001
1.40002
1.40004
1.4001
1.40022
1.40054
1.40129
1.40301
1.40759
1.41714
1.44278
1.49535
1.61497
1.81771
2.38237
3.92773
4.22085
1.40001
1.40001
1.40001
1.40001
1.40001
1.40001
1.40001
1.40001
1.40001
1.40001
1.40003
1.40006
1.40013
1.40035
1.40073
1.40201
1.40423
1.4115
1.42464
1.46339
1.53594
1.70085
2.00919
3.1838
4.08052
1.40001
1.40001
1.40001
1.40001
1.40001
1.40001
1.40001
1.40001
1.40001
1.40001
1.40002
1.40004
1.40009
1.4002
1.40046
1.40117
1.40254
1.40686
1.41443
1.43841
1.48186
1.59178
1.77226
2.24587
3.70106
1.40001
1.40001
1.40001
1.40001
1.40001
1.40001
1.40001
1.40001
1.40001
1.40001
1.40001
1.40002
1.40006
1.40011
1.4003
1.40062
1.40171
1.40359
1.40974
1.42082
1.45375
1.51539
1.65879
1.90856
2.80586
1.40001
1.40001
1.40001
1.40001
1.40001
1.40001
1.40001
1.40001
1.40001
1.40001
1.40001
1.40002
1.40003
1.40008
1.40016
1.40042
1.40087
1.40237
1.40506
1.41342
1.4291
1.4729
1.55641
1.72559
2.09583
1.40001
1.40001
1.40001
1.40001
1.40001
1.40001
1.40001
1.40001
1.40001
1.40001
1.40001
1.40001
1.40002
1.40004
1.4001
1.40021
1.40056
1.40122
1.40314
1.40708
1.41756
1.43999
1.49452
1.60176
1.79476
1.40001
1.40001
1.40001
1.40001
1.40001
1.40001
1.40001
1.40001
1.40001
1.40001
1.40001
1.40001
1.40001
1.40003
1.40006
1.40014
1.40031
1.40073
1.40178
1.40406
1.4103
1.42281
1.45683
1.52358
1.66801
1.40001
1.40001
1.40001
1.40001
1.40001
1.40001
1.40001
1.40001
1.40001
1.40001
1.40001
1.40001
1.40001
1.40002
1.40004
1.40008
1.40017
1.40042
1.40095
1.40246
1.40526
1.41401
1.4298
1.4748
1.55878
1.40001
1.40001
1.40001
1.40001
1.40001
1.40001
1.40001
1.40001
1.40001
1.40001
1.40001
1.40001
1.40001
1.40001
1.40002
1.40005
1.4001
1.40023
1.40056
1.40125
1.40323
1.40689
1.41823
1.43862
1.49549
1.40001
1.40001
1.40001
1.40001
1.40001
1.40001
1.40001
1.40001
1.40001
1.40001
1.40001
1.40001
1.40001
1.40001
1.40001
1.40003
1.40006
1.40013
1.40031
1.40072
1.40171
1.40416
1.40948
1.42353
1.45244
1.40001
1.40001
1.40001
1.40001
1.40001
1.40001
1.40001
1.40001
1.40001
1.40001
1.40001
1.40001
1.40001
1.40001
1.40001
1.40002
1.40003
1.40008
1.40018
1.4004
1.40101
1.40217
1.40577
1.41211
1.4319
1.40001
1.40001
1.40001
1.40001
1.40001
1.40001
1.40001
1.40001
1.40001
1.40001
1.40001
1.40001
1.40001
1.40001
1.40001
1.40001
1.40002
1.40005
1.4001
1.40026
1.40053
1.40141
1.40304
1.40783
1.41732
1.40001
1.40001
1.40001
1.40001
1.40001
1.40001
1.40001
1.40001
1.40001
1.40001
1.40001
1.40001
1.40001
1.40001
1.40001
1.40001
1.40002
1.40003
1.40007
1.40017
1.40036
1.40099
1.40205
1.40565
1.41189
1.40001
1.40001
1.40001
1.40001
1.40001
1.40001
1.40001
1.40001
1.40001
1.40001
1.40001
1.40001
1.40001
1.40001
1.40001
1.40001
1.40001
1.40003
1.40006
1.40013
1.40031
1.40079
1.40173
1.40473
1.41005
1.40001
1.40001
1.40001
1.40001
1.40001
1.40001
1.40001
1.40001
1.40001
1.40001
1.40001
1.40001
1.40001
1.40001
1.40001
1.40001
1.40001
1.40002
1.40006
1.40011
1.40031
1.40065
1.40178
1.40395
1.41045
1.40001
1.40001
1.40001
1.40001
1.40001
1.40001
1.40001
1.40001
1.40001
1.40001
1.40001
1.40001
1.40001
1.40001
1.40001
1.40001
1.40001
1.40002
1.40005
1.40011
1.4003
1.40062
1.40175
1.40376
1.41041
1.40001
1.40001
1.40001
1.40001
1.40001
1.40001
1.40001
1.40001
1.40001
1.40001
1.40001
1.40001
1.40001
1.40001
1.40001
1.40001
1.40001
1.40002
1.40005
1.40012
1.40026
1.40068
1.40159
1.40401
1.40978
1.40001
1.40001
1.40001
1.40001
1.40001
1.40001
1.40001
1.40001
1.40001
1.40001
1.40001
1.40001
1.40001
1.40001
1.40001
1.40001
1.40001
1.40002
1.40005
1.40012
1.40025
1.40071
1.40147
1.40431
1.40893
1.40001
1.40001
1.40001
1.40001
1.40001
1.40001
1.40001
1.40001
1.40001
1.40001
1.40001
1.40001
1.40001
1.40001
1.40001
1.40001
1.40001
1.40002
1.40005
1.40011
1.40028
1.40062
1.40173
1.40366
1.4104
1.90138
1.0542
0.782423
0.764668
0.868016
1.12536
1.3915
1.47641
1.54119
1.57079
1.57013
1.56279
1.55992
1.56496
1.5613
1.5551
1.54575
1.53178
1.52033
1.50689
1.49358
1.48086
1.46366
1.45373
1.45069
1.45082
1.45276
1.46683
1.49336
1.53409
1.58468
1.64089
1.69998
1.75825
1.81373
1.86421
1.90897
1.95026
1.98623
2.01939
2.04852
2.07361
2.09645
2.11577
2.13189
2.14321
2.15322
2.15848
2.16366
2.16492
2.16684
2.16233
2.16021
2.15271
2.14801
2.13764
2.13053
2.11787
2.10864
2.09442
2.08354
2.06797
2.05577
2.03922
2.02597
2.00865
1.99461
1.9768
1.96224
1.9442
1.92936
1.91142
1.89653
1.87911
1.8644
1.84788
1.83359
1.81852
1.80508
1.79206
1.78017
1.7696
1.76028
1.75267
1.74689
1.74314
1.74311
1.74369
1.74523
1.74836
1.75426
1.76228
1.77127
1.77984
1.78951
1.79634
1.80201
1.80483
1.80615
1.80684
2.34886
1.56158
1.20957
1.16026
1.17056
1.24278
1.44775
1.54917
1.56725
1.56653
1.55928
1.55022
1.53874
1.53103
1.52019
1.50801
1.49039
1.47265
1.46321
1.44978
1.43496
1.42394
1.40933
1.39656
1.39245
1.39131
1.39191
1.40389
1.42944
1.47132
1.5255
1.58563
1.65021
1.71463
1.77778
1.83498
1.88815
1.93678
1.98381
2.02539
2.06488
2.09664
2.12732
2.15185
2.17463
2.19078
2.20589
2.21577
2.22466
2.23005
2.23533
2.23419
2.23377
2.22956
2.2262
2.21887
2.21252
2.20237
2.19361
2.18132
2.17058
2.15671
2.14438
2.12926
2.11576
2.09961
2.08531
2.06842
2.05362
2.03631
2.02124
2.00379
1.98874
1.97161
1.9568
1.94058
1.92623
1.91158
1.89816
1.88551
1.87389
1.86367
1.85483
1.84768
1.8425
1.83933
1.84013
1.84167
1.84413
1.84796
1.85509
1.86331
1.87379
1.88313
1.89321
1.90116
1.90731
1.91099
1.9129
1.91461
2.87068
2.15096
1.69815
1.41993
1.34862
1.35663
1.4232
1.63454
1.65948
1.63591
1.6141
1.59482
1.57675
1.56091
1.53737
1.51313
1.48844
1.46584
1.44571
1.42795
1.41167
1.39338
1.37286
1.3547
1.34576
1.34506
1.34614
1.35774
1.38294
1.42423
1.48174
1.54934
1.62072
1.69509
1.76802
1.8371
1.90036
1.95701
2.00962
2.05613
2.09713
2.13311
2.16513
2.19289
2.2174
2.23678
2.25388
2.26614
2.27664
2.28427
2.29131
2.29281
2.29264
2.28955
2.28679
2.28059
2.27447
2.26521
2.25623
2.24452
2.23331
2.21961
2.20681
2.19155
2.17752
2.16106
2.14607
2.12872
2.11305
2.09519
2.07918
2.0613
2.04523
2.02786
2.01198
1.99561
1.98036
1.96546
1.95154
1.93856
1.92679
1.91639
1.9076
1.90056
1.89553
1.89252
1.8934
1.89501
1.89759
1.90142
1.90821
1.91588
1.92518
1.93377
1.94258
1.94976
1.95549
1.95854
1.96028
1.96241
3.16616
2.53814
2.04703
1.72594
1.52586
1.51141
1.52957
1.61254
1.77415
1.78086
1.73913
1.69584
1.66712
1.63643
1.5996
1.56836
1.54094
1.50918
1.4752
1.4461
1.42068
1.39651
1.37325
1.35481
1.34282
1.3361
1.33621
1.34466
1.36826
1.4154
1.48146
1.55593
1.63588
1.71649
1.79555
1.86605
1.93169
1.99006
2.0451
2.09298
2.13761
2.17541
2.21105
2.24055
2.26789
2.28926
2.3084
2.32219
2.33378
2.34252
2.35087
2.35423
2.3541
2.35135
2.34896
2.3438
2.33821
2.32978
2.32113
2.30993
2.29895
2.28558
2.27285
2.25782
2.24371
2.22745
2.2123
2.19517
2.17927
2.16167
2.14528
2.12761
2.11103
2.09371
2.07739
2.06092
2.04549
2.03045
2.01663
2.0037
1.99226
1.98222
1.97392
1.96743
1.96296
1.96036
1.9614
1.96307
1.96557
1.96949
1.97528
1.98185
1.98899
1.996
2.00268
2.00823
2.01246
2.01427
2.01595
2.01851
3.34402
2.8078
2.35055
2.00544
1.75726
1.65282
1.64332
1.66829
1.76341
1.87426
1.87881
1.8319
1.78746
1.74508
1.69954
1.66174
1.62533
1.5794
1.54217
1.51052
1.47587
1.44107
1.4153
1.39496
1.37798
1.36871
1.36825
1.37797
1.40602
1.45585
1.52038
1.59537
1.67322
1.75485
1.8341
1.90807
1.97681
2.03916
2.09676
2.14838
2.19507
2.236
2.27258
2.30401
2.33171
2.35427
2.37369
2.38821
2.39983
2.40859
2.41668
2.42068
2.42014
2.41623
2.41232
2.40606
2.39955
2.39012
2.38084
2.36864
2.35705
2.34268
2.3293
2.31329
2.29855
2.28146
2.26567
2.24802
2.23146
2.21368
2.19667
2.17914
2.16208
2.14514
2.12863
2.11268
2.09746
2.08303
2.0697
2.05755
2.04681
2.03761
2.03021
2.02443
2.02082
2.01865
2.01958
2.02103
2.0233
2.02633
2.03049
2.03453
2.0389
2.04255
2.04595
2.04756
2.04927
2.04935
2.04954
2.05175
3.4596
3.00219
2.5969
2.24955
1.99269
1.80097
1.75713
1.75341
1.78054
1.88824
1.95872
1.94451
1.90704
1.87158
1.82017
1.76882
1.72466
1.67848
1.63759
1.59854
1.55311
1.51807
1.49353
1.46619
1.44341
1.4395
1.43942
1.45446
1.48889
1.53549
1.59415
1.66121
1.73541
1.80903
1.88654
1.96163
2.03305
2.09746
2.15699
2.20909
2.25688
2.29768
2.33498
2.36603
2.39412
2.41619
2.43571
2.44956
2.46107
2.46863
2.47654
2.48024
2.48124
2.47628
2.47175
2.46441
2.45763
2.44745
2.43791
2.4249
2.41286
2.39781
2.38371
2.36728
2.3516
2.33424
2.31747
2.2996
2.28205
2.264
2.2461
2.22819
2.21057
2.19318
2.17654
2.16029
2.14527
2.1309
2.11822
2.10651
2.09689
2.08846
2.08235
2.07746
2.0749
2.07314
2.07384
2.07479
2.0767
2.07799
2.07993
2.08072
2.08214
2.08154
2.08135
2.07907
2.07757
2.07503
2.07264
2.07522
3.53475
3.15154
2.78528
2.46417
2.19283
1.99302
1.85002
1.83677
1.8349
1.86356
1.97877
2.02656
2.00337
1.97274
1.93556
1.88737
1.83703
1.78301
1.736
1.69847
1.65446
1.6167
1.58423
1.55876
1.54522
1.54032
1.54052
1.57105
1.60959
1.65149
1.69907
1.75278
1.81122
1.87002
1.93537
2.00666
2.07914
2.14711
2.20911
2.26338
2.31185
2.35325
2.39037
2.42128
2.44883
2.4708
2.48986
2.50362
2.51474
2.52162
2.52872
2.53231
2.53419
2.52914
2.52383
2.51546
2.50779
2.4971
2.48678
2.47356
2.46058
2.44527
2.43022
2.41358
2.39698
2.37954
2.36188
2.34405
2.32592
2.30798
2.2899
2.27212
2.25455
2.23747
2.22108
2.20548
2.191
2.17754
2.16578
2.15518
2.14668
2.13947
2.13441
2.13043
2.12836
2.12673
2.12653
2.12614
2.12632
2.12503
2.12391
2.12056
2.11751
2.11212
2.10755
2.10113
2.09612
2.09017
2.08489
2.08583
3.58927
3.2597
2.93557
2.63456
2.37517
2.16057
1.996
1.90924
1.89892
1.89571
1.93104
2.0536
2.08022
2.05708
2.02682
1.98884
1.94641
1.89239
1.84117
1.79542
1.75365
1.71877
1.69165
1.67343
1.65521
1.65515
1.68109
1.7318
1.77164
1.80291
1.83673
1.86956
1.90439
1.94377
1.98917
2.04042
2.11024
2.18201
2.25002
2.30945
2.36106
2.40413
2.44215
2.4729
2.50037
2.52168
2.54046
2.55374
2.56487
2.57052
2.57692
2.57978
2.58197
2.57733
2.57104
2.5618
2.5527
2.54154
2.53011
2.5169
2.50309
2.48788
2.47201
2.45527
2.43794
2.42022
2.40209
2.38383
2.36547
2.34713
2.32901
2.31114
2.29374
2.27696
2.26107
2.24608
2.23261
2.22036
2.2101
2.20118
2.19441
2.18877
2.1851
2.18206
2.18047
2.17867
2.17757
2.17529
2.1732
2.16868
2.16412
2.15704
2.14938
2.1401
2.1313
2.12153
2.11293
2.10426
2.09623
2.09533
3.6315
3.34109
3.05324
2.77466
2.52925
2.312
2.14014
2.00627
1.95811
1.9517
1.95447
2.00039
2.10128
2.12123
2.10144
2.07001
2.03815
1.99169
1.94176
1.89695
1.85378
1.82373
1.79853
1.78464
1.77887
1.79726
1.86201
1.9277
1.96006
1.98047
2.00115
2.01123
2.00767
2.02677
2.05221
2.0834
2.12797
2.19081
2.26077
2.32762
2.38511
2.43382
2.47333
2.50548
2.53263
2.55373
2.57205
2.58501
2.59606
2.60178
2.60714
2.6099
2.6119
2.60939
2.60313
2.59406
2.5841
2.57274
2.56037
2.54696
2.53234
2.51696
2.50058
2.48375
2.46642
2.44882
2.4311
2.41319
2.39538
2.37759
2.36009
2.34292
2.32645
2.31075
2.29616
2.28273
2.27091
2.26055
2.25216
2.24527
2.24029
2.23632
2.23381
2.23149
2.22986
2.22734
2.22475
2.22004
2.21473
2.20708
2.19857
2.18716
2.17587
2.16293
2.15094
2.13782
2.12645
2.11481
2.10443
2.10105
3.66442
3.41084
3.14472
2.89391
2.65632
2.44877
2.26773
2.12776
2.0208
1.99552
1.99162
2.00279
2.05699
2.1382
2.15616
2.13197
2.10834
2.07661
2.03188
1.98802
1.94965
1.93041
1.90841
1.89957
1.90787
1.96636
2.0829
2.15715
2.17125
2.18476
2.18691
2.15609
2.12212
2.10846
2.11984
2.13972
2.16568
2.20266
2.25583
2.32119
2.38488
2.44106
2.48775
2.52527
2.55479
2.57774
2.59631
2.60982
2.62099
2.62785
2.63195
2.63474
2.63614
2.6355
2.63017
2.62206
2.61191
2.60073
2.58819
2.5747
2.56022
2.54479
2.52863
2.51179
2.49446
2.47694
2.45921
2.44165
2.42423
2.40716
2.39055
2.37451
2.35934
2.34508
2.33208
2.32045
2.31051
2.30222
2.29575
2.29074
2.28724
2.28453
2.28268
2.28049
2.27834
2.27443
2.26956
2.26228
2.25343
2.24219
2.22914
2.21443
2.1997
2.18365
2.16863
2.15255
2.13838
2.12424
2.11147
2.10567
3.69669
3.46308
3.22507
2.99046
2.77034
2.56582
2.38954
2.23548
2.12153
2.0393
2.03138
2.02511
2.04344
2.0959
2.1692
2.17825
2.1612
2.1416
2.11105
2.07244
2.03956
2.02479
2.01161
2.02051
2.05661
2.18451
2.33502
2.39293
2.40164
2.40125
2.37154
2.30333
2.24643
2.20881
2.19259
2.19868
2.21338
2.23469
2.26384
2.30474
2.36137
2.41965
2.47347
2.51933
2.55547
2.58319
2.60426
2.61979
2.63117
2.63898
2.64306
2.64535
2.64666
2.64651
2.64369
2.63653
2.62709
2.61608
2.60391
2.59077
2.57673
2.56192
2.54638
2.53017
2.51353
2.49656
2.47948
2.46259
2.44596
2.42994
2.41461
2.40029
2.38702
2.375
2.3644
2.35536
2.34798
2.34216
2.33792
2.33475
2.33267
2.33075
2.32928
2.32667
2.3233
2.31759
2.31008
2.29988
2.28761
2.27249
2.25657
2.23927
2.22205
2.2037
2.18631
2.16831
2.15183
2.13588
2.12095
2.11325
3.72855
3.51188
3.29115
3.07518
2.86564
2.67301
2.49567
2.34234
2.21512
2.11324
2.06437
2.05851
2.05568
2.07428
2.1346
2.19195
2.19566
2.18684
2.16748
2.14776
2.12867
2.11466
2.11364
2.14393
2.23526
2.46215
2.61284
2.62955
2.63154
2.61347
2.53715
2.44668
2.372
2.3197
2.28421
2.26715
2.26522
2.27463
2.28943
2.30986
2.33904
2.38413
2.43704
2.48834
2.53331
2.57002
2.59759
2.61808
2.63235
2.64211
2.64808
2.65038
2.65203
2.65264
2.65169
2.64732
2.63921
2.62909
2.61765
2.6051
2.59166
2.57738
2.56247
2.54697
2.53117
2.51522
2.49931
2.48375
2.46861
2.45423
2.44087
2.42865
2.41787
2.40856
2.40092
2.39487
2.39035
2.38705
2.38474
2.38292
2.38145
2.37968
2.37734
2.3734
2.36754
2.35915
2.34829
2.33453
2.31847
2.30105
2.28284
2.26355
2.24418
2.22411
2.2047
2.18498
2.16645
2.14874
2.13197
2.12198
3.75969
3.55682
3.3521
3.14972
2.95195
2.76809
2.59457
2.44237
2.30664
2.19953
2.11162
2.08338
2.07964
2.08073
2.10093
2.16847
2.20998
2.21757
2.2125
2.20157
2.19649
2.19944
2.22746
2.30178
2.50966
2.7689
2.86466
2.86591
2.85143
2.79532
2.68536
2.58369
2.50056
2.43569
2.3866
2.35221
2.32986
2.31823
2.32302
2.3304
2.34165
2.36145
2.39422
2.43907
2.48673
2.53105
2.56891
2.59825
2.62025
2.63479
2.64422
2.64924
2.6509
2.65204
2.65206
2.65052
2.64486
2.63659
2.62655
2.61533
2.60305
2.59001
2.57633
2.56209
2.5476
2.53292
2.51845
2.50442
2.4911
2.47888
2.46795
2.45851
2.45063
2.44455
2.44008
2.43713
2.43543
2.43434
2.43362
2.43282
2.4317
2.42959
2.42566
2.41913
2.41013
2.39809
2.38321
2.36625
2.34817
2.32893
2.30885
2.28801
2.26702
2.24567
2.22473
2.20381
2.18384
2.16473
2.14659
2.13455
3.79478
3.60154
3.40997
3.21675
3.03339
2.85243
2.68882
2.53329
2.3994
2.28002
2.18876
2.11606
2.1001
2.09722
2.09787
2.12919
2.19226
2.23223
2.2442
2.24763
2.25617
2.28483
2.35923
2.53151
2.86003
3.06915
3.08536
3.07915
3.04381
2.94128
2.81866
2.7124
2.62468
2.55245
2.49323
2.44528
2.40726
2.37967
2.36145
2.35407
2.35822
2.36468
2.37611
2.39837
2.4358
2.47807
2.52137
2.56083
2.59204
2.61625
2.63225
2.6423
2.64735
2.64905
2.6501
2.64998
2.64792
2.642
2.63372
2.62393
2.61298
2.60129
2.58895
2.57637
2.56359
2.551
2.5387
2.52717
2.51649
2.50731
2.49949
2.49332
2.48892
2.48621
2.48477
2.48479
2.4851
2.4854
2.48553
2.48508
2.48381
2.48015
2.47349
2.46335
2.45021
2.43412
2.41662
2.39751
2.37752
2.35628
2.33458
2.31222
2.28978
2.26719
2.24499
2.22299
2.20187
2.18166
2.16252
2.14889
3.83561
3.64918
3.46603
3.28356
3.10574
2.93478
2.77157
2.62272
2.48314
2.36443
2.25942
2.179
2.12404
2.11813
2.11543
2.11893
2.15442
2.21643
2.2603
2.28924
2.32156
2.38929
2.53364
2.89493
3.20787
3.29872
3.29419
3.26722
3.1882
3.05784
2.937
2.83304
2.74411
2.66689
2.59994
2.54151
2.49168
2.45008
2.41655
2.39252
2.37854
2.37659
2.37884
2.38499
2.39766
2.42429
2.46379
2.50654
2.54714
2.58157
2.60813
2.62601
2.63734
2.64352
2.64571
2.64731
2.64786
2.64631
2.64069
2.63277
2.62354
2.61332
2.6028
2.59194
2.58138
2.57101
2.56137
2.55252
2.54528
2.53923
2.53528
2.5327
2.5323
2.53292
2.53411
2.53656
2.53818
2.53859
2.53874
2.53758
2.5346
2.52754
2.51667
2.50207
2.48542
2.46677
2.44702
2.42561
2.4036
2.38061
2.35747
2.33386
2.31045
2.28691
2.26393
2.24112
2.21924
2.1982
2.17832
2.16329
3.88839
3.7019
3.52211
3.34806
3.17504
3.01148
2.85269
2.70505
2.56758
2.44417
2.33379
2.24571
2.16781
2.13756
2.13462
2.13271
2.14785
2.19003
2.25965
2.32333
2.39172
2.53269
2.84966
3.28059
3.48349
3.48345
3.46665
3.41327
3.28594
3.15916
3.04628
2.94627
2.85729
2.77666
2.70379
2.63762
2.57866
2.52658
2.48171
2.44514
2.41731
2.39765
2.3926
2.38827
2.39282
2.40169
2.41767
2.45026
2.4897
2.53076
2.56735
2.59668
2.61795
2.63171
2.63982
2.64317
2.64482
2.64552
2.64452
2.63973
2.63311
2.625
2.61653
2.60801
2.59979
2.59236
2.5858
2.58092
2.57736
2.57526
2.57559
2.57655
2.57864
2.5827
2.58712
2.59047
2.59098
2.59117
2.59032
2.58713
2.57984
2.56749
2.5525
2.53478
2.51579
2.4945
2.47254
2.449
2.42538
2.4008
2.37654
2.3518
2.32758
2.30328
2.27971
2.25637
2.23401
2.21248
2.1922
2.1762
3.95512
3.76044
3.58025
3.41071
3.24399
3.08186
2.93036
2.78209
2.64924
2.52138
2.41224
2.31119
2.23462
2.16717
2.15504
2.15404
2.15978
2.19018
2.263
2.35762
2.48706
2.74916
3.27313
3.6032
3.65696
3.64531
3.60492
3.50073
3.37196
3.2541
3.14851
3.05257
2.96357
2.88055
2.80304
2.73134
2.6661
2.60666
2.55476
2.50899
2.47072
2.44009
2.41776
2.40644
2.39976
2.39766
2.4043
2.41538
2.43665
2.47273
2.51112
2.5486
2.58105
2.60617
2.62327
2.63361
2.63964
2.6415
2.64262
2.64278
2.64058
2.63531
2.62966
2.624
2.61856
2.61488
2.61214
2.61169
2.61221
2.6137
2.61682
2.62251
2.62877
2.63425
2.63889
2.63923
2.63942
2.63855
2.6352
2.62677
2.61385
2.59794
2.58026
2.56
2.53852
2.51516
2.49128
2.46622
2.44115
2.41551
2.39024
2.36477
2.33998
2.31524
2.29141
2.26782
2.24538
2.22373
2.20343
2.18705
4.02524
3.82087
3.64184
3.47136
3.31083
3.15269
3.00264
2.85875
2.72494
2.59866
2.48547
2.38291
2.29771
2.22277
2.18714
2.18428
2.1902
2.21462
2.28457
2.41241
2.63352
3.1406
3.64422
3.80415
3.79682
3.7661
3.68813
3.56603
3.44764
3.34057
3.2418
3.14951
3.06071
2.97761
2.89874
2.82546
2.75678
2.69356
2.63602
2.58354
2.53806
2.49803
2.46494
2.439
2.42264
2.41182
2.40352
2.40726
2.41463
2.42709
2.45217
2.48792
2.52617
2.56097
2.58904
2.6097
2.62346
2.6316
2.63678
2.63912
2.63982
2.64048
2.63977
2.63766
2.63634
2.63697
2.63831
2.64113
2.64639
2.65377
2.66128
2.66979
2.67661
2.68207
2.68275
2.68263
2.68137
2.67739
2.66839
2.65496
2.63893
2.62029
2.59987
2.57756
2.55416
2.52957
2.50442
2.47866
2.45284
2.42681
2.4012
2.37559
2.35083
2.32609
2.30252
2.27903
2.25695
2.23539
2.21542
2.19892
4.12636
3.8986
3.70804
3.5365
3.37629
3.22316
3.07461
2.93367
2.80009
2.67585
2.55857
2.45604
2.36349
2.2884
2.23722
2.23313
2.23852
2.26719
2.34064
2.51483
2.87702
3.54166
3.87814
3.89947
3.88472
3.84201
3.7366
3.62538
3.52003
3.42377
3.33146
3.24375
3.15883
3.07762
2.999
2.92474
2.85358
2.78766
2.72494
2.66831
2.61495
2.56807
2.52518
2.48906
2.45811
2.43619
2.42006
2.40871
2.40211
2.4073
2.4155
2.43124
2.46322
2.49762
2.53322
2.56424
2.59004
2.60828
2.62093
2.6299
2.63569
2.64085
2.64517
2.64898
2.65282
2.65857
2.66532
2.6735
2.68318
2.69412
2.70457
2.71459
2.7209
2.72227
2.72225
2.72109
2.71708
2.70762
2.69458
2.67784
2.65906
2.63759
2.61513
2.59067
2.56609
2.54003
2.51444
2.48779
2.46199
2.43555
2.41021
2.38457
2.36015
2.33568
2.31253
2.28957
2.26799
2.24713
2.22766
2.21163
4.1836
3.9801
3.77825
3.6044
3.44303
3.29242
3.14543
3.00869
2.87186
2.75249
2.63215
2.52969
2.43589
2.35573
2.31816
2.31504
2.32649
2.37133
2.47566
2.72222
3.29131
3.80096
3.98145
3.97844
3.95755
3.90517
3.8137
3.71592
3.62199
3.53089
3.44429
3.35838
3.27597
3.19393
3.11536
3.0377
2.96314
2.89061
2.82284
2.7582
2.69918
2.64348
2.59319
2.54724
2.50626
2.47163
2.44316
2.42449
2.40818
2.39564
2.39808
2.40289
2.41244
2.43285
2.4652
2.50238
2.5376
2.56795
2.59272
2.61159
2.62652
2.63904
2.6502
2.66085
2.67142
2.6827
2.69538
2.70878
2.72254
2.73499
2.74791
2.75529
2.7581
2.75846
2.75705
2.75263
2.74375
2.73046
2.71399
2.6946
2.67336
2.64997
2.62566
2.60001
2.57416
2.54756
2.52122
2.49448
2.46833
2.44208
2.41677
2.39157
2.36754
2.34367
2.32102
2.29861
2.27751
2.25715
2.23822
2.22261
4.19957
4.08526
3.86592
3.67915
3.513
3.36338
3.2152
3.08273
2.94618
2.82627
2.70875
2.60406
2.51642
2.43423
2.42761
2.42945
2.45514
2.53707
2.71355
3.15191
3.59795
3.88738
4.01953
4.02096
4.01254
3.986
3.92051
3.82806
3.73682
3.64736
3.56041
3.47407
3.38915
3.30493
3.22222
3.13998
3.06112
2.9842
2.91186
2.84315
2.77899
2.7184
2.66218
2.60867
2.56079
2.51646
2.47924
2.44705
2.42456
2.40462
2.39062
2.38391
2.38715
2.3941
2.40826
2.43881
2.47447
2.51281
2.54894
2.58128
2.60893
2.63293
2.65374
2.67312
2.69131
2.70971
2.72755
2.745
2.76106
2.77564
2.7846
2.78856
2.78874
2.78722
2.78319
2.77465
2.76118
2.74413
2.72486
2.70305
2.68001
2.65524
2.63021
2.60398
2.57811
2.5514
2.52546
2.49898
2.47361
2.44796
2.42359
2.39902
2.3758
2.35254
2.33068
2.30902
2.2888
2.26943
2.25142
2.23701
4.19922
4.13129
3.96584
3.76405
3.58724
3.43623
3.28718
3.15529
3.02208
2.90143
2.78671
2.68626
2.6001
2.56018
2.55703
2.57519
2.63857
2.79117
3.16786
3.51479
3.75119
3.90764
4.009
4.03813
4.03767
4.02692
3.99512
3.9276
3.84502
3.75743
3.66792
3.57978
3.49261
3.40754
3.32237
3.2396
3.15722
3.07837
3.0018
2.92941
2.85972
2.79423
2.7313
2.67314
2.61813
2.56837
2.52285
2.48279
2.44847
2.42116
2.40034
2.38314
2.3726
2.3743
2.37925
2.38994
2.4124
2.44868
2.49088
2.53522
2.57812
2.617
2.65171
2.68258
2.7105
2.73576
2.75892
2.77961
2.79594
2.80789
2.81423
2.81469
2.81368
2.8107
2.80338
2.78968
2.77301
2.75357
2.73237
2.70906
2.68508
2.65959
2.63413
2.60754
2.58157
2.55492
2.52935
2.50346
2.47871
2.45377
2.42999
2.40616
2.38354
2.36102
2.33988
2.31907
2.29984
2.28162
2.26481
2.25202
4.17417
4.1414
4.05177
3.85373
3.66665
3.50981
3.36112
3.22676
3.09782
2.97855
2.8702
2.77588
2.7194
2.71261
2.72496
2.77942
2.91852
3.27047
3.57914
3.74535
3.83123
3.901
3.96458
4.01769
4.04181
4.04251
4.0346
4.00898
3.95153
3.86701
3.77459
3.6829
3.5923
3.50447
3.41704
3.33115
3.24704
3.16508
3.08599
3.01022
2.93709
2.86787
2.8015
2.73871
2.67985
2.62421
2.57322
2.52635
2.48413
2.44816
2.4174
2.39626
2.37746
2.36668
2.36737
2.37103
2.37979
2.39794
2.43333
2.4829
2.53679
2.59109
2.6422
2.68839
2.72787
2.7614
2.78884
2.8089
2.8261
2.8355
2.83636
2.83565
2.83345
2.82624
2.81275
2.79589
2.77707
2.75563
2.7332
2.70904
2.68476
2.65895
2.63361
2.60728
2.58208
2.55623
2.53162
2.5065
2.48264
2.45842
2.43553
2.41247
2.3908
2.36927
2.34921
2.32976
2.31186
2.29553
2.28033
2.27001
4.12343
4.11732
4.07393
3.96093
3.76192
3.59044
3.43872
3.30206
3.1753
3.06164
2.96262
2.89666
2.88651
2.89615
2.94657
3.08576
3.43478
3.72713
3.8484
3.88608
3.89185
3.90186
3.92388
3.96623
4.02243
4.05714
4.0582
4.05093
4.02702
3.9708
3.8822
3.78553
3.6903
3.59765
3.50777
3.41995
3.3346
3.2506
3.16995
3.09018
3.01475
2.94061
2.87104
2.80418
2.74114
2.68219
2.62646
2.57515
2.52798
2.48492
2.44849
2.41647
2.39339
2.37737
2.36875
2.37032
2.3752
2.38497
2.40388
2.44072
2.489
2.54981
2.61294
2.67335
2.72738
2.77083
2.80545
2.82976
2.84604
2.85009
2.85047
2.84916
2.84291
2.83016
2.8148
2.79658
2.77656
2.7546
2.73217
2.70808
2.68388
2.65826
2.63349
2.60786
2.58348
2.5583
2.53445
2.50994
2.48677
2.46325
2.44105
2.4189
2.39814
2.3778
2.35906
2.3412
2.32514
2.31115
2.29799
2.2904
3.90397
4.08972
4.07295
4.01144
3.86055
3.67743
3.51963
3.38175
3.25991
3.15574
3.08602
3.07404
3.08322
3.13657
3.28266
3.64715
3.92785
4.01083
4.01333
3.99761
3.94834
3.91384
3.91891
3.93709
3.9748
4.04038
4.07317
4.07383
4.06548
4.03853
3.97978
3.88794
3.78877
3.69158
3.59642
3.50589
3.41764
3.33193
3.24871
3.16722
3.0885
3.01255
2.93927
2.87039
2.80368
2.74221
2.68273
2.62809
2.57657
2.5294
2.48765
2.45075
2.42124
2.39888
2.38278
2.38434
2.38673
2.39379
2.40712
2.43243
2.47137
2.51836
2.58018
2.64416
2.70488
2.75884
2.80053
2.83026
2.85008
2.85256
2.85247
2.84967
2.84223
2.82712
2.80957
2.78977
2.76962
2.74795
2.72576
2.70171
2.67795
2.65336
2.62977
2.60538
2.58202
2.55799
2.53511
2.51178
2.48969
2.46736
2.44646
2.42555
2.40641
2.38757
2.37088
2.35506
2.34181
2.33038
2.31964
2.31603
3.36698
3.99188
4.05095
4.02287
3.94759
3.77419
3.60843
3.47043
3.35597
3.28476
3.27195
3.28174
3.34492
3.51365
3.89339
4.16434
4.21332
4.20842
4.17286
4.07801
3.98652
3.93621
3.93633
3.94354
3.96311
4.00529
4.06123
4.08206
4.08166
4.07191
4.04304
3.97737
3.88688
3.78842
3.68883
3.59341
3.50058
3.41233
3.32651
3.24345
3.16276
3.08425
3.00864
2.9364
2.86709
2.80258
2.74036
2.68334
2.62901
2.57946
2.53486
2.49477
2.46223
2.43549
2.41644
2.40909
2.41059
2.41532
2.42526
2.44368
2.47769
2.51556
2.56116
2.61355
2.66822
2.72156
2.76714
2.8037
2.82879
2.83984
2.84019
2.83836
2.83298
2.81887
2.80157
2.78179
2.7618
2.73983
2.71817
2.69493
2.67272
2.64897
2.62665
2.60296
2.58106
2.55784
2.53636
2.51367
2.49282
2.47127
2.45175
2.43214
2.41468
2.3979
2.38332
2.37085
2.36003
2.35206
2.34528
2.3459
2.32849
3.68492
4.01496
4.01073
3.97604
3.88516
3.71864
3.5767
3.49413
3.47983
3.49126
3.56566
3.7706
4.17395
4.43649
4.45578
4.44231
4.39032
4.25478
4.13178
4.04222
3.98651
3.96925
3.97125
3.97866
3.99652
4.03295
4.06815
4.07933
4.07891
4.06939
4.03667
3.96824
3.87976
3.78265
3.68427
3.58735
3.49359
3.40433
3.31738
3.23505
3.15372
3.07681
3.00168
2.93091
2.86363
2.79997
2.74115
2.68518
2.63492
2.58837
2.54807
2.51378
2.48581
2.46588
2.45164
2.45358
2.45612
2.46247
2.47452
2.4955
2.52662
2.55561
2.59021
2.6299
2.67093
2.71182
2.74861
2.77894
2.79988
2.80726
2.80712
2.80493
2.79901
2.78446
2.7667
2.74722
2.72657
2.70577
2.68443
2.6633
2.64175
2.62049
2.59897
2.57766
2.55652
2.53559
2.51524
2.4952
2.47613
2.45776
2.44085
2.42523
2.41169
2.40034
2.39129
2.38378
2.3804
2.37926
2.38168
1.93793
2.90941
3.82373
3.99025
3.97936
3.9427
3.84401
3.72738
3.70862
3.7185
3.80541
4.04952
4.48154
4.73355
4.73374
4.70694
4.62803
4.46103
4.31518
4.20418
4.12425
4.06671
4.03079
4.01117
4.00814
4.01055
4.01959
4.04046
4.06318
4.06664
4.06567
4.05576
4.02439
3.95565
3.86738
3.77165
3.67285
3.57586
3.48212
3.39162
3.30605
3.2229
3.14407
3.0676
2.99527
2.92644
2.86199
2.80173
2.74612
2.69544
2.64975
2.60988
2.57563
2.5482
2.5286
2.51482
2.51207
2.51357
2.51631
2.52196
2.53272
2.54787
2.56236
2.58085
2.60012
2.62421
2.64979
2.68023
2.70864
2.7347
2.75192
2.76232
2.76238
2.76093
2.75709
2.74575
2.72923
2.70976
2.69011
2.6698
2.65003
2.62992
2.6102
2.59016
2.57048
2.55078
2.53168
2.51299
2.4951
2.47815
2.46239
2.44817
2.43601
2.42638
2.41908
2.41394
2.41322
2.4129
2.41554
2.42665
1.72451
2.10264
3.34859
3.89677
3.99113
3.97909
3.95981
3.94095
3.95649
4.06736
4.38576
4.82887
5.05099
5.04516
4.99865
4.87605
4.692
4.5324
4.40986
4.31294
4.23493
4.16934
4.11445
4.07263
4.04585
4.02723
4.02518
4.02769
4.03487
4.04824
4.04829
4.04437
4.03186
4.00204
3.9364
3.84929
3.75399
3.65646
3.56053
3.46682
3.3781
3.29281
3.21202
3.13434
3.06093
2.99153
2.92675
2.86707
2.81237
2.76263
2.7184
2.68006
2.64866
2.6237
2.60572
2.59344
2.5864
2.58402
2.5825
2.58142
2.57901
2.57786
2.57751
2.57838
2.58002
2.58265
2.59174
2.60967
2.63013
2.65202
2.6741
2.69282
2.70516
2.71004
2.70948
2.70702
2.70185
2.6875
2.67117
2.65271
2.63432
2.61565
2.59748
2.57936
2.56156
2.54409
2.52704
2.51066
2.49523
2.48092
2.46837
2.45745
2.45027
2.44346
2.44242
2.4416
2.44342
2.44882
2.45744
2.48237
1.59641
1.78818
2.31487
3.5861
3.95288
4.04373
4.0831
4.17348
4.3814
4.81154
5.23561
5.39491
5.37921
5.30934
5.13606
4.93545
4.76738
4.63549
4.5309
4.44057
4.35869
4.28237
4.21264
4.15048
4.10066
4.06323
4.03675
4.0213
4.01813
4.01964
4.02082
4.01989
4.01478
4.0008
3.96856
3.90395
3.8208
3.72821
3.6325
3.53778
3.44682
3.36003
3.27751
3.19933
3.12551
3.05628
2.99233
2.934
2.88115
2.83461
2.79364
2.75961
2.73143
2.71021
2.69309
2.68128
2.66944
2.66059
2.64869
2.63747
2.62236
2.60707
2.58969
2.5748
2.55984
2.54866
2.54788
2.5486
2.55278
2.56265
2.58223
2.60238
2.62271
2.63793
2.6491
2.65087
2.65011
2.64732
2.64121
2.62683
2.61147
2.59464
2.5781
2.56181
2.54628
2.53125
2.51724
2.50401
2.49238
2.48208
2.47429
2.46894
2.4665
2.46589
2.46731
2.47122
2.48282
2.50018
2.5138
2.54476
1.52288
1.65306
1.91763
2.80758
3.7534
4.06562
4.29626
4.62609
5.26628
5.7212
5.79081
5.75786
5.65122
5.40135
5.18889
5.01126
4.87419
4.76361
4.66567
4.57339
4.48273
4.39542
4.31122
4.23359
4.16448
4.10596
4.06095
4.02417
4.00098
3.98864
3.98282
3.98002
3.97653
3.96824
3.95162
3.91499
3.85566
3.78077
3.69545
3.60522
3.51503
3.42703
3.34247
3.26392
3.19054
3.12254
3.06055
3.00493
2.95557
2.91315
2.87651
2.84703
2.82248
2.80303
2.78625
2.76965
2.75312
2.73264
2.7111
2.68521
2.65828
2.62855
2.59951
2.57027
2.54381
2.52048
2.50281
2.49071
2.48972
2.49042
2.49512
2.50604
2.52577
2.54611
2.5657
2.57939
2.58965
2.59017
2.58969
2.58736
2.58051
2.56768
2.55403
2.53999
2.52652
2.51402
2.50311
2.49334
2.48657
2.48074
2.47978
2.47959
2.48087
2.48484
2.49565
2.51116
2.53011
2.55434
2.57189
2.60429
1.46785
1.55902
1.71425
2.08342
3.25828
3.9751
4.72076
5.64149
6.20556
6.20924
6.14791
5.96603
5.68499
5.44201
5.25133
5.10978
4.99634
4.8958
4.79675
4.6985
4.59858
4.50076
4.40499
4.31463
4.2301
4.15447
4.08928
4.03559
3.99094
3.95959
3.93914
3.92682
3.91885
3.912
3.90223
3.88376
3.84907
3.79493
3.72728
3.65024
3.56818
3.48507
3.40483
3.32638
3.25426
3.18816
3.12985
3.07804
3.03384
2.99598
2.9647
2.93802
2.91572
2.89419
2.87298
2.8485
2.82126
2.78902
2.75481
2.71629
2.67773
2.63662
2.59775
2.55844
2.52398
2.49071
2.46432
2.44079
2.42586
2.41867
2.41839
2.42014
2.42679
2.44249
2.46314
2.48354
2.50253
2.51469
2.52433
2.5253
2.52548
2.52406
2.51868
2.50906
2.49947
2.49042
2.48359
2.47803
2.47765
2.47826
2.48032
2.48475
2.49629
2.51102
2.5311
2.55424
2.5786
2.60546
2.62384
2.65345
1.44279
1.49441
1.61048
1.81798
2.35723
3.63833
5.74895
6.66887
6.67451
6.55788
6.23911
5.93363
5.68577
5.48606
5.33775
5.22269
5.11789
5.01522
4.90908
4.80208
4.69325
4.58685
4.48188
4.38123
4.28467
4.19494
4.11281
4.04074
3.9784
3.92643
3.88695
3.85886
3.8401
3.82783
3.8189
3.8088
3.79106
3.76127
3.71558
3.65595
3.58958
3.51743
3.44618
3.37479
3.3087
3.24682
3.19277
3.14625
3.107
3.07411
3.04571
3.02041
2.99524
2.96885
2.93873
2.90408
2.86475
2.82172
2.77559
2.72798
2.67927
2.63122
2.58409
2.53964
2.49699
2.45948
2.42363
2.39513
2.36897
2.35214
2.34035
2.33946
2.3401
2.34443
2.35538
2.37482
2.39729
2.41822
2.43636
2.44874
2.45774
2.46209
2.46339
2.46393
2.46266
2.45877
2.45892
2.46026
2.46315
2.46822
2.47951
2.49351
2.51503
2.53893
2.56613
2.59368
2.61997
2.64545
2.66144
2.68525
1.43177
1.46825
1.56483
1.74943
2.16604
3.32329
6.3855
6.73701
6.65811
6.34177
6.02449
5.78675
5.61297
5.48264
5.37693
5.27548
5.17083
5.06274
4.95077
4.83762
4.72396
4.6114
4.5013
4.39377
4.28985
4.19088
4.09725
4.01198
3.93575
3.86834
3.81213
3.76788
3.73523
3.71291
3.69847
3.68926
3.6811
3.66667
3.64444
3.60876
3.56138
3.50767
3.45048
3.39326
3.33636
3.28489
3.2381
3.19878
3.16376
3.13431
3.10536
3.07695
3.04499
3.00982
2.96868
2.9233
2.87331
2.8212
2.76676
2.71252
2.65779
2.60538
2.55391
2.50616
2.45994
2.41836
2.37907
2.34535
2.31433
2.29026
2.27035
2.2579
2.25557
2.25585
2.25898
2.26679
2.28558
2.30811
2.33165
2.35307
2.37122
2.38546
2.39634
2.40478
2.41191
2.41761
2.42408
2.4346
2.44464
2.45867
2.47878
2.50404
2.53183
2.56243
2.59197
2.62083
2.64426
2.66605
2.67679
2.69421
1.42736
1.4595
1.54551
1.716
2.08931
3.19073
6.33476
6.31452
6.12105
5.8717
5.69382
5.5718
5.48038
5.3998
5.31277
5.21696
5.11286
5.00491
4.89291
4.77974
4.66569
4.55135
4.43956
4.33005
4.22358
4.12081
4.0227
3.93056
3.84591
3.76976
3.70286
3.64635
3.60154
3.56814
3.54537
3.53144
3.52431
3.52003
3.51244
3.49974
3.47664
3.44509
3.40736
3.36757
3.32714
3.2889
3.2529
3.2198
3.18983
3.15958
3.12814
3.09236
3.05283
3.00693
2.957
2.90228
2.846
2.78733
2.72934
2.67104
2.61511
2.56043
2.50881
2.45918
2.41307
2.3688
2.32911
2.29158
2.25923
2.2294
2.20598
2.18607
2.17366
2.17006
2.17042
2.17311
2.18004
2.19691
2.2195
2.24593
2.27068
2.29499
2.31517
2.33441
2.35065
2.36748
2.38411
2.40302
2.42328
2.44929
2.47706
2.50932
2.5411
2.57355
2.60189
2.62736
2.6459
2.6616
2.66744
2.67897
1.4238
1.46007
1.53509
1.70786
2.0547
3.15361
6.21429
6.01156
5.70064
5.54753
5.47044
5.40849
5.34752
5.27401
5.18675
5.09105
4.98841
4.88238
4.77376
4.66333
4.55183
4.43951
4.32721
4.21775
4.11048
4.00773
3.908
3.8148
3.72665
3.64664
3.57421
3.51067
3.4576
3.41528
3.38385
3.36338
3.35233
3.35058
3.35107
3.35122
3.34835
3.33853
3.3227
3.3022
3.28065
3.25637
3.23066
3.20288
3.17392
3.14042
3.10199
3.05778
3.00843
2.95475
2.89783
2.83914
2.77962
2.72056
2.66251
2.60626
2.55181
2.4995
2.44944
2.4018
2.35684
2.31417
2.27416
2.2369
2.20262
2.17175
2.1443
2.12141
2.10287
2.09023
2.08665
2.087
2.08955
2.09633
2.11223
2.13608
2.16499
2.19419
2.22468
2.25273
2.28136
2.30858
2.33731
2.3667
2.3991
2.43309
2.46834
2.50311
2.53598
2.56513
2.58946
2.60845
2.6218
2.63114
2.63339
2.64067
1.42286
1.45978
1.53205
1.70447
2.04416
3.14152
6.19643
5.92422
5.58183
5.43079
5.36136
5.30269
5.23499
5.15462
5.06441
4.96713
4.86619
4.76067
4.65311
4.54485
4.43402
4.32395
4.21391
4.10457
3.99963
3.89715
3.79878
3.70634
3.61712
3.53589
3.46054
3.39261
3.33465
3.28466
3.24705
3.21902
3.20256
3.20097
3.20228
3.20573
3.2134
3.21989
3.22184
3.22066
3.21695
3.20292
3.18454
3.15957
3.13051
3.09312
3.0507
3.00153
2.94909
2.89228
2.83457
2.77553
2.71736
2.65966
2.60371
2.54916
2.49662
2.44596
2.39729
2.35082
2.3064
2.26445
2.22419
2.18689
2.15123
2.11929
2.08902
2.06354
2.04038
2.0236
2.01021
2.00861
2.00882
2.01147
2.01808
2.03612
2.06181
2.0948
2.12896
2.1675
2.20462
2.24518
2.28369
2.3256
2.36564
2.40701
2.44413
2.47954
2.50796
2.5328
2.54973
2.56346
2.5705
2.57464
2.57548
2.57839
1.42377
1.45752
1.53405
1.70008
2.04216
3.13459
6.18786
5.89627
5.53579
5.37751
5.30784
5.24712
5.17266
5.08617
4.99214
4.89121
4.78715
4.68039
4.57208
4.46183
4.35314
4.24319
4.13433
4.02778
3.92235
3.82042
3.72302
3.62908
3.53969
3.45718
3.37921
3.30887
3.24717
3.19267
3.14987
3.11749
3.09531
3.09342
3.09392
3.09714
3.10661
3.12583
3.14182
3.15721
3.15714
3.15488
3.1491
3.13074
3.09981
3.05847
3.01182
2.95798
2.90198
2.84254
2.78374
2.72429
2.66655
2.60966
2.55474
2.50146
2.45008
2.40055
2.35269
2.30661
2.26218
2.21962
2.17898
2.14027
2.10397
2.06976
2.03876
2.01017
1.98582
1.96474
1.94918
1.93997
1.94007
1.9416
1.94625
1.95674
1.97935
2.01043
2.04874
2.09142
2.13921
2.18745
2.23831
2.28687
2.33462
2.37702
2.41542
2.44575
2.4712
2.4887
2.50179
2.5096
2.51353
2.51409
2.51367
2.51413
1.42533
1.45462
1.53675
1.69654
2.04189
3.1279
6.18073
5.88633
5.51507
5.35331
5.28791
5.23079
5.15569
5.06702
4.96859
4.86415
4.75757
4.64767
4.53751
4.42682
4.31681
4.20657
4.09891
3.99162
3.88693
3.78461
3.68734
3.59135
3.50252
3.41822
3.33825
3.26707
3.20227
3.14521
3.09941
3.06395
3.03858
3.03586
3.03584
3.03928
3.04941
3.07384
3.10022
3.12322
3.13251
3.13121
3.12568
3.1122
3.08611
3.03972
2.98809
2.92971
2.8693
2.80794
2.74727
2.68752
2.62924
2.57224
2.51753
2.46443
2.41324
2.36388
2.31581
2.26973
2.22508
2.18252
2.14181
2.10312
2.06672
2.03243
2.00094
1.97213
1.94669
1.9246
1.90772
1.89378
1.89364
1.89449
1.89765
1.90514
1.92275
1.95164
1.99067
2.03695
2.08976
2.14614
2.20326
2.25772
2.30833
2.35031
2.3867
2.41268
2.43361
2.44597
2.45547
2.45879
2.45943
2.45824
2.45568
2.45521
1.4224
1.45908
1.53113
1.70089
2.03845
3.125
6.17664
5.8828
5.50715
5.34386
5.28193
5.22847
5.15512
5.0662
4.96612
4.86067
4.75285
4.6416
4.53076
4.41959
4.30856
4.19857
4.09021
3.98345
3.87782
3.77638
3.67744
3.58172
3.49192
3.40695
3.32612
3.25394
3.18811
3.12956
3.08218
3.04518
3.01824
3.01514
3.01408
3.01895
3.02836
3.05589
3.08496
3.11531
3.12581
3.12494
3.11962
3.10673
3.08137
3.03318
2.97892
2.91678
2.8541
2.79093
2.72894
2.66822
2.60897
2.55194
2.49686
2.444
2.39258
2.34339
2.29515
2.24936
2.20464
2.16227
2.12155
2.08297
2.04657
2.01237
1.98078
1.95183
1.92603
1.90345
1.88572
1.87073
1.8685
1.86922
1.872
1.87879
1.89364
1.92116
1.95968
2.00707
2.06273
2.12249
2.18268
2.23993
2.28992
2.33185
2.36486
2.38901
2.40609
2.41701
2.42311
2.42544
2.42378
2.42224
2.41847
2.41728
)
;

boundaryField
{
    inlet
    {
        type            calculated;
        value           uniform 1.40001;
    }
    outlet
    {
        type            calculated;
        value           nonuniform List<scalar> 
40
(
1.79902
1.9065
1.95424
2.01013
2.04333
2.06691
2.07779
2.08761
2.09373
2.09876
2.10673
2.1158
2.12864
2.14319
2.15775
2.17078
2.18171
2.19363
2.20638
2.21737
2.23177
2.24675
2.26469
2.285
2.31052
2.34026
2.37586
2.42053
2.47593
2.53795
2.59715
2.64606
2.6777
2.6866
2.67139
2.63319
2.57108
2.50699
2.44825
2.41045
)
;
    }
    bottom
    {
        type            symmetryPlane;
    }
    top
    {
        type            symmetryPlane;
    }
    obstacle
    {
        type            calculated;
        value           nonuniform List<scalar> 
110
(
5.98662
5.98777
5.97628
5.9524
5.91922
5.87216
5.80299
5.69944
5.53094
5.25965
1.90138
1.0542
0.782423
0.764668
0.868016
1.12536
1.3915
1.47641
1.54119
1.57079
1.57013
1.56279
1.55992
1.56496
1.5613
1.5551
1.54575
1.53178
1.52033
1.50689
1.49358
1.48086
1.46366
1.45373
1.45069
1.45082
1.45276
1.46683
1.49336
1.53409
1.58468
1.64089
1.69998
1.75825
1.81373
1.86421
1.90897
1.95026
1.98623
2.01939
2.04852
2.07361
2.09645
2.11577
2.13189
2.14321
2.15322
2.15848
2.16366
2.16492
2.16684
2.16233
2.16021
2.15271
2.14801
2.13764
2.13053
2.11787
2.10864
2.09442
2.08354
2.06797
2.05577
2.03922
2.02597
2.00865
1.99461
1.9768
1.96224
1.9442
1.92936
1.91142
1.89653
1.87911
1.8644
1.84788
1.83359
1.81852
1.80508
1.79206
1.78017
1.7696
1.76028
1.75267
1.74689
1.74314
1.74311
1.74369
1.74523
1.74836
1.75426
1.76228
1.77127
1.77984
1.78951
1.79634
1.80201
1.80483
1.80615
1.80684
)
;
    }
    defaultFaces
    {
        type            empty;
    }
}


// ************************************************************************* //
