/*--------------------------------*- C++ -*----------------------------------*\
  =========                 |
  \\      /  F ield         | OpenFOAM: The Open Source CFD Toolbox
   \\    /   O peration     | Website:  https://openfoam.org
    \\  /    A nd           | Version:  9
     \\/     M anipulation  |
\*---------------------------------------------------------------------------*/
FoamFile
{
    format      ascii;
    class       surfaceScalarField;
    location    "1";
    object      phi;
}
// * * * * * * * * * * * * * * * * * * * * * * * * * * * * * * * * * * * * * //

dimensions      [0 3 -1 0 0 0 0];

internalField   nonuniform List<scalar> 
8032
(
-0.000107858
0.000107858
-0.000212041
0.000104213
-0.000308513
9.64712e-05
-0.0003935
8.49873e-05
-0.000463703
7.02024e-05
-0.000516361
5.26577e-05
-0.000549346
3.29854e-05
-0.000561249
1.19029e-05
-0.00055164
-9.60915e-06
-0.000520703
-3.09368e-05
-0.000469476
-5.12271e-05
-0.000399872
-6.96038e-05
-0.00031456
-8.5312e-05
-0.000216856
-9.77035e-05
-0.000110593
-0.000106263
3.84567e-08
-0.000110632
0.00011067
-0.000110631
0.000216931
-0.000106261
0.000314633
-9.77016e-05
0.000399942
-8.53093e-05
0.000469543
-6.96004e-05
0.000520766
-5.12231e-05
0.000551698
-3.09322e-05
0.000561303
-9.60422e-06
0.000549395
1.19082e-05
0.000516404
3.2991e-05
0.00046374
5.26633e-05
0.000393533
7.02079e-05
0.000308541
8.4992e-05
0.000212067
9.64737e-05
0.00010786
0.000104208
0.00010786
-0.000112281
0.000220138
-0.000220778
0.00021271
-0.000321253
0.000196945
-0.000409799
0.000173533
-0.000482982
0.000143386
-0.000537928
0.000107604
-0.000572423
6.748e-05
-0.000585004
2.4484e-05
-0.000575019
-1.9594e-05
-0.000542817
-6.31386e-05
-0.000489485
-0.000104559
-0.000416974
-0.000142115
-0.000328052
-0.000174234
-0.000226178
-0.000199578
-0.000115354
-0.000217086
3.88398e-08
-0.000226025
0.000115431
-0.000226024
0.000226254
-0.000217084
0.000328126
-0.000199574
0.000417046
-0.000174229
0.000489553
-0.000142108
0.000542881
-0.000104551
0.000575078
-6.31295e-05
0.000585058
-1.9584e-05
0.000572472
2.44948e-05
0.000537971
6.74913e-05
0.00048302
0.000107615
0.00040983
0.000143397
0.000321278
0.000173544
0.000220797
0.000196955
0.000112287
0.000212717
0.000220147
-0.000120598
0.000340736
-0.000237157
0.000329269
-0.00034514
0.000304928
-0.000440371
0.000268765
-0.000519163
0.000222178
-0.000578416
0.000166856
-0.000615729
0.000104793
-0.000629508
3.82631e-05
-0.000619
-3.01018e-05
-0.000584489
-9.76498e-05
-0.00052719
-0.000161857
-0.000449197
-0.000220108
-0.000353472
-0.000269959
-0.000243739
-0.000309311
-0.000124323
-0.000336503
3.95735e-08
-0.000350387
0.000124401
-0.000350386
0.000243817
-0.000336499
0.000353548
-0.000309305
0.000449269
-0.00026995
0.000527259
-0.000220098
0.000584553
-0.000161845
0.00061906
-9.76359e-05
0.000629562
-3.00865e-05
0.000615778
3.82797e-05
0.000578459
0.00010481
0.0005192
0.000166874
0.000440402
0.000222196
0.000345163
0.000268783
0.000237173
0.000304945
0.000120606
0.000329285
0.000340752
-0.000133207
0.000473942
-0.000261991
0.000458053
-0.000381381
0.000424317
-0.000486789
0.000374173
-0.000574141
0.00030953
-0.000639991
0.000232706
-0.000681644
0.000146446
-0.000697283
5.39022e-05
-0.000686034
-4.1351e-05
-0.000648103
-0.000135581
-0.000584805
-0.000225155
-0.000498459
-0.000306454
-0.000392346
-0.000376071
-0.000270602
-0.000431055
-0.000138043
-0.000469062
4.07094e-08
-0.00048847
0.000138124
-0.000488469
0.000270681
-0.000469056
0.000392424
-0.000431047
0.000498533
-0.00037606
0.000584876
-0.00030644
0.000648169
-0.000225138
0.000686095
-0.000135562
0.000697339
-4.13301e-05
0.000681694
5.39247e-05
0.000640035
0.000146469
0.000574178
0.000232731
0.000486819
0.000309556
0.000381404
0.000374198
0.000262007
0.000424342
0.000133214
0.000458077
0.000473967
-0.000150578
0.00062452
-0.000296219
0.000603694
-0.000431361
0.000559459
-0.000550853
0.000493665
-0.000650092
0.000408769
-0.000725144
0.000307758
-0.000772896
0.000194197
-0.000791205
7.22117e-05
-0.000779006
-5.35501e-05
-0.000736421
-0.000178166
-0.00066487
-0.000296706
-0.000566962
-0.000404362
-0.000446426
-0.000496607
-0.000307981
-0.0005695
-0.000157138
-0.000619905
4.22931e-08
-0.00064565
0.000157222
-0.000645648
0.000308064
-0.000619898
0.000446507
-0.000569489
0.000567039
-0.000496592
0.000664943
-0.000404343
0.000736489
-0.000296685
0.000779069
-0.000178142
0.000791262
-5.35232e-05
0.000772946
7.22406e-05
0.000725188
0.000194227
0.000650129
0.00030779
0.000550883
0.000408802
0.000431383
0.000493698
0.000296234
0.000559491
0.000150585
0.000603727
0.000624552
-0.0001733
0.000797819
-0.00034101
0.000771405
-0.000496815
0.000715264
-0.000634839
0.000631689
-0.000749781
0.000523712
-0.00083706
0.000395038
-0.000892991
0.000250127
-0.000914982
9.4203e-05
-0.000901677
-6.68552e-05
-0.000853076
-0.000226767
-0.000770724
-0.000379058
-0.000657598
-0.000517488
-0.000518017
-0.000636188
-0.00035748
-0.000730037
-0.000182428
-0.000794957
4.43651e-08
-0.000828122
0.000182516
-0.000828119
0.000357566
-0.000794949
0.000518101
-0.000730024
0.000657679
-0.00063617
0.000770801
-0.000517465
0.000853147
-0.000379031
0.000901742
-0.000226737
0.000915041
-6.6822e-05
0.000893043
9.42385e-05
0.000837106
0.000250165
0.000749819
0.000395077
0.000634869
0.000523752
0.000496838
0.000631729
0.000341026
0.000715304
0.000173307
0.000771445
0.000797859
-0.000202101
0.00099992
-0.000397818
0.000967122
-0.000579911
0.000897356
-0.000741599
0.000793377
-0.000876701
0.000658814
-0.000979793
0.000498129
-0.00104642
0.000316758
-0.00107339
0.000121175
-0.00105892
-8.13309e-05
-0.0010028
-0.000282882
-0.000906738
-0.000475124
-0.000774155
-0.000650071
-0.000610135
-0.000800207
-0.000421194
-0.000918978
-0.000214987
-0.00100116
4.69723e-08
-0.00104316
0.000215081
-0.00104315
0.000421286
-0.00100115
0.000610224
-0.000918962
0.000774239
-0.000800185
0.000906818
-0.000650043
0.00100288
-0.000475092
0.00105899
-0.000282846
0.00107346
-8.12908e-05
0.00104648
0.000121217
0.000979839
0.000316803
0.00087674
0.000498176
0.00074163
0.000658862
0.000579934
0.000793425
0.000397833
0.000897405
0.000202108
0.00096717
0.000999968
-0.000237858
0.00123778
-0.000468401
0.00119766
-0.000683286
0.00111224
-0.000874639
0.000984729
-0.00103518
0.000819357
-0.00115841
0.000621357
-0.00123887
0.000397214
-0.00127252
0.000154831
-0.00125696
-9.68876e-05
-0.00119169
-0.000348156
-0.00107854
-0.000588271
-0.000921521
-0.000807093
-0.000726675
-0.000995053
-0.00050183
-0.00114382
-0.000256202
-0.00124679
5.0172e-08
-0.00129941
0.000256302
-0.0012994
0.000501928
-0.00124678
0.00072677
-0.0011438
0.000921611
-0.000995027
0.00107863
-0.00080706
0.00119177
-0.000588233
0.00125704
-0.000348113
0.00127259
-9.68399e-05
0.00123892
0.000154881
0.00115846
0.000397267
0.00103522
0.000621412
0.00087467
0.000819413
0.00068331
0.000984786
0.000468416
0.0011123
0.000237866
0.00119772
0.00123783
-0.000281603
0.00151938
-0.000554836
0.0014709
-0.000810085
0.00136749
-0.00103818
0.00121282
-0.00123049
0.00101167
-0.00137915
0.000770019
-0.00147739
0.000495452
-0.00152
0.000197443
-0.00150371
-0.000113182
-0.00142749
-0.000424374
-0.00129334
-0.000722422
-0.00110595
-0.00099448
-0.000872616
-0.00122839
-0.000602841
-0.0014136
-0.000307838
-0.0015418
5.40358e-08
-0.0016073
0.000307945
-0.0016073
0.000602946
-0.00154178
0.000872717
-0.00141357
0.00110605
-0.00122836
0.00129343
-0.000994441
0.00142757
-0.000722376
0.00150378
-0.000424323
0.00152007
-0.000113126
0.00147745
0.000197502
0.0013792
0.000495514
0.00123053
0.000770082
0.00103821
0.00101173
0.000810109
0.00121289
0.000554852
0.00136755
0.000281611
0.00147096
0.00151944
-0.000334513
0.00185389
-0.00065951
0.0017959
-0.000963955
0.00167194
-0.00123718
0.00148604
-0.00146893
0.00124342
-0.0016496
0.000950695
-0.00177069
0.000616538
-0.00182536
0.000252111
-0.00180908
-0.000129458
-0.00172002
-0.000513441
-0.00156026
-0.000882174
-0.00133539
-0.00121935
-0.00105428
-0.0015095
-0.000728613
-0.00173926
-0.000372141
-0.00189827
5.86493e-08
-0.0019795
0.000372258
-0.00197949
0.000728727
-0.00189825
0.00105439
-0.00173924
0.00133549
-0.00150946
0.00156036
-0.00121931
0.0017201
-0.00088212
0.00180916
-0.00051338
0.00182543
-0.000129392
0.00177075
0.00025218
0.00164965
0.000616609
0.00146897
0.000950768
0.00123721
0.0012435
0.000963979
0.00148612
0.000659526
0.00167201
0.000334521
0.00179597
0.00185397
-0.000397887
0.00225178
-0.000785083
0.00218309
-0.00114902
0.00203587
-0.00147735
0.00181437
-0.00175789
0.00152397
-0.00197886
0.00117167
-0.0021294
0.000767075
-0.00220042
0.000323131
-0.00218558
-0.000144297
-0.00208169
-0.000617328
-0.00189092
-0.00107294
-0.00161995
-0.00149033
-0.00127975
-0.00184969
-0.000884792
-0.00213422
-0.000452017
-0.00233104
6.41513e-08
-0.00243158
0.000452144
-0.00243157
0.000884916
-0.00233102
0.00127987
-0.00213419
0.00162006
-0.00184965
0.00189103
-0.00149027
0.00208179
-0.00107288
0.00218566
-0.000617257
0.00220049
-0.00014422
0.00212946
0.000323211
0.00197891
0.000767157
0.00175793
0.00117175
0.00147738
0.00152405
0.00114904
0.00181445
0.000785099
0.00203595
0.000397895
0.00218317
0.00225186
-0.000473075
0.00272486
-0.000934369
0.00264439
-0.00136976
0.00247127
-0.00176509
0.0022097
-0.00210592
0.00186479
-0.00237769
0.00144344
-0.00256643
0.000955805
-0.00265983
0.000416533
-0.00264886
-0.000155262
-0.00252822
-0.000737976
-0.00230015
-0.00130101
-0.00197281
-0.00181768
-0.00155969
-0.00226281
-0.0010788
-0.00261512
-0.000551261
-0.00285858
7.0706e-08
-0.00298291
0.000551401
-0.00298291
0.00107893
-0.00285856
0.00155982
-0.00261508
0.00197293
-0.00226276
0.00230027
-0.00181761
0.00252832
-0.00130093
0.00264895
-0.000737893
0.00265991
-0.000155172
0.00256649
0.000416626
0.00237775
0.000955899
0.00210596
0.00144353
0.00176513
0.00186489
0.00136979
0.00220979
0.000934383
0.00247136
0.000473082
0.00264447
0.00272494
-0.000561389
0.00328624
-0.00111017
0.00319317
-0.00163082
0.00299192
-0.00210732
0.00268619
-0.00252261
0.00228008
-0.00285867
0.00177951
-0.00309731
0.00119445
-0.00322164
0.000540863
-0.00321857
-0.000158334
-0.00307963
-0.000876918
-0.00280728
-0.00157336
-0.00241058
-0.00221438
-0.0019064
-0.00276698
-0.00131835
-0.00320317
-0.000673553
-0.00350338
7.84287e-08
-0.00365654
0.000673709
-0.00365654
0.00131851
-0.00350335
0.00190655
-0.00320312
0.00241071
-0.00276692
0.0028074
-0.0022143
0.00307974
-0.00157327
0.00321867
-0.000876821
0.00322172
-0.00015823
0.00309738
0.00054097
0.00285873
0.00119455
0.00252265
0.00177961
0.00210735
0.00228019
0.00163084
0.00268629
0.00111019
0.00299201
0.000561396
0.00319326
0.00328634
-0.000663938
0.00395018
-0.00131499
0.00384422
-0.0019366
0.00361353
-0.00251105
0.00326064
-0.00301836
0.00278739
-0.00343612
0.00219728
-0.00374041
0.00149873
-0.00390752
0.000707971
-0.003918
-0.000147855
-0.00375779
-0.00103712
-0.00342758
-0.00190357
-0.00293771
-0.00270425
-0.00231483
-0.00338986
-0.00159494
-0.00392306
-0.000812897
-0.00428542
8.64268e-08
-0.00446953
0.000813068
-0.00446952
0.00159511
-0.00428539
0.00231499
-0.00392301
0.00293786
-0.00338979
0.00342772
-0.00270416
0.00375791
-0.00190346
0.0039181
-0.00103701
0.0039076
-0.000147732
0.00374048
0.000708094
0.00343618
0.00149886
0.00301839
0.00219739
0.00251108
0.00278751
0.00193662
0.00326075
0.001315
0.00361363
0.000663944
0.00384432
0.00395028
-0.000781365
0.00473155
-0.00155051
0.00461336
-0.00229064
0.00435366
-0.00298279
0.00395279
-0.00360381
0.00340842
-0.0041255
0.00271896
-0.00451515
0.00188838
-0.00473724
0.00093006
-0.00475837
-0.000126722
-0.00454906
-0.00124643
-0.00410766
-0.00234497
-0.00346513
-0.00334678
-0.00268091
-0.00417407
-0.00181827
-0.0047857
-0.000916115
-0.00518757
8.94315e-08
-0.00538573
0.000916294
-0.00538572
0.00181844
-0.00518754
0.00268109
-0.00478565
0.00346529
-0.00417399
0.00410782
-0.00334668
0.0045492
-0.00234484
0.00475848
-0.00124629
0.00473732
-0.000126576
0.00451521
0.000930204
0.00412555
0.00188852
0.00360385
0.00271909
0.00298281
0.00340854
0.00229065
0.00395291
0.00155052
0.00435377
0.000781369
0.00461347
0.00473165
-0.000913464
0.00564501
-0.00181687
0.00551677
-0.00269458
0.00523137
-0.00352744
0.00478565
-0.00428863
0.00416961
-0.0049398
0.00337014
-0.00542862
0.0023772
-0.00569013
0.00119157
-0.00564967
-0.000167182
-0.00524748
-0.00164862
-0.00454566
-0.00304679
-0.00364754
-0.00424491
-0.00268944
-0.00513216
-0.00175378
-0.00572137
-0.000860209
-0.00608115
7.78917e-08
-0.00624602
0.000860367
-0.00624601
0.00175395
-0.00608112
0.00268962
-0.00572132
0.00364771
-0.00513209
0.00454583
-0.0042448
0.00524764
-0.00304665
0.0056498
-0.00164846
0.00569023
-0.000167005
0.00542869
0.00119175
0.00493985
0.00237736
0.00428865
0.00337029
0.00352745
0.00416974
0.00269459
0.00478577
0.00181687
0.00523148
0.000913465
0.00551688
0.00564512
-0.00105864
0.00670366
-0.00211162
0.00656975
-0.00314679
0.00626654
-0.00414653
0.00578539
-0.00507713
0.00510021
-0.00587346
0.00416646
-0.00642994
0.00293368
-0.00660411
0.00136574
-0.00624515
-0.000526141
-0.00532452
-0.00256926
-0.00414991
-0.0042214
-0.00302665
-0.00536817
-0.0020897
-0.00606911
-0.00131186
-0.00649921
-0.000631829
-0.00676118
5.77414e-08
-0.00687791
0.000631948
-0.0068779
0.00131199
-0.00676116
0.00208985
-0.00649918
0.00302682
-0.00606906
0.0041501
-0.00536808
0.00532471
-0.00422126
0.00624531
-0.00256906
0.00660422
-0.000525916
0.00643001
0.00136596
0.00587349
0.00293388
0.00507715
0.00416663
0.00414654
0.00510036
0.00314679
0.00578552
0.00211162
0.00626666
0.00105864
0.00656985
0.00670376
-0.00121323
0.00791688
-0.00242836
0.00778488
-0.0036406
0.00747878
-0.00483557
0.00698036
-0.00595726
0.0062219
-0.00686601
0.00507521
-0.00731466
0.00338233
-0.00700198
0.00105307
-0.00577006
-0.00175807
-0.00431301
-0.0040263
-0.00315241
-0.005382
-0.0023194
-0.00620118
-0.00165789
-0.00673062
-0.00107459
-0.00708251
-0.000528048
-0.00730772
4.60906e-08
-0.007406
0.000528143
-0.007406
0.00107469
-0.00730771
0.001658
-0.00708249
0.00231953
-0.00673058
0.00315256
-0.00620112
0.0043132
-0.0053819
0.00577027
-0.00402613
0.00700215
-0.00175781
0.00731475
0.00105336
0.00686605
0.00338258
0.00595726
0.00507541
0.00483556
0.00622206
0.00364059
0.00698049
0.00242835
0.0074789
0.00121322
0.00778498
0.00791698
-0.00137059
0.00928748
-0.00275512
0.0091694
-0.00416173
0.0088854
-0.00557431
0.00839293
-0.00686302
0.0075106
-0.00770319
0.00591538
-0.00756018
0.00323932
-0.00613675
-0.00037037
-0.00448787
-0.00340694
-0.00340735
-0.00510682
-0.00269459
-0.00609476
-0.00213227
-0.00676349
-0.00161182
-0.00725107
-0.00108624
-0.0076081
-0.000546479
-0.00784748
4.27047e-08
-0.00795252
0.000546566
-0.00795252
0.00108633
-0.00784747
0.00161192
-0.00760808
0.00213237
-0.00725104
0.0026947
-0.00676345
0.00340749
-0.00609468
0.00448806
-0.00510669
0.00613696
-0.00340671
0.00756034
-0.000370017
0.00770325
0.00323968
0.00686301
0.00591565
0.00557428
0.00751079
0.0041617
0.00839307
0.00275509
0.0088855
0.00137058
0.00916949
0.00928756
-0.00152047
0.0108079
-0.00307303
0.010722
-0.00468208
0.0104944
-0.00629414
0.010005
-0.00760159
0.00881806
-0.00789982
0.00621361
-0.00654878
0.00188828
-0.004795
-0.00212415
-0.00383086
-0.00437108
-0.00331373
-0.00562396
-0.00287695
-0.00653154
-0.00238977
-0.00725068
-0.00184345
-0.00779738
-0.0012532
-0.00819835
-0.000633368
-0.00846731
4.36927e-08
-0.00858593
0.000633457
-0.00858594
0.0012533
-0.00846731
0.00184356
-0.00819834
0.00238987
-0.00779736
0.00287706
-0.00725063
0.00331384
-0.00653146
0.00383099
-0.00562384
0.00479518
-0.0043709
0.00654899
-0.00212382
0.00789993
0.00188873
0.00760159
0.006214
0.00629408
0.00881829
0.00468202
0.0100051
0.00307299
0.0104945
0.00152045
0.010722
0.010808
-0.00164778
0.0124557
-0.00335056
0.0124247
-0.00513469
0.0122786
-0.00681306
0.0116834
-0.00784216
0.00984716
-0.00699785
0.00536931
-0.00522018
0.000110602
-0.00431524
-0.00302909
-0.00405657
-0.00462975
-0.00382257
-0.00585796
-0.00339873
-0.00695538
-0.00282323
-0.00782617
-0.00216087
-0.00845974
-0.00145796
-0.00890126
-0.000733399
-0.00919188
4.33936e-08
-0.00931938
0.000733488
-0.00931938
0.00145806
-0.00919188
0.00216097
-0.00890125
0.00282335
-0.00845973
0.00339885
-0.00782614
0.00382269
-0.0069553
0.00405667
-0.00585782
0.00431535
-0.00462958
0.00522035
-0.00302883
0.00699801
0.000111073
0.00784217
0.00536984
0.00681298
0.00984749
0.0051346
0.0116835
0.00335049
0.0122786
0.00164775
0.0124248
0.0124558
-0.00173401
0.0141897
-0.00354044
0.0142312
-0.00539887
0.014137
-0.00692433
0.0132088
-0.00723796
0.0101608
-0.00569625
0.0038276
-0.00466654
-0.000919113
-0.00456741
-0.00312821
-0.00473617
-0.004461
-0.00454338
-0.00605075
-0.00402533
-0.00747343
-0.0032965
-0.00855499
-0.00248522
-0.00927103
-0.00165833
-0.00972814
-0.000829541
-0.0100207
3.83843e-08
-0.010149
0.00082962
-0.010149
0.00165842
-0.0100207
0.00248533
-0.00972816
0.00329663
-0.00927104
0.00402546
-0.00855496
0.00454349
-0.00747333
0.00473624
-0.00605056
0.00456744
-0.00446078
0.0046666
-0.003128
0.00569647
-0.000918794
0.00723807
0.00382824
0.00692425
0.0101613
0.00539876
0.013209
0.00354036
0.014137
0.00173397
0.0142312
0.0141897
-0.00176255
0.0159523
-0.00360303
0.0160717
-0.00540911
0.0159431
-0.00672047
0.0145202
-0.00609257
0.00953287
-0.0048463
0.00258134
-0.0045556
-0.00120982
-0.00493966
-0.00274416
-0.0052217
-0.00417895
-0.00507776
-0.00619469
-0.00454141
-0.00800978
-0.00370626
-0.00939014
-0.00275739
-0.0102199
-0.00181792
-0.0106676
-0.000904533
-0.0109341
2.34678e-08
-0.0110535
0.000904582
-0.0110535
0.00181799
-0.0109341
0.00275749
-0.0106677
0.00370638
-0.0102199
0.00454153
-0.00939011
0.00507784
-0.00800964
0.00522172
-0.00619444
0.00493962
-0.00417869
0.00455561
-0.00274398
0.00484636
-0.00120955
0.0060927
0.00258191
0.00672039
0.00953362
0.00540899
0.0145204
0.00360293
0.0159431
0.0017625
0.0160716
0.0159522
-0.00171074
0.017663
-0.00347575
0.0178367
-0.00508622
0.0175535
-0.00602296
0.0154569
-0.00493018
0.00844009
-0.00428944
0.0019406
-0.00443244
-0.00106682
-0.00487713
-0.00229946
-0.00519341
-0.00386268
-0.0052034
-0.00618469
-0.00475791
-0.00845528
-0.00391234
-0.0102357
-0.00289134
-0.0112409
-0.00188967
-0.0116693
-0.000934269
-0.0118895
-6.33649e-09
-0.0119878
0.000934258
-0.0119878
0.00188969
-0.0118895
0.0028914
-0.0116694
0.00391243
-0.011241
0.00475798
-0.0102357
0.00520341
-0.00845506
0.00519334
-0.00618438
0.00487704
-0.00386238
0.00443235
-0.00229929
0.00428943
-0.00106663
0.00493024
0.00194109
0.00602293
0.00844093
0.00508609
0.0154572
0.00347563
0.0175535
0.00171068
0.0178366
0.0176629
-0.00156439
0.0192274
-0.00313223
0.0194045
-0.00446982
0.0188911
-0.00499758
0.0159847
-0.0040614
0.00750391
-0.00372838
0.00160758
-0.00393681
-0.000858397
-0.00423817
-0.00199809
-0.00461794
-0.00348291
-0.00485382
-0.00594881
-0.00450211
-0.00880698
-0.00373198
-0.0110058
-0.00276786
-0.012205
-0.00181584
-0.0126213
-0.000894418
-0.0128109
-4.15447e-08
-0.0128822
0.000894334
-0.0128822
0.00181578
-0.012811
0.00276785
-0.0126214
0.00373198
-0.0122051
0.00450211
-0.0110058
0.00485374
-0.00880669
0.00461776
-0.00594841
0.00423801
-0.00348263
0.00393668
-0.00199796
0.00372831
-0.000858262
0.00406137
0.00160802
0.00499757
0.00750474
0.00446969
0.0159851
0.00313211
0.0188911
0.00156432
0.0194043
0.0192272
-0.00132938
0.0205568
-0.00261128
0.0206864
-0.00365209
0.0199319
-0.00386738
0.0162
-0.00327928
0.00691581
-0.0030456
0.0013739
-0.00302356
-0.000880431
-0.00301816
-0.0020035
-0.00327113
-0.00322994
-0.00364528
-0.00557466
-0.00357921
-0.00887306
-0.00304946
-0.0115356
-0.00232507
-0.0129294
-0.00156992
-0.0133765
-0.000779686
-0.0136011
-5.35844e-08
-0.0136618
0.000779583
-0.0136618
0.00156982
-0.0136012
0.00232498
-0.0133766
0.00304935
-0.0129295
0.00357905
-0.0115355
0.003645
-0.00887264
0.00327081
-0.00557422
0.00301796
-0.00322977
0.00302343
-0.00200344
0.00304551
-0.000880337
0.00327924
0.0013743
0.00386738
0.00691659
0.00365194
0.0162006
0.00261117
0.0199319
0.00132931
0.0206862
0.0205565
-0.00102964
0.0215864
-0.00198179
0.0216386
-0.00272233
0.0206725
-0.00276828
0.0162459
-0.00252058
0.00666811
-0.00231645
0.00116977
-0.00200558
-0.0011913
-0.00165162
-0.00235746
-0.00152771
-0.00335385
-0.00166269
-0.00543968
-0.00197109
-0.00856466
-0.00200292
-0.0115038
-0.00169485
-0.0132375
-0.0012135
-0.0138578
-0.000618346
-0.0141963
-2.22251e-08
-0.0142801
0.000618318
-0.0142801
0.00121343
-0.0141963
0.00169474
-0.0138579
0.00200274
-0.0132375
0.00197084
-0.0115036
0.00166246
-0.00856426
0.00152753
-0.00543929
0.0016515
-0.00335374
0.00200548
-0.00235742
0.00231636
-0.00119122
0.00252052
0.00117014
0.00276824
0.00666887
0.00272218
0.0162466
0.00198167
0.0206724
0.00102958
0.0216383
0.0215861
-0.000694035
0.0222805
-0.00129845
0.022243
-0.00174155
0.0211156
-0.00179722
0.0163016
-0.00180875
0.00667964
-0.00165215
0.00101316
-0.00120864
-0.0016348
-0.000789669
-0.00277644
-0.000553372
-0.00359015
-0.000529135
-0.00546391
-0.000788607
-0.00830519
-0.00108676
-0.0112056
-0.00110752
-0.0132167
-0.000854251
-0.0141111
-0.000453046
-0.0145975
3.3691e-09
-0.0147332
0.000453066
-0.0147332
0.000854213
-0.0145975
0.00110742
-0.0141111
0.00108659
-0.0132166
0.000788389
-0.0112054
0.000528973
-0.00830484
0.000553309
-0.00546363
0.000789591
-0.00359002
0.00120857
-0.0027764
0.00165207
-0.00163472
0.00180867
0.00101355
0.00179712
0.00668042
0.00174143
0.0163023
0.00129835
0.0211155
0.000693986
0.0222427
0.0222801
-0.00035409
0.0226346
-0.000610038
0.0224989
-0.000768145
0.0212737
-0.000868599
0.0164021
-0.00112425
0.00693529
-0.00105027
0.000939179
-0.000615005
-0.00207006
-0.000311009
-0.00308043
-6.07626e-05
-0.00384039
7.15305e-05
-0.00559621
-7.07896e-05
-0.00816287
-0.000410783
-0.0108656
-0.000665822
-0.0129617
-0.000564683
-0.0142122
-0.000311101
-0.0148511
-7.64507e-08
-0.0150442
0.000310932
-0.0150442
0.000564547
-0.0148511
0.000665667
-0.0142122
0.000410608
-0.0129616
7.06142e-05
-0.0108654
-7.16657e-05
-0.00816256
6.06823e-05
-0.00559598
0.000310927
-0.00384027
0.000614936
-0.0030804
0.00105019
-0.00206998
0.00112413
0.000939608
0.000868434
0.00693611
0.000768051
0.0164027
0.000609975
0.0212736
0.00035406
0.0224986
0.0226342
-3.02846e-05
0.0226648
-2.20289e-05
0.0224907
0.000160766
0.0210909
7.41959e-05
0.0164886
-0.000430723
0.00744021
-0.000442437
0.000950894
-0.000141218
-0.00237128
-2.98203e-06
-0.00321867
0.000225497
-0.00406887
0.000363623
-0.00573433
0.000276612
-0.00807586
-4.04373e-05
-0.0105486
-0.000356675
-0.0126454
-0.00035076
-0.0142181
-0.00019523
-0.0150066
-1.31826e-07
-0.0152393
0.000194818
-0.0152392
0.000350547
-0.0150068
0.00035649
-0.0142182
4.02986e-05
-0.0126454
-0.00027673
-0.0105484
-0.000363707
-0.00807559
-0.000225577
-0.00573411
2.90366e-06
-0.00406875
0.000141112
-0.00321861
0.000442314
-0.00237118
0.000430551
0.000951372
-7.44139e-05
0.00744108
-0.0001608
0.0164891
2.20225e-05
0.0210907
3.02799e-05
0.0224903
0.0226645
0.000208586
0.0224563
0.000504296
0.022195
0.000900621
0.0206946
0.00105803
0.0163312
0.000331437
0.00816681
0.000163438
0.00111889
0.000219264
-0.00242711
0.000211194
-0.0032106
0.000361079
-0.00421876
0.000452224
-0.00582548
0.000408935
-0.00803257
0.000195269
-0.0103349
-8.30586e-05
-0.0123671
-0.000185848
-0.0141153
-0.000101229
-0.0150912
9.23423e-08
-0.0153406
0.0001016
-0.0153407
0.000185927
-0.0150911
8.3029e-05
-0.0141153
-0.000195332
-0.012367
-0.000408981
-0.0103347
-0.000452253
-0.00803231
-0.000361126
-0.00582523
-0.000211284
-0.00421859
-0.000219398
-0.0032105
-0.000163597
-0.00242698
-0.00033165
0.00111943
-0.00105817
0.0081676
-0.000900592
0.0163315
-0.000504255
0.0206944
-0.000208565
0.0221946
0.0224559
0.000398793
0.0220575
0.000881416
0.0217123
0.00145158
0.0201244
0.00178294
0.0159999
0.0010461
0.00890366
0.000771707
0.00139328
0.000491201
-0.0021466
0.000381082
-0.00310048
0.000429824
-0.0042675
0.000460725
-0.00585638
0.000438594
-0.00801044
0.000302342
-0.0101987
8.30708e-05
-0.0121478
-4.05849e-05
-0.0139917
-1.99542e-05
-0.0151118
1.59315e-08
-0.0153606
1.98806e-05
-0.0153605
4.06108e-05
-0.0151119
-8.30365e-05
-0.0139916
-0.000302308
-0.0121478
-0.00043857
-0.0101985
-0.000460703
-0.00801018
-0.000429828
-0.00585611
-0.000381151
-0.00426727
-0.000491326
-0.00310032
-0.000771874
-0.00214643
-0.00104623
0.00139378
-0.00178293
0.0089043
-0.00145147
0.016
-0.000881322
0.0201243
-0.000398746
0.021712
0.0220571
0.000516761
0.0215407
0.00111559
0.0211135
0.00178725
0.0194528
0.00225361
0.0155335
0.0017537
0.00940357
0.00155551
0.00159148
0.00103834
-0.00162944
0.000728185
-0.00279033
0.000521652
-0.00406097
0.000447703
-0.00578243
0.000419044
-0.00798178
0.000343865
-0.0101235
0.000216849
-0.0120208
0.000123896
-0.0138987
5.57441e-05
-0.0150437
1.06908e-07
-0.0153049
-5.5601e-05
-0.0153048
-0.000123742
-0.0150437
-0.000216689
-0.0138987
-0.000343747
-0.0120207
-0.000418949
-0.0101233
-0.000447623
-0.00798151
-0.000521603
-0.00578213
-0.000728191
-0.00406068
-0.0010384
-0.00279011
-0.00155559
-0.00162925
-0.00175368
0.00159187
-0.00225343
0.00940406
-0.00178705
0.0155337
-0.00111545
0.0194527
-0.000516689
0.0211133
0.0215405
0.000566106
0.0209746
0.00120936
0.0204702
0.0019105
0.0187516
0.00241662
0.0150274
0.00227806
0.00954212
0.00225803
0.00161152
0.00160491
-0.000976317
0.00102914
-0.00221456
0.000570622
-0.00360245
0.0004006
-0.00561241
0.000376627
-0.0079578
0.000365899
-0.0101127
0.000320508
-0.0119754
0.000259272
-0.0138375
0.000120974
-0.0149054
1.382e-07
-0.0151841
-0.00012067
-0.015184
-0.000259006
-0.0149054
-0.000320264
-0.0138374
-0.000365728
-0.0119752
-0.00037649
-0.0101125
-0.000400479
-0.00795752
-0.000570522
-0.00561209
-0.00102909
-0.00360211
-0.00160492
-0.00221428
-0.00225805
-0.000976122
-0.00227793
0.00161175
-0.00241635
0.00954248
-0.00191024
0.0150275
-0.00120918
0.0187516
-0.000566015
0.0204701
0.0209744
0.000551685
0.0204229
0.00117522
0.0198467
0.00186535
0.0180615
0.0023831
0.0145096
0.00263274
0.00929249
0.00256248
0.00168178
0.00182083
-0.000234668
0.00104176
-0.00143549
0.000501561
-0.00306225
0.000330871
-0.00544172
0.000340175
-0.00796711
0.000386979
-0.0101595
0.000394608
-0.0119831
0.000334844
-0.0137777
0.000161657
-0.0147322
1.69579e-07
-0.0150226
-0.000161216
-0.0150226
-0.000334529
-0.0147321
-0.000394357
-0.0137776
-0.000386794
-0.0119828
-0.00034002
-0.0101593
-0.000330723
-0.00796682
-0.000501417
-0.00544139
-0.00104164
-0.00306189
-0.00182077
-0.00143515
-0.00256242
-0.000234469
-0.00263256
0.00168189
-0.00238282
0.00929274
-0.00186508
0.0145098
-0.00117502
0.0180615
-0.000551582
0.0198467
0.0204229
0.00047189
0.019951
0.001031
0.0192876
0.00172178
0.0173707
0.00239535
0.0138361
0.00298716
0.00870067
0.00249488
0.00217406
0.00161768
0.000642525
0.0007991
-0.000616906
0.00035488
-0.00261803
0.000260148
-0.00534698
0.000314402
-0.00802136
0.000401311
-0.0102465
0.000432197
-0.0120139
0.000349394
-0.0136949
0.000172697
-0.0145555
1.01208e-07
-0.01485
-0.000172448
-0.0148501
-0.000349185
-0.0145553
-0.000432022
-0.0136948
-0.000401159
-0.0120137
-0.000314252
-0.0102462
-0.000259988
-0.00802108
-0.000354691
-0.00534669
-0.000798892
-0.00261769
-0.00161749
-0.000616548
-0.0024947
0.000642734
-0.00298693
0.00217412
-0.00239506
0.00870088
-0.00172151
0.0138362
-0.00103078
0.0173708
-0.000471773
0.0192877
0.0199511
0.00031628
0.0196347
0.000767754
0.0188361
0.0014155
0.016723
0.00231947
0.0129321
0.00337809
0.00764205
0.0024739
0.00307825
0.00143695
0.00167947
0.000562253
0.000257791
0.000215311
-0.00227109
0.000199278
-0.00533095
0.000296852
-0.00811894
0.000404933
-0.0103545
0.000440684
-0.0120497
0.000335078
-0.0135893
0.000170467
-0.0143909
5.31895e-08
-0.0146796
-0.000170409
-0.0146796
-0.000334963
-0.0143908
-0.000440582
-0.0135891
-0.000404826
-0.0120494
-0.000296725
-0.0103543
-0.000199132
-0.00811867
-0.000215114
-0.00533071
-0.000562012
-0.00227079
-0.00143669
0.000258127
-0.00247366
0.00167971
-0.00337788
0.00307833
-0.00231919
0.00764219
-0.00141521
0.0129323
-0.000767522
0.0167231
-0.000316151
0.0188363
0.0196349
9.50487e-05
0.0195397
0.000350755
0.0185804
0.000815601
0.0162581
0.00180065
0.011947
0.00304001
0.00640268
0.00217692
0.00394134
0.00102183
0.00283456
0.000220871
0.00105875
4.74765e-05
-0.00209769
0.000136054
-0.00541953
0.000277734
-0.00826062
0.000392023
-0.0104688
0.000427567
-0.0120852
0.000326123
-0.0134879
0.000168352
-0.0142331
3.39247e-08
-0.0145113
-0.000168261
-0.0145113
-0.000326069
-0.014233
-0.000427534
-0.0134877
-0.000391967
-0.012085
-0.00027763
-0.0104686
-0.000135882
-0.00826042
-4.72787e-05
-0.00541931
-0.000220607
-0.00209746
-0.00102153
0.00105905
-0.00217666
0.00283484
-0.0030398
0.00394147
-0.00180041
0.0064028
-0.000815292
0.0119471
-0.000350502
0.0162583
-9.4919e-05
0.0185807
0.01954
-0.000187646
0.0197273
-0.000171095
0.0185639
0.00022764
0.0158594
0.00137289
0.0108018
0.00234692
0.00542866
0.00135858
0.00492968
0.000215347
0.0039778
-0.000203372
0.00147747
-0.000134171
-0.0021669
7.68973e-05
-0.0056306
0.000263466
-0.00844718
0.00038073
-0.0105861
0.00041738
-0.0121219
0.0003328
-0.0134033
0.00017083
-0.0140711
-9.20815e-08
-0.0143404
-0.000170938
-0.0143405
-0.000332957
-0.014071
-0.000417496
-0.0134031
-0.000380745
-0.0121217
-0.000263402
-0.010586
-7.67787e-05
-0.00844704
0.000134358
-0.00563045
0.00020361
-0.00216671
-0.000215049
0.00147771
-0.00135829
0.00397807
-0.00234669
0.00492988
-0.00137269
0.00542879
-0.00022735
0.0108018
0.000171422
0.0158596
0.000187831
0.0185643
0.0197278
-0.000562043
0.0202894
-0.000818014
0.0188198
-0.000139081
0.0151804
0.00104542
0.00961729
0.0011335
0.00534058
0.000212086
0.00585109
-0.00063279
0.00482267
-0.000615325
0.00146
-0.00028825
-0.00249397
4.44749e-05
-0.00596332
0.000271925
-0.00867463
0.000394416
-0.0107086
0.000433752
-0.0121612
0.000352842
-0.0133224
0.000177072
-0.0138954
-2.45815e-07
-0.014163
-0.000177616
-0.0141631
-0.000353244
-0.0138953
-0.000433979
-0.0133224
-0.00039447
-0.0121612
-0.000271868
-0.0107086
-4.4331e-05
-0.00867458
0.000288436
-0.00596321
0.000615556
-0.00249383
0.000633054
0.00146021
-0.000211834
0.00482296
-0.00113327
0.00585131
-0.00104515
0.00534067
0.000139603
0.00961705
0.000818518
0.0151807
0.000562303
0.0188205
0.0202901
-0.00110474
0.0213941
-0.00182709
0.0195422
-0.000988257
0.0143416
7.70892e-05
0.00855195
-0.000288849
0.00570652
-0.00113262
0.00669486
-0.00135208
0.00504214
-0.00091468
0.0010226
-0.000363381
-0.00304527
6.83542e-05
-0.00639506
0.000322233
-0.00892851
0.000444277
-0.0108306
0.000483524
-0.0122005
0.00038033
-0.0132192
0.000185409
-0.0137005
-1.72713e-07
-0.0139775
-0.000185909
-0.0139774
-0.000380593
-0.0137006
-0.00048365
-0.0132193
-0.000444294
-0.0122006
-0.000322167
-0.0108307
-6.82333e-05
-0.00892851
0.000363568
-0.00639501
0.000914926
-0.00304519
0.0013524
0.00102274
0.00113301
0.00504235
0.000289364
0.00669496
-7.6236e-05
0.00570627
0.000989145
0.00855167
0.00182777
0.014342
0.00110507
0.0195432
0.0213952
-0.00164664
0.0230408
-0.00270527
0.0206008
-0.00194707
0.0135834
-0.00123405
0.00783892
-0.00179651
0.00626897
-0.00223067
0.00712902
-0.00183469
0.00464616
-0.00102545
0.000213362
-0.000308885
-0.00376183
0.000177903
-0.00688184
0.000428456
-0.00917907
0.000527217
-0.0109294
0.000549984
-0.0122232
0.00040353
-0.0130727
0.000193793
-0.0134907
6.49163e-08
-0.0137837
-0.000193721
-0.0137836
-0.000403441
-0.0134909
-0.000549903
-0.0130729
-0.000527117
-0.0122234
-0.000428338
-0.0109295
-0.000177756
-0.0091791
0.000309076
-0.00688185
0.0010257
-0.00376182
0.00183505
0.000213397
0.00223119
0.00464621
0.00179733
0.00712881
0.00123515
0.00626846
0.00194782
0.007839
0.00270579
0.0135841
0.00164689
0.0206021
0.0230421
-0.00199523
0.025036
-0.00302483
0.0216304
-0.00287084
0.0134294
-0.00299506
0.00796314
-0.00318477
0.00645869
-0.00297203
0.00691628
-0.00195918
0.00363331
-0.000892629
-0.000853194
-7.7987e-05
-0.00457647
0.000396988
-0.00735682
0.000593047
-0.00937513
0.000627973
-0.0109643
0.000605296
-0.0122006
0.000415831
-0.0128833
0.000200955
-0.0132758
1.82673e-07
-0.013583
-0.000200551
-0.0135828
-0.000415546
-0.0132759
-0.000605064
-0.0128834
-0.000627771
-0.0122007
-0.000592883
-0.0109644
-0.000396837
-0.00937514
7.81561e-05
-0.00735684
0.000892846
-0.00457651
0.0019595
-0.000853259
0.00297253
0.00363318
0.00318555
0.0069158
0.00299591
0.0064581
0.00287139
0.00796351
0.00302504
0.0134304
0.00199528
0.0216319
0.0250374
-0.0020282
0.0270642
-0.00295228
0.0225545
-0.0034597
0.0139368
-0.00399969
0.00850313
-0.0039405
0.0063995
-0.00305775
0.00603353
-0.00161662
0.00219218
-0.000423104
-0.0020467
0.000359839
-0.00535942
0.000738005
-0.00773499
0.000821429
-0.00945855
0.000750386
-0.0108933
0.000650588
-0.0121008
0.000425796
-0.0126585
0.000209038
-0.0130591
2.2114e-07
-0.0133741
-0.000208556
-0.0133741
-0.000425402
-0.0130591
-0.000650257
-0.0126585
-0.000750149
-0.0121008
-0.000821265
-0.0108932
-0.000737888
-0.00945852
-0.000359744
-0.00773498
0.00042321
-0.00535946
0.00161678
-0.00204683
0.00305804
0.00219192
0.00394099
0.00603285
0.00400002
0.00639907
0.00345983
0.0085037
0.00295216
0.0139381
0.00202793
0.0225561
0.0270653
-0.00125235
0.0283165
-0.00220364
0.0235058
-0.00315311
0.0148863
-0.00385519
0.00920521
-0.00377074
0.00631505
-0.00235748
0.00462028
-0.000729765
0.000564459
0.0003879
-0.00316437
0.00100879
-0.00598031
0.00120617
-0.00793237
0.00112741
-0.00937979
0.000918393
-0.0106842
0.00071121
-0.0118936
0.000443874
-0.0123912
0.00021931
-0.0128345
2.43053e-07
-0.0131551
-0.000218785
-0.013155
-0.000443428
-0.0128344
-0.000710846
-0.0123911
-0.000918164
-0.0118935
-0.00112729
-0.0106841
-0.00120613
-0.00937968
-0.00100881
-0.0079323
-0.000387968
-0.0059803
0.000729666
-0.00316446
0.00235739
0.000564198
0.00377059
0.00461965
0.00385476
0.0063149
0.00315258
0.00920589
0.00220289
0.0148878
0.00125172
0.0235073
0.028317
6.46513e-05
0.0282519
-0.00043052
0.024001
-0.00154897
0.0160048
-0.00231284
0.00996907
-0.0022105
0.00621272
-0.000742949
0.00315272
0.000689566
-0.000868056
0.00152733
-0.00400213
0.00183762
-0.0062906
0.00177027
-0.00786501
0.00148073
-0.00909025
0.00110696
-0.0103105
0.00078084
-0.0115675
0.000469196
-0.0120795
0.00023134
-0.0125967
2.20438e-07
-0.012924
-0.000230855
-0.012924
-0.000468803
-0.0125965
-0.00078053
-0.0120794
-0.00110678
-0.0115672
-0.00148067
-0.0103102
-0.00177031
-0.00909004
-0.00183777
-0.00786484
-0.00152758
-0.00629049
-0.00068995
-0.0040021
0.000742383
-0.000868135
0.00220954
0.00315249
0.00231155
0.00621289
0.00154764
0.0099698
0.000429328
0.0160061
-6.53591e-05
0.024002
0.0282517
0.00119543
0.0270565
0.00160506
0.0235913
0.000936837
0.016673
0.000399019
0.0105069
0.000634914
0.00597682
0.00176801
0.00201963
0.00252832
-0.00162837
0.0028459
-0.00431971
0.00273577
-0.00618047
0.00234666
-0.0074759
0.00182043
-0.00856402
0.00127902
-0.00976907
0.000836053
-0.0111245
0.00049245
-0.0117359
0.000243663
-0.0123479
1.47912e-07
-0.0126804
-0.000243344
-0.0126805
-0.000492193
-0.0123476
-0.000835848
-0.0117357
-0.00127892
-0.0111241
-0.00182044
-0.0097687
-0.00234678
-0.0085637
-0.00273601
-0.00747561
-0.0028463
-0.0061802
-0.00252893
-0.00431946
-0.00176892
-0.00162815
-0.000636202
0.00201977
-0.000400423
0.00597711
-0.000938232
0.0105076
-0.00160613
0.016674
-0.00119587
0.0235917
0.0270558
0.00209294
0.0249635
0.00347742
0.0222069
0.0035637
0.0165867
0.00346484
0.0106058
0.00383368
0.00560799
0.00429492
0.00155838
0.00436556
-0.00169901
0.00408726
-0.00404141
0.00353694
-0.00563015
0.00283326
-0.00677222
0.00209262
-0.00782337
0.00141016
-0.00908661
0.000866673
-0.010581
0.000509718
-0.011379
0.000253936
-0.0120921
5.43711e-08
-0.0124266
-0.000253821
-0.0124266
-0.000509608
-0.0120919
-0.000866591
-0.0113787
-0.00141015
-0.0105806
-0.00209269
-0.00908617
-0.00283342
-0.00782296
-0.00353721
-0.00677182
-0.00408768
-0.00562973
-0.0043662
-0.00404095
-0.00429585
-0.0016985
-0.00383497
0.0015589
-0.0034664
0.00560854
-0.00356524
0.0106064
-0.0034784
0.0165871
-0.00209325
0.0222065
0.0249626
0.00273459
0.0222289
0.00492095
0.0200205
0.00597275
0.0155349
0.00630838
0.0102701
0.00637986
0.00553651
0.00621702
0.00172122
0.00572263
-0.00120462
0.00497539
-0.00329417
0.00407868
-0.00473344
0.00313978
-0.00583332
0.00225445
-0.00693805
0.00148352
-0.00831568
0.000872738
-0.00997023
0.000520252
-0.0110265
0.000260988
-0.0118328
-2.20226e-08
-0.0121656
-0.00026104
-0.0121656
-0.000520285
-0.0118326
-0.000872775
-0.0110262
-0.00148359
-0.00996977
-0.00225456
-0.00831519
-0.00313995
-0.00693758
-0.00407893
-0.00583284
-0.00497575
-0.00473292
-0.00572312
-0.00329358
-0.00621767
-0.00120395
-0.00638069
0.00172191
-0.00630932
0.00553717
-0.00597354
0.0102707
-0.00492139
0.015535
-0.00273473
0.0200199
0.0222278
0.00303542
0.0191935
0.00560276
0.0174532
0.00713414
0.0140035
0.00769239
0.00971187
0.00765768
0.00557121
0.00719736
0.00218155
0.00638641
-0.000393666
0.00537225
-0.00228002
0.00428312
-0.00364431
0.00323184
-0.00478203
0.00229265
-0.00599886
0.00149487
-0.00751789
0.000858463
-0.00933383
0.000523048
-0.0106911
0.000264434
-0.0115742
-7.46358e-08
-0.011901
-0.000264601
-0.0119011
-0.000523178
-0.011574
-0.000858581
-0.0106908
-0.00149498
-0.00933337
-0.00229278
-0.0075174
-0.00323199
-0.00599837
-0.00428331
-0.00478152
-0.00537249
-0.00364374
-0.00638669
-0.00227938
-0.00719769
-0.00039294
-0.00765806
0.00218227
-0.00769276
0.00557187
-0.00713438
0.00971229
-0.0056028
0.0140034
-0.00303538
0.0174525
0.0191925
0.00295193
0.0162416
0.0055058
0.0148993
0.00721193
0.0122974
0.00792765
0.00899616
0.00787346
0.0056254
0.00729739
0.00275761
0.00638213
0.000521595
0.00528798
-0.00118587
0.00416979
-0.00252612
0.00313078
-0.00374302
0.00222143
-0.00508951
0.00145264
-0.00674911
0.000830449
-0.00871163
0.000519544
-0.0103801
0.000264522
-0.0113192
-1.01828e-07
-0.0116364
-0.000264744
-0.0116364
-0.000519725
-0.0113191
-0.000830611
-0.0103799
-0.00145278
-0.0087112
-0.00222156
-0.00674862
-0.00313091
-0.00508901
-0.00416992
-0.00374251
-0.0052881
-0.00252556
-0.00638223
-0.00118524
-0.00729745
0.000522282
-0.00787348
0.0027583
-0.00792759
0.00562599
-0.00721174
0.00899644
-0.00550555
0.0122972
-0.00295176
0.0148987
0.0162407
0.0025936
0.013648
0.00485507
0.0126378
0.00645668
0.0106958
0.00723593
0.00821692
0.00724175
0.00561958
0.00670277
0.0032966
0.00584407
0.00138029
0.00484382
-0.000185616
0.00382868
-0.00151099
0.00289038
-0.00280472
0.00206998
-0.00426911
0.00137178
-0.00605091
0.000793481
-0.00813334
0.000511129
-0.0100978
0.00026195
-0.01107
-1.06863e-07
-0.0113744
-0.000262178
-0.0113743
-0.000511322
-0.0110699
-0.000793656
-0.0100976
-0.00137192
-0.00813293
-0.0020701
-0.00605044
-0.00289048
-0.00426863
-0.00382876
-0.00280423
-0.00484385
-0.00151047
-0.00584404
-0.000185051
-0.00670264
0.00138088
-0.00724151
0.00329717
-0.00723557
0.00562004
-0.00645625
0.00821712
-0.00485467
0.0106956
-0.00259337
0.0126374
0.0136473
0.00212664
0.0115213
0.00398407
0.0107804
0.00532765
0.00935219
0.00603556
0.007509
0.00611549
0.00553966
0.00572177
0.00369031
0.00503879
0.00206327
0.00421166
0.000641512
0.00336636
-0.000665686
0.00257164
-0.00201
0.00187207
-0.00356953
0.00126926
-0.00544811
0.000753587
-0.00761766
0.000499749
-0.00984396
0.000257608
-0.0108279
-1.01035e-07
-0.0111167
-0.000257813
-0.0111166
-0.000499936
-0.0108278
-0.000753759
-0.00984379
-0.0012694
-0.00761729
-0.00187218
-0.00544767
-0.00257172
-0.00356908
-0.0033664
-0.00200955
-0.00421166
-0.000665216
-0.0050387
0.000641996
-0.00572158
0.00206376
-0.00611518
0.00369077
-0.00603515
0.00554001
-0.0053272
0.00750917
-0.00398369
0.00935212
-0.00212642
0.0107801
0.0115209
0.00166847
0.00985287
0.00313176
0.00931711
0.00420548
0.00827847
0.00480185
0.00691263
0.00492828
0.00541323
0.00468003
0.00393856
0.00418068
0.00256262
0.00354318
0.00127901
0.00286978
7.71895e-06
0.00222733
-0.00136755
0.00165651
-0.00299871
0.00115924
-0.00495084
0.000715501
-0.00717392
0.000487596
-0.00961605
0.000252559
-0.0105928
-9.41308e-08
-0.010864
-0.000252745
-0.010864
-0.000487772
-0.0105928
-0.000715665
-0.0096159
-0.00115937
-0.00717359
-0.00165661
-0.00495043
-0.0022274
-0.0029983
-0.0028698
-0.00136714
-0.00354317
8.14918e-06
-0.00418059
0.00127942
-0.00467985
0.00256302
-0.00492801
0.00393892
-0.00480151
0.00541351
-0.00420512
0.00691278
-0.00313145
0.00827846
-0.0016683
0.00931695
0.00985262
0.00127516
0.00857771
0.00240154
0.00819073
0.00324618
0.00743383
0.00374099
0.00641782
0.00388702
0.0052672
0.00374192
0.00408366
0.0033884
0.00291613
0.00291327
0.00175414
0.00239216
0.000528829
0.00189255
-0.000867936
0.00144228
-0.00254844
0.00104837
-0.00455694
0.000681359
-0.00680691
0.000476901
-0.0094116
0.000247995
-0.0103639
-8.74873e-08
-0.0106159
-0.000248167
-0.0106159
-0.000477066
-0.0103639
-0.000681514
-0.00941145
-0.0010485
-0.0068066
-0.00144238
-0.00455654
-0.00189262
-0.00254806
-0.0023922
-0.000867568
-0.00291324
0.000529195
-0.00338832
0.00175449
-0.00374177
0.00291647
-0.00388681
0.00408396
-0.00374073
0.00526743
-0.00324591
0.00641796
-0.00240131
0.00743387
-0.00127503
0.00819066
0.00857759
0.000960755
0.00761695
0.00181644
0.00733504
0.00247234
0.00677793
0.00287625
0.00601391
0.00302289
0.00512055
0.00294633
0.00416022
0.00270287
0.0031596
0.00235721
0.0020998
0.00197021
0.000915826
0.00159061
-0.000488332
0.00124209
-0.00219992
0.000936278
-0.00425113
0.000654137
-0.00652477
0.000469407
-0.00922687
0.000244522
-0.010139
-8.16502e-08
-0.0103713
-0.000244683
-0.0103713
-0.000469559
-0.010139
-0.000654282
-0.00922673
-0.000936426
-0.00652446
-0.0012422
-0.00425077
-0.00159068
-0.00219958
-0.00197024
-0.000488005
-0.00235719
0.000916145
-0.00270281
0.00210011
-0.00294622
0.00315988
-0.00302274
0.00416048
-0.00287607
0.00512076
-0.00247215
0.00601405
-0.00181629
0.006778
-0.000960667
0.00733504
0.00761692
0.000719395
0.00689756
0.00136532
0.00668911
0.00187049
0.00627277
0.00219518
0.00568922
0.00233139
0.00498434
0.00229924
0.00419237
0.00213778
0.00332106
0.00189472
0.00234286
0.00161537
0.00119517
0.00133426
-0.000207225
0.00106765
-0.00193331
0.000830245
-0.00401372
0.000635201
-0.00632973
0.000464454
-0.00905612
0.000241997
-0.00991659
-7.688e-08
-0.0101292
-0.000242149
-0.0101292
-0.000464599
-0.00991654
-0.000635339
-0.00905599
-0.000830391
-0.0063294
-0.00106776
-0.00401341
-0.00133433
-0.00193301
-0.0016154
-0.000206934
-0.00189471
0.00119546
-0.00213773
0.00234313
-0.00229916
0.00332131
-0.00233128
0.00419259
-0.00219505
0.00498453
-0.00187036
0.00568936
-0.00136522
0.00627286
-0.000719336
0.00668916
0.00689758
0.000538374
0.00635918
0.00102537
0.00620211
0.00141313
0.00588502
0.00167184
0.0054305
0.0017935
0.00486268
0.00179049
0.00419538
0.00169015
0.00342141
0.00152675
0.00250626
0.00133183
0.00139009
0.00112876
-4.15471e-06
0.000927679
-0.00173223
0.000747368
-0.00383341
0.000625215
-0.00620757
0.000461821
-0.00889273
0.000240564
-0.00969533
-7.28975e-08
-0.0098886
-0.000240708
-0.00988859
-0.00046196
-0.00969529
-0.000625343
-0.00889261
-0.00074749
-0.00620726
-0.000927774
-0.00383312
-0.00112882
-0.00173196
-0.00133186
-3.88793e-06
-0.00152675
0.00139034
-0.00169012
0.0025065
-0.00179044
0.00342163
-0.00179343
0.00419558
-0.00167176
0.00486286
-0.00141304
0.00543065
-0.00102531
0.00588512
-0.000538336
0.00620219
0.00635925
0.000404546
0.00595464
0.000773034
0.00583362
0.0010714
0.00558665
0.00127773
0.00522417
0.00138532
0.00475509
0.00140226
0.00417844
0.00134772
0.00347595
0.00124555
0.00260843
0.00111667
0.00151897
0.000970942
0.000141575
0.000821996
-0.00158328
0.000688061
-0.00369947
0.000622196
-0.00614171
0.000461766
-0.0087323
0.00024037
-0.00947393
-6.93382e-08
-0.00964816
-0.000240507
-0.00964815
-0.000461899
-0.00947389
-0.000622317
-0.00873219
-0.000688171
-0.0061414
-0.000822082
-0.00369921
-0.000971005
-0.00158304
-0.00111671
0.000141812
-0.00124556
0.0015192
-0.00134771
0.00260865
-0.00140223
0.00347615
-0.00138528
0.00417863
-0.00127768
0.00475526
-0.00107135
0.00522432
-0.000772989
0.00558677
-0.000404521
0.00583372
0.00595473
0.000306679
0.00564796
0.000588012
0.00555229
0.000819856
0.0053548
0.000986442
0.00505759
0.00108274
0.00465879
0.00111429
0.00414689
0.0010943
0.00349594
0.00103835
0.00266438
0.0009583
0.00159903
0.000859161
0.000240714
0.000748427
-0.00147255
0.000649143
-0.00360019
0.000625444
-0.00611801
0.000464227
-0.00857108
0.000241391
-0.0092511
-6.61152e-08
-0.00940671
-0.000241522
-0.0094067
-0.000464354
-0.00925106
-0.000625559
-0.00857098
-0.000649243
-0.00611772
-0.000748506
-0.00359995
-0.00085922
-0.00147232
-0.000958337
0.00024093
-0.00103837
0.00159924
-0.00109431
0.00266458
-0.00111428
0.00349613
-0.00108272
0.00414706
-0.000986409
0.00465895
-0.000819822
0.00505773
-0.000587985
0.00535493
-0.000306664
0.0055524
0.00564806
0.000235864
0.00541209
0.000453997
0.00533416
0.00063746
0.00517134
0.000775194
0.00491985
0.000863706
0.00457028
0.000906824
0.00410377
0.000913257
0.00348951
0.000892283
0.00268536
0.000849325
0.00164199
0.000784906
0.000305132
0.000702908
-0.00139055
0.000627404
-0.00352469
0.000633558
-0.00612416
0.000469211
-0.00840673
0.000243704
-0.00902559
-6.31782e-08
-0.00916294
-0.000243829
-0.00916293
-0.000469333
-0.00902556
-0.000633669
-0.00840665
-0.000627496
-0.00612389
-0.00070298
-0.00352446
-0.000784961
-0.00139034
-0.000849363
0.000305332
-0.000892307
0.00164218
-0.000913266
0.00268554
-0.000906822
0.00348968
-0.000863694
0.00410394
-0.000775176
0.00457043
-0.000637441
0.00491999
-0.000453981
0.00517147
-0.000235855
0.00533428
0.00541221
0.000185226
0.00522687
0.000358213
0.00516117
0.00050729
0.00502226
0.000624943
0.0048022
0.00070891
0.00448631
0.000761764
0.00405092
0.000788766
0.0034625
0.000794483
0.00267964
0.000779861
0.00165661
0.000742171
0.000342822
0.000682416
-0.0013308
0.000623666
-0.00346594
0.00064729
-0.00614779
0.000476971
-0.00823641
0.000247349
-0.00879597
-6.04435e-08
-0.00891553
-0.000247469
-0.00891552
-0.000477087
-0.00879594
-0.000647398
-0.00823634
-0.000623749
-0.00614754
-0.000682483
-0.00346573
-0.000742224
-0.0013306
-0.0007799
0.000343009
-0.000794511
0.00165679
-0.000788782
0.00267981
-0.00076177
0.00346267
-0.000708909
0.00405107
-0.000624936
0.00448646
-0.000507281
0.00480234
-0.000358205
0.00502239
-0.000185221
0.00516129
0.00522699
0.000149542
0.00507733
0.000290827
0.00501988
0.000416022
0.00489707
0.000520227
0.004698
0.000602099
0.00440444
0.000663299
0.00398972
0.000706601
0.0034192
0.000733207
0.00265303
0.00074085
0.00164897
0.000724707
0.000358965
0.000683087
-0.00128918
0.000635646
-0.00341849
0.000664944
-0.00617709
0.000487062
-0.00805853
0.00025221
-0.00856112
-5.78766e-08
-0.00866326
-0.000252325
-0.00866326
-0.000487174
-0.00856109
-0.000665047
-0.00805846
-0.000635723
-0.00617687
-0.00068315
-0.0034183
-0.000724758
-0.00128899
-0.00074089
0.000359141
-0.000733237
0.00164914
-0.000706622
0.0026532
-0.000663312
0.00341936
-0.000602105
0.00398987
-0.000520227
0.00440458
-0.00041602
0.00469813
-0.000290824
0.0048972
-0.00014954
0.00502001
0.00507745
0.000124906
0.00495242
0.000244436
0.00490035
0.000353533
0.00478797
0.000449161
0.00460237
0.000530617
0.00432298
0.000598889
0.00392144
0.000655057
0.00336304
0.000698195
0.00260989
0.00072413
0.00162303
0.000726452
0.000356643
0.000700881
-0.00126361
0.000661505
-0.00337912
0.000686205
-0.00620179
0.000499391
-0.00787172
0.000258212
-0.00831994
-5.54703e-08
-0.00840499
-0.000258322
-0.00840499
-0.000499498
-0.00831992
-0.000686304
-0.00787166
-0.000661577
-0.00620159
-0.000700941
-0.00337894
-0.000726502
-0.00126343
-0.000724171
0.00035681
-0.000698228
0.00162319
-0.000655081
0.00261005
-0.000598906
0.00336319
-0.000530627
0.00392159
-0.000449167
0.00432312
-0.000353535
0.0046025
-0.000244437
0.0047881
-0.000124906
0.00490048
0.00495254
0.000108454
0.00484397
0.000213616
0.00479519
0.000312418
0.00468917
0.000403146
0.00451164
0.000485512
0.00424062
0.00055998
0.00384698
0.000626375
0.00329664
0.000682485
0.00255378
0.000723364
0.00158215
0.000741983
0.000338024
0.000731929
-0.00125355
0.00069943
-0.00334662
0.00071079
-0.00621315
0.000513944
-0.00767487
0.000265326
-0.00807132
-5.3215e-08
-0.00813961
-0.000265431
-0.00813961
-0.000514047
-0.0080713
-0.000710886
-0.00767482
-0.0006995
-0.00621298
-0.000731987
-0.00334645
-0.000742033
-0.00125339
-0.000723406
0.000338183
-0.000682519
0.00158231
-0.000626403
0.00255393
-0.000560001
0.00329678
-0.000485527
0.00384711
-0.000403156
0.00424075
-0.000312424
0.00451177
-0.000213619
0.00468929
-0.000108455
0.00479531
0.00484409
9.81157e-05
0.00474585
0.000194448
0.00469886
0.000287355
0.00459626
0.000376031
0.00442296
0.00046038
0.00415627
0.000540289
0.00376707
0.000614614
0.00322232
0.000680459
0.00248794
0.000733146
0.00152946
0.000766452
0.000304718
0.000772576
-0.00125967
0.000748164
-0.00332221
0.000738566
-0.00620355
0.000530746
-0.00746705
0.000273542
-0.00781412
-5.10871e-08
-0.00786602
-0.000273644
-0.00786602
-0.000530845
-0.0078141
-0.000738659
-0.007467
-0.000748232
-0.00620341
-0.000772634
-0.00332205
-0.000766503
-0.00125952
-0.00073319
0.00030487
-0.000680496
0.00152961
-0.000614644
0.00248808
-0.000540313
0.00322245
-0.000460398
0.0037672
-0.000376044
0.0041564
-0.000287364
0.00442309
-0.000194453
0.00459638
-9.81181e-05
0.00469898
0.00474597
9.23928e-05
0.00465346
0.000184082
0.00460717
0.000274417
0.00450593
0.000363106
0.00433427
0.000449945
0.00406943
0.000534215
0.0036828
0.00061415
0.00314238
0.000686751
0.00241534
0.000748411
0.00146781
0.000795141
0.000257987
0.000819376
-0.00128391
0.000807058
-0.00330989
0.00076902
-0.00616551
0.000549763
-0.00724779
0.000282862
-0.00754722
-4.90676e-08
-0.00758311
-0.00028296
-0.00758311
-0.000549859
-0.0075472
-0.00076911
-0.00724775
-0.000807124
-0.00616539
-0.000819434
-0.00330974
-0.000795194
-0.00128376
-0.000748457
0.000258133
-0.00068679
0.00146795
-0.000614182
0.00241547
-0.000534241
0.00314251
-0.000449965
0.00368292
-0.00036312
0.00406955
-0.000274427
0.00433439
-0.000184089
0.00450605
-9.23959e-05
0.00460729
0.00465357
9.01629e-05
0.00456329
0.000180349
0.00451698
0.000270504
0.00441577
0.000360536
0.00424424
0.000449993
0.00397997
0.000537661
0.00359513
0.000621218
0.00305882
0.000697704
0.00233885
0.000765121
0.00140039
0.000823425
0.000199683
0.000868312
-0.0013288
0.000874501
-0.00331608
0.000803154
-0.00609416
0.000571288
-0.00701593
0.000293332
-0.00726926
-4.7116e-08
-0.00728973
-0.000293426
-0.00728973
-0.00057138
-0.00726925
-0.00080324
-0.00701589
-0.000874566
-0.00609407
-0.000868373
-0.00331594
-0.000823481
-0.00132865
-0.000765171
0.000199823
-0.000697746
0.00140052
-0.000621252
0.00233898
-0.000537689
0.00305895
-0.000450015
0.00359525
-0.000360552
0.00398009
-0.000270516
0.00424436
-0.000180357
0.00441589
-9.01666e-05
0.0045171
0.00456341
9.0527e-05
0.00447277
0.000181511
0.004426
0.000273212
0.00432407
0.000365583
0.00415187
0.000457897
0.00388766
0.000548321
0.00350471
0.000633853
0.00297329
0.000711325
0.00226138
0.00078009
0.00133162
0.000845375
0.000134398
0.000913256
-0.00139668
0.00094915
-0.00335197
0.000841586
-0.0059866
0.000596033
-0.00677038
0.000305249
-0.00697847
-4.5209e-08
-0.00698444
-0.000305339
-0.00698444
-0.000596122
-0.00697846
-0.00084167
-0.00677034
-0.000949217
-0.00598652
-0.000913322
-0.00335183
-0.000845436
-0.00139654
-0.000780142
0.000134529
-0.000711368
0.00133175
-0.000633889
0.0022615
-0.00054835
0.00297341
-0.00045792
0.00350482
-0.0003656
0.00388777
-0.000273225
0.00415198
-0.000181519
0.00432418
-9.05309e-05
0.00442611
0.00447287
9.28187e-05
0.00437995
0.000186337
0.00433248
0.000280992
0.00422942
0.000376675
0.00405619
0.000472279
0.00379205
0.000565285
0.0034117
0.000651818
0.00288676
0.000727855
0.00218534
0.000792602
0.00126688
0.000854954
7.2046e-05
0.000939014
-0.00148074
0.00102377
-0.00343673
0.000885929
-0.00584876
0.00062516
-0.00650961
0.00031896
-0.00667227
-4.34292e-08
-0.00666543
-0.000319047
-0.00666543
-0.000625244
-0.00667227
-0.000886009
-0.00650958
-0.00102384
-0.00584869
-0.000939093
-0.00343658
-0.000855021
-0.00148061
-0.000792656
7.21642e-05
-0.000727899
0.00126699
-0.000651854
0.00218545
-0.000565314
0.00288687
-0.000472302
0.00341181
-0.000376693
0.00379216
-0.000281005
0.00405629
-0.000186345
0.00422952
-9.28228e-05
0.00433259
0.00438005
9.66415e-05
0.00428331
0.000194119
0.004235
0.000292949
0.00413059
0.000392904
0.00395623
0.000492529
0.00369243
0.000588752
0.00331548
0.00067693
0.00279858
0.000751856
0.00211042
0.000810681
0.00120805
0.000860171
2.25562e-05
0.000929443
-0.00155001
0.00109987
-0.00360716
0.000938152
-0.00568704
0.000658508
-0.00622996
0.000334204
-0.00634797
-4.18782e-08
-0.00633119
-0.000334287
-0.00633119
-0.00065859
-0.00634796
-0.000938229
-0.00622994
-0.00109994
-0.00568698
-0.000929517
-0.003607
-0.000860233
-0.00154989
-0.000810732
2.2663e-05
-0.000751898
0.00120816
-0.000676965
0.00211052
-0.000588781
0.00279868
-0.000492552
0.00331558
-0.000392922
0.00369253
-0.000292962
0.00395633
-0.000194128
0.00413069
-9.66456e-05
0.0042351
0.00428341
0.000101729
0.00418158
0.000204354
0.00413238
0.000308407
0.00402653
0.000413572
0.00385107
0.000518227
0.00358777
0.000619173
0.00321453
0.000711841
0.00270591
0.00079122
0.00203104
0.000853622
0.00114565
0.000902181
-2.60032e-05
0.000969044
-0.00161687
0.00118933
-0.00382744
0.000995205
-0.00549292
0.000693317
-0.00592807
0.000349851
-0.0060045
-4.0489e-08
-0.0059813
-0.000349932
-0.0059813
-0.000693397
-0.0060045
-0.000995281
-0.00592806
-0.00118939
-0.00549287
-0.000969098
-0.00382729
-0.00090223
-0.00161676
-0.000853666
-2.59008e-05
-0.000791258
0.00114575
-0.000711874
0.00203114
-0.0006192
0.00270601
-0.000518249
0.00321463
-0.00041359
0.00358787
-0.00030842
0.00385116
-0.000204362
0.00402663
-0.000101734
0.00413247
0.00418167
0.000107851
0.00407373
0.000216583
0.00402365
0.000326706
0.00391641
0.000437854
0.00373992
0.000548437
0.00347719
0.000655639
0.00310733
0.000756082
0.00260547
0.000847326
0.0019398
0.000929585
0.00106339
0.00100622
-0.00010264
0.0010951
-0.00170575
0.00128479
-0.00401713
0.0010519
-0.00526003
0.000726643
-0.00560282
0.000364701
-0.00564256
-3.92016e-08
-0.00561656
-0.000364779
-0.00561656
-0.000726721
-0.00564256
-0.00105198
-0.0056028
-0.00128485
-0.00525999
-0.00109514
-0.00401701
-0.00100626
-0.00170564
-0.000929622
-0.000102537
-0.000847361
0.00106349
-0.000756114
0.00193989
-0.000655666
0.00260556
-0.000548459
0.00310742
-0.000437871
0.00347728
-0.000326719
0.00374001
-0.000216592
0.0039165
-0.000107856
0.00402374
0.00407382
0.00011481
0.00395892
0.000230405
0.00390805
0.000347211
0.0037996
0.000464798
0.00362233
0.000581684
0.00336031
0.000695645
0.00299337
0.000804959
0.00249616
0.0009109
0.00183385
0.00102129
0.000952998
0.00114847
-0.000229814
0.00128618
-0.00184346
0.00137096
-0.00410191
0.00110621
-0.00499528
0.000756903
-0.00525351
0.000377972
-0.00526363
-3.79288e-08
-0.00523855
-0.000378048
-0.00523855
-0.000756979
-0.00526363
-0.00110629
-0.00525349
-0.00137103
-0.00499525
-0.00128621
-0.00410182
-0.0011485
-0.00184335
-0.00102133
-0.000229709
-0.000910935
0.000953094
-0.00080499
0.00183395
-0.000695671
0.00249624
-0.000581706
0.00299345
-0.000464815
0.00336039
-0.000347223
0.00362242
-0.000230414
0.00379969
-0.000114814
0.00390814
0.003959
0.000122473
0.00383644
0.000245554
0.00378497
0.000369509
0.00367565
0.000493798
0.00349804
0.000616986
0.00323712
0.000737298
0.00287305
0.000854238
0.00237921
0.000971658
0.00171643
0.00110277
0.000821885
0.00127601
-0.000403055
0.00148573
-0.00205318
0.00144692
-0.00406311
0.00115538
-0.00470374
0.000782948
-0.00488107
0.000389322
-0.00487
-3.66257e-08
-0.00484919
-0.000389396
-0.00484919
-0.000783021
-0.00487
-0.00115546
-0.00488106
-0.00144699
-0.00470372
-0.00148577
-0.00406304
-0.00127605
-0.00205307
-0.00110281
-0.000402951
-0.000971693
0.000821977
-0.000854269
0.00171652
-0.000737324
0.0023793
-0.000617008
0.00287314
-0.000493815
0.0032372
-0.000369522
0.00349813
-0.000245562
0.00367573
-0.000122477
0.00378505
0.00383652
0.000130811
0.00370563
0.000262002
0.00365378
0.00039366
0.00354399
0.000525151
0.00336655
0.000655151
0.00310712
0.00078236
0.00274585
0.00090724
0.00225433
0.00103476
0.00158892
0.00117634
0.000680305
0.00135544
-0.000582164
0.00166988
-0.00236761
0.00152678
-0.00392001
0.00120134
-0.0043783
0.000803713
-0.00448344
0.000398063
-0.00446435
-3.53291e-08
-0.00445109
-0.000398134
-0.00445109
-0.000803784
-0.00446435
-0.00120141
-0.00448343
-0.00152685
-0.00437828
-0.00166992
-0.00391997
-0.00135549
-0.0023675
-0.00117637
-0.000582065
-0.00103479
0.000680393
-0.00090727
0.001589
-0.000782385
0.00225441
-0.000655173
0.00274593
-0.000525168
0.0031072
-0.000393673
0.00336663
-0.00026201
0.00354407
-0.000130815
0.00365386
0.00370571
0.000139905
0.00356573
0.000279985
0.0035137
0.00042022
0.00340375
0.00056008
0.00322669
0.000698764
0.00296843
0.000836312
0.0026083
0.000976097
0.00211455
0.00112906
0.00143596
0.00131833
0.000491028
0.00156111
-0.000824938
0.00183863
-0.00264514
0.00159943
-0.00368081
0.00123224
-0.00401111
0.000814297
-0.0040655
0.000402462
-0.00405252
-3.40661e-08
-0.00404859
-0.00040253
-0.00404859
-0.000814366
-0.00405252
-0.0012323
-0.00406549
-0.00159949
-0.00401109
-0.00183868
-0.00368078
-0.00156114
-0.00264504
-0.00131837
-0.000824841
-0.00112909
0.000491115
-0.000976125
0.00143604
-0.000836336
0.00211463
-0.000698785
0.00260837
-0.000560096
0.00296851
-0.000420232
0.00322677
-0.000279993
0.00340383
-0.000139909
0.00351378
0.0035658
0.00014995
0.00341578
0.000299963
0.00336369
0.00045008
0.00325364
0.000600173
0.0030766
0.000750402
0.0028182
0.000902699
0.002456
0.00106449
0.00195276
0.00125411
0.00124634
0.00150803
0.000237103
0.00184885
-0.00116576
0.00193609
-0.00273237
0.0016389
-0.00338362
0.00123634
-0.00360855
0.000811217
-0.00364037
0.000401082
-0.00364238
-3.28153e-08
-0.00364748
-0.000401148
-0.00364748
-0.000811283
-0.00364238
-0.00123641
-0.00364037
-0.00163896
-0.00360854
-0.00193615
-0.00338359
-0.00184888
-0.00273231
-0.00150806
-0.00116566
-0.00125414
0.000237186
-0.00106452
0.00124642
-0.000902723
0.00195283
-0.000750422
0.00245607
-0.000600189
0.00281827
-0.000450092
0.00307667
-0.000299971
0.00325371
-0.000149953
0.00336376
0.00341585
0.000161319
0.00325446
0.000322783
0.00320222
0.000484783
0.00309164
0.000648087
0.0029133
0.000814472
0.00265182
0.00098799
0.00228249
0.00117966
0.00176109
0.00141493
0.00101107
0.00172451
-7.24729e-05
0.00209597
-0.00153723
0.00197548
-0.00261188
0.00163536
-0.0030435
0.00121407
-0.00318726
0.000794663
-0.00322097
0.000393315
-0.00324104
-3.15432e-08
-0.00325413
-0.000393378
-0.00325413
-0.000794727
-0.00324103
-0.00121413
-0.00322097
-0.00163542
-0.00318725
-0.00197553
-0.00304348
-0.00209601
-0.00261184
-0.00172452
-0.00153714
-0.00141495
-7.23886e-05
-0.00117968
0.00101115
-0.000988011
0.00176116
-0.000814491
0.00228255
-0.000648102
0.00265189
-0.000484795
0.00291336
-0.00032279
0.0030917
-0.000161322
0.00320229
0.00325453
0.000174728
0.00307973
0.000350006
0.00302695
0.000527034
0.00291461
0.000708273
0.00273206
0.000898392
0.0024617
0.00110456
0.00207632
0.00134495
0.0015207
0.0016461
0.000709918
0.00206549
-0.000491866
0.00222704
-0.00169878
0.00197554
-0.00236037
0.00158881
-0.00265677
0.00116713
-0.00276558
0.00076448
-0.00281832
0.000378909
-0.00285546
-3.02253e-08
-0.00287519
-0.000378969
-0.00287519
-0.000764541
-0.00285546
-0.00116719
-0.00281832
-0.00158887
-0.00276557
-0.00197559
-0.00265675
-0.00222709
-0.00236034
-0.00206551
-0.00169872
-0.00164612
-0.000491776
-0.00134497
0.000709998
-0.00110457
0.00152077
-0.000898408
0.00207639
-0.000708287
0.00246176
-0.000527044
0.00273212
-0.000350013
0.00291467
-0.000174731
0.00302701
0.00307979
0.000191529
0.0028882
0.000384485
0.00283399
0.000581541
0.00271755
0.000788089
0.00252551
0.00101417
0.00223562
0.00127171
0.00181877
0.00158082
0.00121159
0.00198619
0.000304544
0.0022994
-0.000805071
0.00220785
-0.00160723
0.00189257
-0.00204509
0.00149495
-0.00225915
0.00109774
-0.00236837
0.000721631
-0.00244222
0.00035828
-0.00249211
-2.88389e-08
-0.00251688
-0.000358338
-0.00251688
-0.000721689
-0.00249211
-0.0010978
-0.00244221
-0.00149501
-0.00236836
-0.00189263
-0.00225913
-0.0022079
-0.00204507
-0.00229943
-0.00160719
-0.0019862
-0.000805005
-0.00158083
0.000304631
-0.00127173
0.00121166
-0.00101418
0.00181884
-0.000788101
0.00223569
-0.00058155
0.00252557
-0.000384492
0.00271761
-0.000191533
0.00283405
0.00288826
0.000214125
0.00267408
0.000431235
0.00261688
0.000656055
0.00249273
0.000897841
0.00228372
0.00117633
0.00195713
0.00149676
0.00149834
0.00189704
0.000811308
0.00225194
-5.03505e-05
0.00230681
-0.000859944
0.00208965
-0.00139007
0.00174585
-0.00170129
0.00137179
-0.00188509
0.00101261
-0.00200918
0.000668607
-0.00209822
0.000332568
-0.00215607
-2.73847e-08
-0.00218429
-0.000332623
-0.00218429
-0.000668662
-0.00215607
-0.00101266
-0.00209821
-0.00137185
-0.00200917
-0.0017459
-0.00188508
-0.0020897
-0.00170127
-0.00230685
-0.00139004
-0.00225196
-0.000859899
-0.00189705
-5.02797e-05
-0.00149677
0.000811384
-0.00117634
0.00149841
-0.000897849
0.0019572
-0.000656063
0.00228378
-0.00043124
0.00249279
-0.000214128
0.00261694
0.00267413
0.000245708
0.00242837
0.000498336
0.00236425
0.000763646
0.00222742
0.00104517
0.0020022
0.00137946
0.00162285
0.00177861
0.0010992
0.00211478
0.000475135
0.0022644
-0.000199976
0.00215147
-0.000747007
0.00188413
-0.00112273
0.00156015
-0.00137731
0.00123384
-0.00155879
0.000917751
-0.00169309
0.00060863
-0.0017891
0.000303365
-0.00185081
-2.58708e-08
-0.0018809
-0.000303417
-0.0018809
-0.000608682
-0.0018508
-0.000917803
-0.00178909
-0.0012339
-0.00169308
-0.0015602
-0.00155877
-0.00188418
-0.00137729
-0.00215152
-0.00112271
-0.00226444
-0.000746973
-0.00211479
-0.000199927
-0.00177861
0.000475196
-0.00137946
0.00109926
-0.00104518
0.00162291
-0.000763651
0.00200226
-0.000498339
0.00222748
-0.00024571
0.00236431
0.00242842
0.000289064
0.0021393
0.000587941
0.00206538
0.000912612
0.00190275
0.0012715
0.0016433
0.00161792
0.00127643
0.00190148
0.000815639
0.00207906
0.000297558
0.00206227
-0.000183186
0.0018874
-0.000572138
0.00163857
-0.000873906
0.00136712
-0.00110586
0.00109269
-0.00128436
0.000818652
-0.00141905
0.000545207
-0.00151565
0.000272385
-0.00157799
-2.43148e-08
-0.00160849
-0.000272434
-0.00160849
-0.000545256
-0.00157798
-0.000818701
-0.00151564
-0.00109274
-0.00141904
-0.00136717
-0.00128434
-0.00163862
-0.00110584
-0.00188745
-0.000873883
-0.00206231
-0.000572109
-0.00207909
-0.000183148
-0.0019015
0.000297605
-0.00161793
0.000815695
-0.0012715
0.00127649
-0.000912609
0.00164336
-0.00058794
0.00190281
-0.000289064
0.00206543
0.00213936
0.000337718
0.00180159
0.000676822
0.00172627
0.0010127
0.00156687
0.00133119
0.00132482
0.00160161
0.00100601
0.00178103
0.000636226
0.00182836
0.000250225
0.00175174
-0.000106566
0.00159673
-0.000417133
0.00140026
-0.000677436
0.00118314
-0.000888736
0.000954836
-0.00105605
0.000720041
-0.00118426
0.000481575
-0.00127719
0.000241182
-0.00133759
-2.27392e-08
-0.00136728
-0.000241228
-0.00136728
-0.000481621
-0.00133759
-0.000720087
-0.00127718
-0.000954881
-0.00118425
-0.00118319
-0.00105603
-0.00140031
-0.000888718
-0.00159678
-0.000677414
-0.00175178
-0.000417106
-0.0018284
-0.000106533
-0.00178105
0.000250264
-0.00160163
0.000636272
-0.0013312
0.00100606
-0.00101271
0.00132487
-0.000676825
0.00156693
-0.000337719
0.00172633
0.00180164
0.000330152
0.00147143
0.000651125
0.0014053
0.00094786
0.00127014
0.00120206
0.00107061
0.00139077
0.000817292
0.00149466
0.000532335
0.00150702
0.000237867
0.00144814
-4.76828e-05
0.00133583
-0.000304825
0.00118696
-0.000528565
0.00101389
-0.000715667
0.000825001
-0.000867159
0.000625874
-0.000985134
0.000420312
-0.00107162
0.000211002
-0.00112828
-2.11688e-08
-0.00115626
-0.000211044
-0.00115626
-0.000420355
-0.00112828
-0.000625917
-0.00107162
-0.000825042
-0.000985123
-0.00101393
-0.000867145
-0.001187
-0.000715649
-0.00133587
-0.000528543
-0.00144818
-0.000304799
-0.00150706
-4.76525e-05
-0.0014947
0.000237902
-0.0013908
0.000532375
-0.00120208
0.000817336
-0.000947873
0.00107066
-0.000651134
0.00127019
-0.000330156
0.00140535
0.00147148
0.000279757
0.00119168
0.000546993
0.00113806
0.000787341
0.00102979
0.000985822
0.000872134
0.00112809
0.00067502
0.00120783
0.000452605
0.00122725
0.00021844
0.00119263
-1.30649e-05
0.00111332
-0.000225515
0.00099995
-0.000415191
0.000861871
-0.000577588
0.000706346
-0.000711634
0.000538764
-0.000817552
0.000363176
-0.000896035
0.000182721
-0.000947829
-1.96265e-08
-0.000973519
-0.000182761
-0.000973518
-0.000363215
-0.000947825
-0.000538803
-0.000896027
-0.000706385
-0.000817541
-0.000861909
-0.00071162
-0.000999988
-0.000577571
-0.00111336
-0.00041517
-0.00119267
-0.00022549
-0.00122728
-1.3037e-05
-0.00120785
0.000218472
-0.00112812
0.000452641
-0.000985843
0.000675059
-0.000787357
0.000872176
-0.000547003
0.00102983
-0.000279762
0.00113811
0.00119172
0.000225402
0.000966274
0.000439884
0.000923581
0.00063175
0.000837923
0.000790134
0.00071375
0.000906705
0.000558449
0.000977648
0.000381662
0.00100189
0.000194195
0.000982215
6.61269e-06
0.000925384
-0.000168683
0.000838351
-0.000328159
0.000728046
-0.000467283
0.000600358
-0.000583946
0.0004601
-0.000677294
0.000311189
-0.000747124
0.000156877
-0.000793517
-1.81318e-08
-0.000816624
-0.000156913
-0.000816622
-0.000311225
-0.000793513
-0.000460135
-0.000747117
-0.000600393
-0.000677284
-0.000728081
-0.000583932
-0.000838385
-0.000467266
-0.000925416
-0.000328139
-0.000982245
-0.000168661
-0.00100192
6.63929e-06
-0.000977674
0.000194225
-0.000906727
0.000381694
-0.000790153
0.000558484
-0.000631764
0.000713787
-0.000439894
0.000837962
-0.000225407
0.000923621
0.000966315
0.000180633
0.000785641
0.000352593
0.000751621
0.000506979
0.000683537
0.000635865
0.000584864
0.000733066
0.000461248
0.000794696
0.000320031
0.000819471
0.00016942
0.000808886
1.71976e-05
0.000767673
-0.00012747
0.000700352
-0.000260837
0.000611997
-0.000378928
0.000507294
-0.000479243
0.000390368
-0.000560367
0.000264798
-0.000621554
0.000133724
-0.000662443
-1.66997e-08
-0.000682883
-0.000133757
-0.000682882
-0.000264831
-0.000662439
-0.0003904
-0.000621547
-0.000507326
-0.000560358
-0.000612028
-0.00047923
-0.000700382
-0.000378912
-0.000767702
-0.000260819
-0.000808914
-0.000127449
-0.000819496
1.72218e-05
-0.000794719
0.000169447
-0.000733086
0.000320061
-0.000635881
0.00046128
-0.000506992
0.000584897
-0.000352601
0.000683572
-0.000180637
0.000751657
0.000785678
0.00014552
0.000640121
0.000284257
0.000612885
0.000409326
0.000558468
0.000514566
0.000479624
0.000595043
0.000380771
0.00064758
0.000267494
0.000671053
0.000145948
0.00066616
2.20905e-05
0.0006359
-9.72105e-05
0.000583434
-0.000208371
0.000512454
-0.000307947
0.000426639
-0.000393428
0.000329443
-0.000463172
0.000224032
-0.000516142
0.000113308
-0.000551719
-1.53408e-08
-0.00056956
-0.000113338
-0.000569559
-0.000224062
-0.000551716
-0.000329473
-0.000516136
-0.000426669
-0.000463163
-0.000512482
-0.000393417
-0.000583462
-0.000307933
-0.000635927
-0.000208354
-0.000666185
-9.71912e-05
-0.000671075
2.21126e-05
-0.0006476
0.000145972
-0.00059506
0.000267521
-0.00051458
0.0003808
-0.000409336
0.000479654
-0.000284264
0.000558499
-0.000145524
0.000612917
0.000640154
0.000117733
0.000522388
0.000230101
0.000500517
0.000331694
0.000456875
0.000417674
0.000393644
0.000484178
0.000314267
0.000528668
0.000223004
0.000550057
0.000124558
0.000548595
2.35532e-05
0.000526159
-7.47744e-05
0.000484981
-0.000167193
0.000427782
-0.000250748
0.000357444
-0.00032309
0.000276819
-0.000382547
0.000188646
-0.000427969
9.55334e-05
-0.000458607
-1.40618e-08
-0.000474013
-9.55615e-05
-0.000474012
-0.000188674
-0.000458604
-0.000276846
-0.000427963
-0.00035747
-0.000382538
-0.000427808
-0.000323079
-0.000485005
-0.000250735
-0.000526182
-0.000167178
-0.000548617
-7.47565e-05
-0.000550078
2.35734e-05
-0.000528686
0.00012458
-0.000484194
0.000223029
-0.000417687
0.000314292
-0.000331704
0.000393671
-0.000230107
0.000456903
-0.000117736
0.000500546
0.000522418
9.55005e-05
0.000426888
0.000186734
0.000409283
0.000269432
0.000374177
0.000339788
0.000323287
0.00039475
0.000259305
0.000432239
0.000185515
0.000451247
0.00010555
0.000451763
2.30372e-05
0.000434967
-5.7979e-05
0.000402444
-0.00013467
0.000356218
-0.000204522
0.000298547
-0.000265419
0.000231773
-0.000315772
0.000158231
-0.000354428
8.02179e-05
-0.000380594
-1.2866e-08
-0.000393782
-8.02436e-05
-0.000393781
-0.000158256
-0.000380591
-0.000231797
-0.000354422
-0.000298571
-0.000315764
-0.000356241
-0.000265409
-0.000402467
-0.00020451
-0.000434989
-0.000134656
-0.000451783
-5.79626e-05
-0.000451265
2.30556e-05
-0.000432255
0.000105571
-0.000394764
0.000185537
-0.0003398
0.000259328
-0.000269441
0.000323312
-0.00018674
0.000374202
-9.55035e-05
0.000409309
0.000426914
7.76308e-05
0.000349257
0.000151862
0.000335051
0.00021931
0.000306729
0.000276957
0.00026564
0.000322369
0.000213893
0.000353829
0.000154055
0.000370428
8.89515e-05
0.000372016
2.14491e-05
0.000359326
-4.52892e-05
0.000333492
-0.000108836
0.000296034
-0.000167063
0.000248729
-0.000218114
0.000193491
-0.000260534
0.000132294
-0.000293231
6.713e-05
-0.00031543
-1.17541e-08
-0.00032664
-6.71534e-05
-0.000326639
-0.000132317
-0.000315427
-0.000193513
-0.000293226
-0.000248751
-0.000260527
-0.000296056
-0.000218105
-0.000333513
-0.000167052
-0.000359346
-0.000108823
-0.000372034
-4.52742e-05
-0.000370444
2.14659e-05
-0.000353844
8.89699e-05
-0.000322381
0.000154075
-0.000276967
0.000213914
-0.000219318
0.000265662
-0.000151868
0.000306752
-7.76334e-05
0.000335075
0.000349281
6.32243e-05
0.000286033
0.000123734
0.000274541
0.000178834
0.000251629
0.000226114
0.00021836
0.000263617
0.00017639
0.000289932
0.00012774
0.000304246
7.46371e-05
0.000306343
1.93527e-05
0.00029667
-3.56162e-05
0.000276045
-8.82113e-05
0.00024562
-0.000136639
0.000206799
-0.000179293
0.000161145
-0.00021488
0.000110316
-0.000242402
5.60206e-05
-0.000261135
-1.07249e-08
-0.000270609
-5.6042e-05
-0.000270608
-0.000110338
-0.000261132
-0.000161166
-0.000242398
-0.000206819
-0.000214874
-0.000245639
-0.000179284
-0.000276063
-0.000136628
-0.000296687
-8.81993e-05
-0.000306359
-3.56025e-05
-0.000304261
1.9368e-05
-0.000289945
7.46538e-05
-0.000263628
0.000127758
-0.000226123
0.000176409
-0.000178841
0.00021838
-0.000123739
0.00025165
-6.32267e-05
0.000274563
0.000286054
5.1577e-05
0.000234456
0.00010098
0.000225138
0.000146053
0.000206557
0.000184861
0.000179552
0.000215819
0.000145431
0.000237768
0.000105792
0.000249997
6.24082e-05
0.00025226
1.70898e-05
0.000244824
-2.81807e-05
0.000228284
-7.16713e-05
0.000203521
-0.000111875
0.000171648
-0.00014742
0.000133943
-0.000177175
9.17896e-05
-0.000200249
4.66419e-05
-0.000215987
-9.77598e-09
-0.000223957
-4.66614e-05
-0.000223956
-9.18089e-05
-0.000215984
-0.000133961
-0.000200245
-0.000171666
-0.000177169
-0.000203539
-0.000147412
-0.000228301
-0.000111866
-0.00024484
-7.16604e-05
-0.000252274
-2.81682e-05
-0.00025001
1.71037e-05
-0.00023778
6.24233e-05
-0.000215829
0.000105808
-0.000184869
0.000145448
-0.000146059
0.00017957
-0.000100985
0.000206576
-5.15791e-05
0.000225157
0.000234475
4.21361e-05
0.000192319
8.25258e-05
0.000184748
0.000119437
0.000169646
0.00015131
0.000147679
0.000176858
0.000119883
0.000195122
8.75281e-05
0.000205494
5.2036e-05
0.000207723
1.48606e-05
0.000201962
-2.24199e-05
0.000188647
-5.83555e-05
0.000168455
-9.16837e-05
0.000142276
-0.000121241
0.000111152
-0.000146051
7.62371e-05
-0.000165335
3.87594e-05
-0.000178509
-8.90369e-09
-0.000185189
-3.87772e-05
-0.000185188
-7.62546e-05
-0.000178507
-0.000111169
-0.000165331
-0.000142292
-0.000146045
-0.000168471
-0.000121234
-0.000188662
-9.16751e-05
-0.000201977
-5.83455e-05
-0.000207736
-2.24086e-05
-0.000205506
1.48732e-05
-0.000195132
5.20497e-05
-0.000176867
8.75429e-05
-0.000151318
0.000119899
-0.000119442
0.000147695
-8.25296e-05
0.000169663
-4.21379e-05
0.000184766
0.000192337
3.44658e-05
0.000157854
6.75245e-05
0.00015169
9.77796e-05
0.000139391
0.00012397
0.000121488
0.000145047
9.8807e-05
0.000160215
7.23595e-05
0.000168963
4.32887e-05
0.000171048
1.27751e-05
0.000166552
-1.79239e-05
0.000155795
-4.75989e-05
0.000139306
-7.51944e-05
0.000117795
-9.97297e-05
9.21156e-05
-0.000120371
6.32258e-05
-0.000136445
3.21584e-05
-0.000147442
-8.10396e-09
-0.000153023
-3.21745e-05
-0.000153022
-6.32418e-05
-0.00014744
-9.21312e-05
-0.000136441
-0.00011781
-0.000120366
-0.000139321
-9.97233e-05
-0.000155809
-7.51866e-05
-0.000166565
-4.75898e-05
-0.00017106
-1.79136e-05
-0.000168973
1.27865e-05
-0.000160225
4.33012e-05
-0.000145055
7.23729e-05
-0.000123977
9.88213e-05
-9.77846e-05
0.000121503
-6.75278e-05
0.000139406
-3.44675e-05
0.000151705
0.00015787
2.82216e-05
0.000129632
5.53061e-05
0.000124605
8.01244e-05
0.000114572
0.000101654
9.99585e-05
0.000119037
8.14241e-05
0.000131616
5.97799e-05
0.000138959
3.59456e-05
0.000140848
1.08869e-05
0.000137315
-1.43912e-05
0.0001286
-3.88841e-05
0.000115117
-6.1711e-05
9.74357e-05
-8.20489e-05
7.62555e-05
-9.91912e-05
5.2371e-05
-0.00011256
2.66468e-05
-0.000121718
-7.37232e-09
-0.000126368
-2.66615e-05
-0.000126368
-5.23855e-05
-0.000121716
-7.62697e-05
-0.000112557
-9.74495e-05
-9.91866e-05
-0.00011513
-8.2043e-05
-0.000128612
-6.17039e-05
-0.000137326
-3.88758e-05
-0.000140858
-1.43818e-05
-0.000138969
1.08974e-05
-0.000131625
3.5957e-05
-0.000119044
5.97921e-05
-0.00010166
8.1437e-05
-8.01289e-05
9.9972e-05
-5.53091e-05
0.000114586
-2.82232e-05
0.000124619
0.000129646
2.31295e-05
0.000106503
4.53376e-05
0.000102397
6.57091e-05
9.42009e-05
8.34122e-05
8.22553e-05
9.77455e-05
6.70908e-05
0.000108166
4.93597e-05
0.000114307
2.98043e-05
0.000115979
9.21529e-06
0.000113186
-1.15984e-05
0.000106107
-3.18058e-05
9.50695e-05
-5.0673e-05
8.05327e-05
-6.75121e-05
6.30687e-05
-8.17271e-05
4.33358e-05
-9.28275e-05
2.20561e-05
-0.000100438
-6.70419e-09
-0.000104306
-2.20694e-05
-0.000104305
-4.33489e-05
-0.000100436
-6.30816e-05
-9.28244e-05
-8.05452e-05
-8.17229e-05
-9.50815e-05
-6.75068e-05
-0.000106119
-5.06666e-05
-0.000113196
-3.17982e-05
-0.000115988
-1.15898e-05
-0.000114316
9.22475e-06
-0.000108173
2.98145e-05
-9.7752e-05
4.93708e-05
-8.34176e-05
6.71025e-05
-6.57131e-05
8.22675e-05
-4.53403e-05
9.42135e-05
-2.31308e-05
0.00010241
0.000106516
1.89705e-05
8.7532e-05
3.71929e-05
8.41746e-05
5.39231e-05
7.74707e-05
6.84837e-05
6.76948e-05
8.02999e-05
5.52746e-05
8.89226e-05
4.07369e-05
9.40443e-05
2.46826e-05
9.55006e-05
7.75892e-06
9.32804e-05
-9.37812e-06
8.75188e-05
-2.60442e-05
7.84743e-05
-4.16285e-05
6.65195e-05
-5.55574e-05
5.21229e-05
-6.73306e-05
3.58293e-05
-7.65338e-05
1.824e-05
-8.28487e-05
-6.09498e-09
-8.60595e-05
-1.82521e-05
-8.6059e-05
-3.58413e-05
-8.2847e-05
-5.21346e-05
-7.65311e-05
-6.65308e-05
-6.73268e-05
-7.84851e-05
-5.55525e-05
-8.75291e-05
-4.16226e-05
-9.329e-05
-2.60374e-05
-9.55094e-05
-9.37038e-06
-9.40522e-05
7.7675e-06
-8.89296e-05
2.46919e-05
-8.03058e-05
4.07469e-05
-6.84885e-05
5.52852e-05
-5.39268e-05
6.77058e-05
-3.71953e-05
7.74821e-05
-1.89718e-05
8.41862e-05
8.75438e-05
1.55695e-05
7.19625e-05
3.053e-05
6.9214e-05
4.4276e-05
6.37247e-05
5.62542e-05
5.57165e-05
6.59936e-05
4.55353e-05
7.31231e-05
3.36074e-05
7.73847e-05
2.0421e-05
7.86384e-05
6.50521e-06
7.68646e-05
-7.60431e-06
7.21661e-05
-2.13458e-05
6.4749e-05
-3.42114e-05
5.49156e-05
-4.5724e-05
4.305e-05
-5.5465e-05
2.96025e-05
-6.30863e-05
1.5073e-05
-6.83192e-05
-5.54021e-09
-7.0981e-05
-1.5084e-05
-7.09805e-05
-2.96134e-05
-6.83177e-05
-4.30607e-05
-6.30838e-05
-5.49259e-05
-5.54615e-05
-6.47589e-05
-4.57195e-05
-7.21754e-05
-3.4206e-05
-7.68732e-05
-2.13396e-05
-7.86463e-05
-7.59728e-06
-7.73918e-05
6.51299e-06
-7.31293e-05
2.04294e-05
-6.59989e-05
3.36165e-05
-5.62585e-05
4.55448e-05
-4.42793e-05
5.57265e-05
-3.05323e-05
6.3735e-05
-1.55706e-05
6.92246e-05
7.19732e-05
1.27851e-05
5.91775e-05
2.50737e-05
5.69253e-05
3.63719e-05
5.24266e-05
4.62274e-05
4.5861e-05
5.42537e-05
3.75089e-05
6.01445e-05
2.77167e-05
6.36841e-05
1.68814e-05
6.47536e-05
5.4357e-06
6.33302e-05
-6.18091e-06
5.94927e-05
-1.75084e-05
5.34061e-05
-2.81248e-05
4.53162e-05
-3.7634e-05
3.55381e-05
-4.5687e-05
2.44439e-05
-5.19921e-05
1.24483e-05
-5.63236e-05
-5.03558e-09
-5.85277e-05
-1.24583e-05
-5.85272e-05
-2.44538e-05
-5.63222e-05
-3.55478e-05
-5.19898e-05
-4.53255e-05
-4.56838e-05
-5.3415e-05
-3.763e-05
-5.95012e-05
-2.81199e-05
-6.3338e-05
-1.75027e-05
-6.47608e-05
-6.17454e-06
-6.36905e-05
5.44275e-06
-6.01502e-05
1.6889e-05
-5.42586e-05
2.77249e-05
-4.62313e-05
3.75176e-05
-3.63749e-05
4.587e-05
-2.50757e-05
5.24359e-05
-1.27861e-05
5.69349e-05
5.91872e-05
1.05034e-05
4.8674e-05
2.06016e-05
4.68272e-05
2.98907e-05
4.31375e-05
3.80008e-05
3.77508e-05
4.46146e-05
3.08951e-05
4.9479e-05
2.28522e-05
5.24146e-05
1.39458e-05
5.33205e-05
4.52973e-06
5.21739e-05
-5.03431e-06
4.90355e-05
-1.437e-05
4.40379e-05
-2.31272e-05
3.73813e-05
-3.09774e-05
2.93245e-05
-3.76303e-05
2.01747e-05
-4.28422e-05
1.02754e-05
-4.64244e-05
-4.57703e-09
-4.82476e-05
-1.02846e-05
-4.82472e-05
-2.01837e-05
-4.64231e-05
-2.93333e-05
-4.28402e-05
-3.73898e-05
-3.76274e-05
-4.4046e-05
-3.09738e-05
-4.90432e-05
-2.31228e-05
-5.2181e-05
-1.43649e-05
-5.3327e-05
-5.02853e-06
-5.24204e-05
4.53612e-06
-4.94842e-05
1.39528e-05
-4.4619e-05
2.28596e-05
-3.80044e-05
3.0903e-05
-2.98934e-05
3.7759e-05
-2.06034e-05
4.31459e-05
-1.05043e-05
4.68358e-05
4.86828e-05
8.63233e-06
4.00417e-05
1.69333e-05
3.85262e-05
2.45726e-05
3.54981e-05
3.12473e-05
3.10761e-05
3.66965e-05
2.54459e-05
4.07116e-05
1.88371e-05
4.31432e-05
1.15142e-05
4.39063e-05
3.76655e-06
4.29796e-05
-4.1076e-06
4.04101e-05
-1.18004e-05
3.63046e-05
-1.90217e-05
3.08267e-05
-2.54995e-05
2.41889e-05
-3.09925e-05
1.66446e-05
-3.52979e-05
8.47832e-06
-3.82581e-05
-4.16071e-09
-3.97652e-05
-8.4866e-06
-3.97648e-05
-1.66528e-05
-3.8257e-05
-2.41969e-05
-3.52961e-05
-3.08344e-05
-3.09899e-05
-3.6312e-05
-2.54962e-05
-4.0417e-05
-1.90177e-05
-4.29861e-05
-1.17958e-05
-4.39123e-05
-4.10236e-06
-4.31485e-05
3.77234e-06
-4.07163e-05
1.15205e-05
-3.67005e-05
1.88439e-05
-3.12505e-05
2.5453e-05
-2.45751e-05
3.10836e-05
-1.69349e-05
3.55058e-05
-8.63316e-06
3.85341e-05
4.00496e-05
7.09689e-06
3.29448e-05
1.39225e-05
3.17006e-05
2.02065e-05
2.92141e-05
2.57003e-05
2.55823e-05
3.01897e-05
2.09565e-05
3.35024e-05
1.55244e-05
3.55146e-05
9.50206e-06
3.61547e-05
3.12648e-06
3.54035e-05
-3.35645e-06
3.32977e-05
-9.69461e-06
2.99238e-05
-1.56478e-05
2.54153e-05
-2.09911e-05
1.9947e-05
-2.55242e-05
1.37278e-05
-2.90788e-05
6.99312e-06
-3.15234e-05
-3.78305e-09
-3.27683e-05
-7.00065e-06
-3.27679e-05
-1.37352e-05
-3.15224e-05
-1.99542e-05
-2.90771e-05
-2.54223e-05
-2.55218e-05
-2.99305e-05
-2.0988e-05
-3.3304e-05
-1.56442e-05
-3.54094e-05
-9.69041e-06
-3.61601e-05
-3.35171e-06
-3.55194e-05
3.13172e-06
-3.35067e-05
9.50775e-06
-3.01933e-05
1.55305e-05
-2.57033e-05
2.0963e-05
-2.02087e-05
2.5589e-05
-1.3924e-05
2.92211e-05
-7.09764e-06
3.17077e-05
3.2952e-05
5.8362e-06
2.71086e-05
1.14502e-05
2.60866e-05
1.66202e-05
2.4044e-05
2.11425e-05
2.106e-05
2.48409e-05
1.72582e-05
2.75733e-05
1.27919e-05
2.9237e-05
7.83832e-06
2.9772e-05
2.59145e-06
2.91617e-05
-2.74608e-06
2.74345e-05
-7.96745e-06
2.46608e-05
-1.28741e-05
2.09498e-05
-1.72801e-05
1.64452e-05
-2.10196e-05
1.13192e-05
-2.39528e-05
5.76648e-06
-2.59707e-05
-3.44076e-09
-2.69984e-05
-5.77333e-06
-2.69981e-05
-1.1326e-05
-2.59697e-05
-1.64518e-05
-2.39513e-05
-2.09562e-05
-2.10175e-05
-2.46668e-05
-1.72774e-05
-2.74402e-05
-1.28708e-05
-2.9167e-05
-7.96364e-06
-2.97769e-05
-2.74178e-06
-2.92414e-05
2.5962e-06
-2.75771e-05
7.84347e-06
-2.48441e-05
1.27975e-05
-2.11452e-05
1.7264e-05
-1.66223e-05
2.10661e-05
-1.14515e-05
2.40503e-05
-5.83689e-06
2.6093e-05
2.71151e-05
4.80065e-06
2.23079e-05
9.41907e-06
2.14682e-05
1.36734e-05
1.97897e-05
1.73963e-05
1.73371e-05
2.04429e-05
1.42116e-05
2.2696e-05
1.05388e-05
2.40707e-05
6.46361e-06
2.45168e-05
2.14542e-06
2.40197e-05
-2.24903e-06
2.26021e-05
-6.54987e-06
2.03211e-05
-1.05931e-05
1.72663e-05
-1.42252e-05
1.35557e-05
-1.7309e-05
9.33133e-06
-1.97285e-05
4.75395e-06
-2.13933e-05
-3.13076e-09
-2.22413e-05
-4.76018e-06
-2.2241e-05
-9.33747e-06
-2.13925e-05
-1.35617e-05
-1.97271e-05
-1.72721e-05
-1.7307e-05
-2.03267e-05
-1.42228e-05
-2.26073e-05
-1.05902e-05
-2.40246e-05
-6.54642e-06
-2.45212e-05
-2.24514e-06
-2.40747e-05
2.14972e-06
-2.26995e-05
6.46827e-06
-2.04459e-05
1.05438e-05
-1.73987e-05
1.42169e-05
-1.36753e-05
1.73426e-05
-9.4203e-06
1.97954e-05
-4.80127e-06
2.1474e-05
2.23138e-05
3.94972e-06
1.83582e-05
7.74989e-06
1.7668e-05
1.12513e-05
1.62883e-05
1.43164e-05
1.4272e-05
1.68259e-05
1.1702e-05
1.86836e-05
8.68115e-06
1.98188e-05
5.32835e-06
2.01898e-05
1.77438e-06
1.97843e-05
-1.84351e-06
1.86201e-05
-5.38569e-06
1.67439e-05
-8.71689e-06
1.42289e-05
-1.17103e-05
1.11724e-05
-1.42524e-05
7.69135e-06
-1.62475e-05
3.91854e-06
-1.76205e-05
-2.85026e-09
-1.83199e-05
-3.92421e-06
-1.83197e-05
-7.69695e-06
-1.76197e-05
-1.11778e-05
-1.62463e-05
-1.42342e-05
-1.42507e-05
-1.67489e-05
-1.1708e-05
-1.86249e-05
-8.7142e-06
-1.97887e-05
-5.38258e-06
-2.01939e-05
-1.83999e-06
-1.98224e-05
1.77827e-06
-1.86867e-05
5.33257e-06
-1.68286e-05
8.68565e-06
-1.43185e-05
1.17068e-05
-1.12529e-05
1.4277e-05
-7.75101e-06
1.62934e-05
-3.95028e-06
1.76732e-05
1.83635e-05
3.25029e-06
1.51079e-05
6.37779e-06
1.45405e-05
9.25991e-06
1.34062e-05
1.17836e-05
1.17483e-05
1.38509e-05
9.63473e-06
1.53822e-05
7.14985e-06
1.63193e-05
4.39123e-06
1.66274e-05
1.46625e-06
1.62961e-05
-1.51215e-06
1.53395e-05
-4.42913e-06
1.37958e-05
-7.17315e-06
1.1725e-05
-9.63956e-06
9.20724e-06
-1.17347e-05
6.33893e-06
-1.33792e-05
3.22955e-06
-1.45111e-05
-2.5967e-09
-1.50878e-05
-3.23471e-06
-1.50876e-05
-6.34402e-06
-1.45104e-05
-9.21222e-06
-1.33781e-05
-1.17298e-05
-1.17331e-05
-1.38003e-05
-9.63754e-06
-1.53438e-05
-7.17072e-06
-1.63001e-05
-4.42632e-06
-1.66311e-05
-1.50897e-06
-1.63226e-05
1.46976e-06
-1.53851e-05
4.39503e-06
-1.38534e-05
7.15392e-06
-1.17856e-05
9.63903e-06
-9.26143e-06
1.17528e-05
-6.37881e-06
1.34108e-05
-3.2508e-06
1.45452e-05
1.51127e-05
2.67527e-06
1.24326e-05
5.24966e-06
1.19661e-05
7.62243e-06
1.10334e-05
9.70066e-06
9.67004e-06
1.14036e-05
7.93174e-06
1.26658e-05
5.88765e-06
1.34391e-05
3.6179e-06
1.36947e-05
1.21071e-06
1.34235e-05
-1.241e-06
1.26372e-05
-3.64279e-06
1.13667e-05
-5.90269e-06
9.66155e-06
-7.93441e-06
7.58747e-06
-9.6606e-06
5.22402e-06
-1.10158e-05
2.66152e-06
-1.19486e-05
-2.36772e-09
-1.24239e-05
-2.66623e-06
-1.24237e-05
-5.22867e-06
-1.1948e-05
-7.592e-06
-1.10147e-05
-9.66593e-06
-9.65917e-06
-1.13709e-05
-7.93259e-06
-1.26411e-05
-5.9005e-06
-1.34272e-05
-3.64025e-06
-1.3698e-05
-1.23814e-06
-1.34422e-05
1.21388e-06
-1.26685e-05
3.62134e-06
-1.14059e-05
5.89132e-06
-9.70248e-06
7.93562e-06
-7.62381e-06
9.67409e-06
-5.25059e-06
1.10376e-05
-2.67574e-06
1.19704e-05
1.2437e-05
2.20247e-06
1.02301e-05
4.32202e-06
9.84653e-06
6.27581e-06
9.07958e-06
7.98743e-06
7.95842e-06
9.39043e-06
6.52873e-06
1.04308e-05
4.84729e-06
1.10688e-05
2.97989e-06
1.12805e-05
9.99022e-07
1.10583e-05
-1.01887e-06
1.04116e-05
-2.9961e-06
9.3658e-06
-4.85688e-06
7.96146e-06
-6.53008e-06
6.25275e-06
-7.9519e-06
4.30522e-06
-9.06826e-06
2.19338e-06
-9.8368e-06
-2.1612e-09
-1.02284e-05
-2.19768e-06
-1.02282e-05
-4.30946e-06
-9.83624e-06
-6.25689e-06
-9.06733e-06
-7.96546e-06
-7.9506e-06
-9.36962e-06
-6.52843e-06
-1.04152e-05
-4.8549e-06
-1.10617e-05
-2.9938e-06
-1.12835e-05
-1.01629e-06
-1.10715e-05
1.00187e-06
-1.04332e-05
2.98298e-06
-9.39248e-06
4.85059e-06
-7.98909e-06
6.53222e-06
-6.27708e-06
7.96207e-06
-4.32287e-06
9.08335e-06
-2.2029e-06
9.85039e-06
1.02341e-05
1.8137e-06
8.41642e-06
3.5592e-06
8.10102e-06
5.16837e-06
7.4704e-06
6.57832e-06
6.54846e-06
7.73434e-06
5.37269e-06
8.5919e-06
3.98971e-06
9.11822e-06
2.45356e-06
9.29344e-06
8.23798e-07
9.11125e-06
-8.36697e-07
8.57916e-06
-2.46401e-06
7.71801e-06
-3.99574e-06
6.56119e-06
-5.37326e-06
5.15326e-06
-6.54398e-06
3.54828e-06
-7.46329e-06
1.8077e-06
-8.09622e-06
-1.97521e-09
-8.41872e-06
-1.81163e-06
-8.41855e-06
-3.55216e-06
-8.09572e-06
-5.15704e-06
-7.46246e-06
-6.56484e-06
-6.54282e-06
-7.7215e-06
-5.37178e-06
-8.58245e-06
-3.99396e-06
-9.11431e-06
-2.46195e-06
-9.29624e-06
-8.34371e-07
-9.12074e-06
8.26366e-07
-8.59411e-06
2.45634e-06
-7.73621e-06
3.99269e-06
-6.57984e-06
5.37584e-06
-5.16952e-06
6.55175e-06
-3.55997e-06
7.4738e-06
-1.81409e-06
8.10449e-06
8.41999e-06
1.49404e-06
6.92237e-06
2.93195e-06
6.66309e-06
4.25768e-06
6.14466e-06
5.41944e-06
5.38669e-06
6.37218e-06
4.41994e-06
7.07918e-06
3.28271e-06
7.51337e-06
2.01936e-06
7.65832e-06
6.78842e-07
7.50875e-06
-6.87138e-07
7.07075e-06
-2.02602e-06
6.36142e-06
-3.28642e-06
5.40822e-06
-4.42007e-06
4.24788e-06
-5.38365e-06
2.92493e-06
-6.14036e-06
1.49007e-06
-6.66137e-06
-1.80799e-09
-6.92685e-06
-1.49367e-06
-6.9267e-06
-2.92848e-06
-6.66092e-06
-4.25134e-06
-6.13961e-06
-5.41157e-06
-5.3826e-06
-6.36461e-06
-4.41875e-06
-7.07376e-06
-3.28482e-06
-7.51155e-06
-2.02416e-06
-7.66088e-06
-6.85048e-07
-7.51567e-06
6.81148e-07
-7.08119e-06
2.02186e-06
-6.37389e-06
3.28538e-06
-5.42083e-06
4.42277e-06
-4.25874e-06
5.38964e-06
-2.93266e-06
6.14771e-06
-1.4944e-06
6.66622e-06
6.92559e-06
1.23124e-06
5.69112e-06
2.41628e-06
5.47805e-06
3.50893e-06
5.05199e-06
4.46656e-06
4.42904e-06
5.25204e-06
3.63446e-06
5.83508e-06
2.69966e-06
6.19333e-06
1.66109e-06
6.3132e-06
5.58962e-07
6.19029e-06
-5.64232e-07
5.82954e-06
-1.66527e-06
5.245e-06
-2.70189e-06
4.45928e-06
-3.63437e-06
3.50264e-06
-4.42701e-06
2.41181e-06
-5.04954e-06
1.22861e-06
-5.47818e-06
-1.65798e-09
-5.69659e-06
-1.23191e-06
-5.69646e-06
-2.41506e-06
-5.47777e-06
-3.50581e-06
-5.04886e-06
-4.46235e-06
-4.42607e-06
-5.24793e-06
-3.63318e-06
-5.8323e-06
-2.70046e-06
-6.19286e-06
-1.66361e-06
-6.31555e-06
-5.62359e-07
-6.19544e-06
5.61029e-07
-5.83693e-06
1.66333e-06
-5.25361e-06
2.70206e-06
-4.46784e-06
3.637e-06
-3.5099e-06
4.4317e-06
-2.41693e-06
5.05474e-06
-1.23157e-06
5.48085e-06
5.69402e-06
1.01527e-06
4.67584e-06
1.99247e-06
4.50084e-06
2.89355e-06
4.1509e-06
3.68336e-06
3.63923e-06
4.33128e-06
2.98654e-06
4.81232e-06
2.21861e-06
5.10803e-06
1.36537e-06
5.20716e-06
4.59821e-07
5.10604e-06
-4.63119e-07
4.80871e-06
-1.36794e-06
4.32671e-06
-2.21991e-06
3.67869e-06
-2.98635e-06
2.88957e-06
-3.6379e-06
1.98966e-06
-4.14964e-06
1.0135e-06
-4.50202e-06
-1.52375e-09
-4.68158e-06
-1.01653e-06
-4.68146e-06
-1.99265e-06
-4.50166e-06
-2.89248e-06
-4.14904e-06
-3.6815e-06
-3.63706e-06
-4.3294e-06
-2.98528e-06
-4.81124e-06
-2.21863e-06
-5.1084e-06
-1.36646e-06
-5.20932e-06
-4.61445e-07
-5.10997e-06
4.61669e-07
-4.81402e-06
1.36737e-06
-4.33272e-06
2.22075e-06
-3.68454e-06
2.98881e-06
-2.89445e-06
3.6416e-06
-1.99308e-06
4.15336e-06
-1.01558e-06
4.50335e-06
4.67843e-06
8.37892e-07
3.83794e-06
1.64438e-06
3.69434e-06
2.38809e-06
3.40719e-06
3.04001e-06
2.9873e-06
3.57487e-06
2.45166e-06
3.97205e-06
1.82142e-06
4.21631e-06
1.12111e-06
4.29831e-06
3.77806e-07
4.21502e-06
-3.79832e-07
3.96972e-06
-1.12266e-06
3.57195e-06
-1.82214e-06
3.03704e-06
-2.45145e-06
2.3856e-06
-2.98646e-06
1.64264e-06
-3.40669e-06
8.36668e-07
-3.69607e-06
-1.40402e-09
-3.84352e-06
-8.39463e-07
-3.84341e-06
-1.64539e-06
-3.69574e-06
-2.38828e-06
-3.40616e-06
-3.03964e-06
-2.98572e-06
-3.57443e-06
-2.4505e-06
-3.97206e-06
-1.821e-06
-4.21719e-06
-1.12134e-06
-4.3003e-06
-3.78341e-07
-4.21809e-06
3.79451e-07
-3.97362e-06
1.12289e-06
-3.5762e-06
1.82333e-06
-3.04109e-06
2.45368e-06
-2.38891e-06
2.98942e-06
-1.64494e-06
3.40938e-06
-8.38172e-07
3.69658e-06
3.84026e-06
6.92334e-07
3.1456e-06
1.35874e-06
3.02793e-06
1.97328e-06
2.79263e-06
2.51202e-06
2.44855e-06
2.95407e-06
2.0096e-06
3.28239e-06
1.4931e-06
3.48435e-06
9.19136e-07
3.55224e-06
3.09904e-07
3.48352e-06
-3.1112e-07
3.2809e-06
-9.20045e-07
2.95222e-06
-1.49348e-06
2.51017e-06
-2.00941e-06
1.97175e-06
-2.44805e-06
1.35766e-06
-2.79261e-06
6.91457e-07
-3.02987e-06
-1.29765e-09
-3.15077e-06
-6.9404e-07
-3.15067e-06
-1.36021e-06
-3.02958e-06
-1.97424e-06
-2.79213e-06
-2.51257e-06
-2.44739e-06
-2.95451e-06
-2.00857e-06
-3.28306e-06
-1.49247e-06
-3.48553e-06
-9.18873e-07
-3.55408e-06
-3.09798e-07
-3.486e-06
3.11363e-07
-3.28384e-06
9.20717e-07
-2.95531e-06
1.49479e-06
-2.51303e-06
2.0114e-06
-1.97405e-06
2.45043e-06
-1.35925e-06
2.79457e-06
-6.92595e-07
3.02992e-06
3.14766e-06
5.7306e-07
2.57253e-06
1.12466e-06
2.47632e-06
1.63337e-06
2.28392e-06
2.07934e-06
2.00257e-06
2.44531e-06
1.64363e-06
2.71715e-06
1.22125e-06
2.88441e-06
7.51866e-07
2.94069e-06
2.5361e-07
2.88388e-06
-2.54318e-07
2.71621e-06
-7.52378e-07
2.44415e-06
-1.22143e-06
2.0782e-06
-1.64347e-06
1.63244e-06
-2.0023e-06
1.124e-06
-2.28417e-06
5.72396e-07
-2.47827e-06
-1.20362e-09
-2.57718e-06
-5.74792e-07
-2.57709e-06
-1.12636e-06
-2.47802e-06
-1.63475e-06
-2.28375e-06
-2.08043e-06
-2.00172e-06
-2.44628e-06
-1.64273e-06
-2.71821e-06
-1.22054e-06
-2.88575e-06
-7.51345e-07
-2.9424e-06
-2.53153e-07
-2.88594e-06
2.54895e-07
-2.71849e-06
7.53259e-07
-2.44645e-06
1.22274e-06
-2.08027e-06
1.64521e-06
-1.63407e-06
2.00422e-06
-1.12514e-06
2.28563e-06
-5.733e-07
2.47807e-06
2.57436e-06
4.75533e-07
2.09699e-06
9.33268e-07
2.01858e-06
1.35541e-06
1.86177e-06
1.72552e-06
1.63245e-06
2.02925e-06
1.33989e-06
2.25489e-06
9.9561e-07
2.39375e-06
6.12997e-07
2.44052e-06
2.06834e-07
2.39342e-06
-2.07232e-07
2.25431e-06
-6.13271e-07
2.02854e-06
-9.95679e-07
1.72484e-06
-1.33977e-06
1.35487e-06
-1.63234e-06
9.3285e-07
-1.86216e-06
4.74996e-07
-2.02043e-06
-1.12103e-09
-2.10107e-06
-4.77227e-07
-2.101e-06
-9.3505e-07
-2.02021e-06
-1.35701e-06
-1.8618e-06
-1.72691e-06
-1.63183e-06
-2.03053e-06
-1.33912e-06
-2.25617e-06
-9.949e-07
-2.39516e-06
-6.12367e-07
-2.44211e-06
-2.06212e-07
-2.39518e-06
2.07958e-07
-2.25614e-06
6.14215e-07
-2.03032e-06
9.96913e-07
-1.72639e-06
1.34127e-06
-1.35607e-06
1.6339e-06
-9.33712e-07
1.86326e-06
-4.75758e-07
2.02011e-06
2.0986e-06
3.96044e-07
1.70093e-06
7.77271e-07
1.63734e-06
1.12887e-06
1.51016e-06
1.43713e-06
1.32418e-06
1.69013e-06
1.08689e-06
1.87809e-06
8.07642e-07
1.99378e-06
4.97296e-07
2.03277e-06
1.67835e-07
1.99358e-06
-1.68048e-07
1.87773e-06
-4.97432e-07
1.6897e-06
-8.07657e-07
1.43673e-06
-1.08681e-06
1.12854e-06
-1.32416e-06
7.76993e-07
-1.51062e-06
3.95581e-07
-1.63902e-06
-1.04909e-09
-1.70445e-06
-3.97669e-07
-1.70438e-06
-7.79052e-07
-1.63883e-06
-1.13055e-06
-1.5103e-06
-1.43867e-06
-1.32372e-06
-1.69155e-06
-1.08625e-06
-1.87948e-06
-8.06982e-07
-1.9952e-06
-4.96649e-07
-2.03426e-06
-1.67164e-07
-1.99512e-06
1.68809e-07
-1.87926e-06
4.9835e-07
-1.69112e-06
8.0877e-07
-1.43794e-06
1.08808e-06
-1.12948e-06
1.32543e-06
-7.77686e-07
1.51146e-06
-3.96254e-07
1.63867e-06
1.70234e-06
3.31576e-07
1.36935e-06
6.5075e-07
1.31816e-06
9.45121e-07
1.21578e-06
1.20322e-06
1.06606e-06
1.41506e-06
8.75043e-07
1.57245e-06
6.50243e-07
1.66934e-06
4.00398e-07
1.70201e-06
1.35157e-07
1.66922e-06
-1.35263e-07
1.57223e-06
-4.00458e-07
1.4148e-06
-6.50235e-07
1.20298e-06
-8.74998e-07
9.44926e-07
-1.06611e-06
6.50545e-07
-1.21625e-06
3.31152e-07
-1.31964e-06
-9.87064e-10
-1.37232e-06
-3.33117e-07
-1.37226e-06
-6.52482e-07
-1.31948e-06
-9.46817e-07
-1.21598e-06
-1.20481e-06
-1.06574e-06
-1.41655e-06
-8.74518e-07
-1.57388e-06
-6.49657e-07
-1.67075e-06
-3.99788e-07
-1.70341e-06
-1.34507e-07
-1.6706e-06
1.35989e-07
-1.57356e-06
4.01298e-07
-1.416e-06
6.51206e-07
-1.20399e-06
8.76066e-07
-9.45704e-07
1.06714e-06
-6.51142e-07
1.21689e-06
-3.31776e-07
1.3193e-06
1.37056e-06
2.79679e-07
1.08966e-06
5.489e-07
1.04893e-06
7.97204e-07
9.6747e-07
1.01492e-06
8.48338e-07
1.19362e-06
6.9634e-07
1.32639e-06
5.17459e-07
1.40814e-06
3.18645e-07
1.43571e-06
1.07575e-07
1.40806e-06
-1.07622e-07
1.32626e-06
-3.18666e-07
1.19346e-06
-5.17445e-07
1.01478e-06
-6.9632e-07
7.97078e-07
-8.48421e-07
5.48729e-07
-9.67908e-07
2.79274e-07
-1.05019e-06
-9.3428e-10
-1.09212e-06
-2.81134e-07
-1.09207e-06
-5.50562e-07
-1.05006e-06
-7.98868e-07
-9.6768e-07
-1.01651e-06
-8.48105e-07
-1.19512e-06
-6.95917e-07
-1.32782e-06
-5.16959e-07
-1.40951e-06
-3.18103e-07
-1.43704e-06
-1.06988e-07
-1.40933e-06
1.08273e-07
-1.32744e-06
3.19399e-07
-1.19451e-06
5.18266e-07
-1.01565e-06
6.97197e-07
-7.97754e-07
8.49241e-07
-5.49272e-07
9.68405e-07
-2.79867e-07
1.04989e-06
1.09069e-06
2.38384e-07
8.5127e-07
4.67855e-07
8.19451e-07
6.79501e-07
7.55816e-07
8.6508e-07
6.62751e-07
1.0174e-06
5.4401e-07
1.13058e-06
4.04267e-07
1.20027e-06
2.48948e-07
1.22379e-06
8.40529e-08
1.20023e-06
-8.40702e-08
1.13051e-06
-2.48953e-07
1.01731e-06
-4.04255e-07
8.64989e-07
-5.44009e-07
6.79406e-07
-6.62847e-07
4.67693e-07
-7.56203e-07
2.37986e-07
-8.20493e-07
-8.90162e-10
-8.53248e-07
-2.39758e-07
-8.53211e-07
-4.6944e-07
-8.20381e-07
-6.81112e-07
-7.56016e-07
-8.66637e-07
-6.62587e-07
-1.01888e-06
-5.43679e-07
-1.13199e-06
-4.03857e-07
-1.20161e-06
-2.48492e-07
-1.22505e-06
-8.35513e-08
-1.20141e-06
8.46232e-08
-1.13158e-06
2.49564e-07
-1.01825e-06
4.04925e-07
-8.65772e-07
5.44712e-07
-6.8003e-07
6.63492e-07
-4.68212e-07
7.5658e-07
-2.38567e-07
8.20238e-07
8.52119e-07
2.0612e-07
6.45143e-07
4.04534e-07
6.21029e-07
5.87538e-07
5.72804e-07
7.48005e-07
5.02277e-07
8.79718e-07
4.1229e-07
9.77591e-07
3.06385e-07
1.03786e-06
1.88676e-07
1.05819e-06
6.37067e-08
1.03783e-06
-6.37108e-08
9.77541e-07
-1.88674e-07
8.79657e-07
-3.06379e-07
7.4794e-07
-4.123e-07
5.87454e-07
-5.02369e-07
4.0437e-07
-5.73126e-07
2.05723e-07
-6.21854e-07
-8.5396e-10
-6.46679e-07
-2.07423e-07
-6.4665e-07
-4.06046e-07
-6.21765e-07
-5.89091e-07
-5.72979e-07
-7.49521e-07
-5.02164e-07
-8.81167e-07
-4.12039e-07
-9.78967e-07
-3.06064e-07
-1.03915e-06
-1.88311e-07
-1.05941e-06
-6.33021e-08
-1.03895e-06
6.41548e-08
-9.78551e-07
1.89159e-07
-8.80535e-07
3.06902e-07
-7.48671e-07
4.12842e-07
-5.88047e-07
5.02861e-07
-4.0488e-07
5.73408e-07
-2.06295e-07
6.21646e-07
6.45821e-07
1.81656e-07
4.63479e-07
3.56522e-07
4.46155e-07
5.17808e-07
4.1151e-07
6.59233e-07
3.60844e-07
7.75318e-07
2.96198e-07
8.61581e-07
2.20115e-07
9.14699e-07
1.3555e-07
9.32628e-07
4.57703e-08
9.14679e-07
-4.577e-08
8.61546e-07
-1.35549e-07
7.75273e-07
-2.20113e-07
6.59178e-07
-2.96212e-07
5.17725e-07
-3.60923e-07
3.56351e-07
-4.11759e-07
1.81258e-07
-4.46768e-07
-8.2462e-10
-4.64604e-07
-1.82899e-07
-4.64582e-07
-3.57969e-07
-4.46702e-07
-5.19305e-07
-4.1165e-07
-6.60705e-07
-3.60771e-07
-7.76732e-07
-2.96019e-07
-8.62924e-07
-2.1988e-07
-9.15962e-07
-1.35279e-07
-9.33803e-07
-4.54676e-08
-9.15756e-07
4.61012e-08
-8.6251e-07
1.35907e-07
-7.7611e-07
2.20496e-07
-6.59881e-07
2.96606e-07
-5.18305e-07
3.61279e-07
-3.56859e-07
4.11956e-07
-1.81828e-07
4.4661e-07
4.6399e-07
1.6405e-07
2.99422e-07
3.21968e-07
2.8823e-07
4.67622e-07
2.65849e-07
5.95342e-07
2.33117e-07
7.00178e-07
1.91354e-07
7.78084e-07
1.42202e-07
8.26056e-07
8.75706e-08
8.4225e-07
2.95692e-08
8.26042e-07
-2.95691e-08
7.78057e-07
-8.7571e-08
7.00141e-07
-1.42204e-07
5.9529e-07
-1.91369e-07
4.67536e-07
-2.33176e-07
3.21788e-07
-2.66019e-07
1.6365e-07
-2.88637e-07
-8.01469e-10
-3.0016e-07
-1.65245e-07
-3.00145e-07
-3.23361e-07
-2.88593e-07
-4.69072e-07
-2.65947e-07
-5.96774e-07
-2.33075e-07
-7.01559e-07
-1.91241e-07
-7.79396e-07
-1.4205e-07
-8.27289e-07
-8.7393e-08
-8.43393e-07
-2.93699e-08
-8.27085e-07
2.97871e-08
-7.78989e-07
8.78046e-08
-7.00952e-07
1.42453e-07
-5.95976e-07
1.91624e-07
-4.68108e-07
2.33405e-07
-3.22299e-07
2.66142e-07
-1.64222e-07
2.88527e-07
2.99765e-07
1.52604e-07
1.46811e-07
2.99505e-07
1.41323e-07
4.34998e-07
1.30348e-07
5.53808e-07
1.143e-07
6.51332e-07
9.38231e-08
7.23804e-07
6.97231e-08
7.68432e-07
4.29361e-08
7.83497e-07
1.44967e-08
7.68421e-07
-1.44994e-08
7.23782e-07
-4.29394e-08
6.51299e-07
-6.97274e-08
5.53758e-07
-9.38343e-08
4.34909e-07
-1.14333e-07
2.99321e-07
-1.30438e-07
1.52205e-07
-1.41528e-07
-7.83456e-10
-1.47178e-07
-1.53765e-07
-1.4717e-07
-3.00858e-07
-1.41506e-07
-4.3641e-07
-1.30402e-07
-5.55208e-07
-1.14284e-07
-6.52685e-07
-9.37706e-08
-7.2509e-07
-6.9651e-08
-7.69638e-07
-4.28509e-08
-7.84614e-07
-1.44004e-08
-7.69438e-07
1.46047e-08
-7.24691e-07
4.30519e-08
-6.52092e-07
6.98472e-08
-5.54431e-07
9.39579e-08
-4.35477e-07
1.14445e-07
-2.99831e-07
1.30491e-07
-1.52777e-07
1.41467e-07
1.46986e-07
1.46808e-07
2.88127e-07
4.18471e-07
5.32768e-07
6.26588e-07
6.96307e-07
7.3924e-07
7.53733e-07
7.3923e-07
6.96288e-07
6.26557e-07
5.32719e-07
4.18382e-07
2.87942e-07
1.46411e-07
-7.70438e-10
-1.47944e-07
-2.89454e-07
-4.19858e-07
-5.34145e-07
-6.27919e-07
-6.97573e-07
-7.40427e-07
-7.54831e-07
-7.40229e-07
-6.9718e-07
-6.27336e-07
-5.3338e-07
-4.18938e-07
-2.8845e-07
-1.46986e-07
)
;

boundaryField
{
    top
    {
        type            symmetryPlane;
        value           uniform 0;
    }
    bottom
    {
        type            symmetryPlane;
        value           uniform 0;
    }
    left
    {
        type            symmetryPlane;
        value           uniform 0;
    }
    right
    {
        type            symmetryPlane;
        value           uniform 0;
    }
    frontAndBack
    {
        type            empty;
        value           nonuniform List<scalar> 0();
    }
}


// ************************************************************************* //
