/*--------------------------------*- C++ -*----------------------------------*\
  =========                 |
  \\      /  F ield         | OpenFOAM: The Open Source CFD Toolbox
   \\    /   O peration     | Website:  https://openfoam.org
    \\  /    A nd           | Version:  9
     \\/     M anipulation  |
\*---------------------------------------------------------------------------*/
FoamFile
{
    format      ascii;
    class       volScalarField;
    location    "9";
    object      Ma;
}
// * * * * * * * * * * * * * * * * * * * * * * * * * * * * * * * * * * * * * //

dimensions      [0 0 0 0 0 0 0];

internalField   nonuniform List<scalar> 
5250
(
2.99999
2.99996
2.99987
2.99968
2.99917
2.99799
2.99502
2.98762
2.96983
2.92425
2.81312
2.53653
1.9354
0.955766
0.392244
0.332432
0.345365
0.338407
0.30481
0.252184
0.203296
0.162305
0.121068
0.0755553
0.0419711
2.99999
2.99996
2.99987
2.9997
2.99915
2.99809
2.99489
2.98817
2.96934
2.92643
2.81346
2.54262
1.9443
0.967525
0.40006
0.333836
0.346969
0.340526
0.307411
0.255735
0.208063
0.168452
0.129444
0.0891883
0.0652479
2.99999
2.99996
2.99988
2.9997
2.99919
2.99813
2.99495
2.98868
2.96936
2.92925
2.81649
2.55353
1.96426
0.993921
0.41775
0.337666
0.351584
0.346732
0.31506
0.265792
0.221048
0.184879
0.150975
0.119337
0.103768
2.99999
2.99996
2.99988
2.99971
2.99921
2.9982
2.99512
2.98909
2.97042
2.93178
2.8229
2.56888
1.99534
1.03535
0.444645
0.342943
0.358713
0.356743
0.327306
0.281576
0.240752
0.209114
0.180992
0.156678
0.145826
2.99999
2.99997
2.99989
2.99973
2.99925
2.99826
2.99549
2.9892
2.97288
2.93337
2.83357
2.5879
2.03817
1.09317
0.480568
0.349263
0.368082
0.370168
0.343489
0.301965
0.26556
0.23874
0.216218
0.197769
0.190202
3
2.99997
2.9999
2.99973
2.99935
2.99826
2.99602
2.98934
2.97567
2.9359
2.8466
2.61198
2.09309
1.17024
0.526108
0.357057
0.38009
0.387276
0.36365
0.326761
0.295139
0.273409
0.256537
0.24373
0.239624
3
2.99997
2.9999
2.99977
2.99936
2.99849
2.99617
2.99062
2.97692
2.94241
2.85777
2.64503
2.15909
1.27005
0.582373
0.367735
0.395657
0.408566
0.38798
0.355907
0.329276
0.313004
0.302269
0.295972
0.297242
3
2.99997
2.99992
2.99978
2.99946
2.99861
2.99659
2.99162
2.97899
2.94898
2.87175
2.68227
2.23854
1.3966
0.649451
0.384509
0.417261
0.435294
0.417191
0.389889
0.368288
0.357948
0.35444
0.356959
0.368744
3
2.99998
2.99993
2.9998
2.99955
2.99871
2.99719
2.9922
2.98252
2.9537
2.89005
2.72021
2.3298
1.5502
0.729376
0.414675
0.449043
0.469041
0.452886
0.429698
0.413101
0.408629
0.413797
0.43056
0.464775
3
2.99998
2.99994
2.99984
2.99956
2.99899
2.99734
2.99376
2.98415
2.9615
2.90428
2.76326
2.42382
1.72975
0.820692
0.46087
0.4938
0.510142
0.496453
0.47634
0.464181
0.465242
0.483372
0.526971
0.628162
3
2.99998
2.99995
2.99985
2.99966
2.99903
2.99788
2.99414
2.9869
2.96526
2.9182
2.79126
2.49406
1.85448
0.905004
0.503231
0.526312
0.542104
0.53856
0.524661
0.518025
0.527118
0.56276
0.642996
0.801993
3
2.99999
2.99995
2.99989
2.99966
2.99926
2.99794
2.99535
2.98777
2.97121
2.92661
2.82091
2.55412
1.97692
1.03619
0.575
0.548514
0.565016
0.57209
0.568414
0.570285
0.589315
0.638913
0.735406
0.892075
3
2.99999
2.99996
2.99989
2.99974
2.99931
2.99832
2.99588
2.98966
2.97516
2.93691
2.84638
2.61549
2.10139
1.20007
0.66163
0.564944
0.582853
0.598879
0.606342
0.617943
0.646334
0.701754
0.793454
0.921667
3
2.99999
2.99997
2.99991
2.99977
2.99943
2.9986
2.99647
2.99161
2.97834
2.94879
2.86911
2.67946
2.23176
1.39821
0.765106
0.588124
0.604061
0.624459
0.641004
0.660349
0.694217
0.749387
0.830275
0.93632
3
3
2.99998
2.99993
2.99981
2.99956
2.9988
2.99731
2.99267
2.98367
2.9562
2.89774
2.73808
2.37409
1.63707
0.888671
0.632512
0.638254
0.655989
0.676863
0.69933
0.733952
0.786093
0.85775
0.948517
3
3
2.99998
2.99995
2.99985
2.99964
2.99907
2.99777
2.99447
2.98639
2.96683
2.91761
2.7973
2.50552
1.8897
1.02996
0.694736
0.681209
0.695348
0.715745
0.737379
0.769929
0.817216
0.880487
0.959561
3.00001
3
2.99999
2.99996
2.99989
2.9997
2.99928
2.99821
2.99554
2.98931
2.97276
2.93516
2.83564
2.5996
2.06975
1.19502
0.769563
0.715704
0.729675
0.749158
0.772026
0.802664
0.845493
0.90117
0.969586
3.00001
3
2.99999
2.99997
2.99991
2.99979
2.99939
2.99867
2.99631
2.99182
2.97816
2.94915
2.86972
2.68276
2.24176
1.43083
0.882709
0.748634
0.757333
0.776114
0.801482
0.831527
0.870653
0.920006
0.979345
3.00001
3
3
2.99998
2.99993
2.99982
2.99957
2.99889
2.99741
2.99318
2.98452
2.95908
2.90438
2.75641
2.41792
1.72419
1.02457
0.798566
0.789721
0.803992
0.829185
0.859053
0.894306
0.937646
0.988816
3.00001
3
3
2.99998
2.99995
2.99987
2.99967
2.99921
2.99794
2.99529
2.98751
2.97164
2.92597
2.82423
2.56446
2.01275
1.19673
0.867375
0.827603
0.837379
0.858986
0.886538
0.917581
0.954755
0.998772
3.00001
3.00001
3
2.99999
2.99997
2.9999
2.99977
2.99937
2.99858
2.99612
2.9915
2.97684
2.94753
2.86384
2.67245
2.223
1.42744
0.965128
0.863158
0.867512
0.885383
0.911341
0.938914
0.970933
1.00827
3.00001
3.00001
3
3
2.99998
2.99994
2.99981
2.99959
2.99885
2.99744
2.99317
2.98433
2.95962
2.90373
2.75811
2.42248
1.73885
1.10665
0.912456
0.89913
0.910676
0.933097
0.959211
0.986792
1.01815
3.00001
3.00001
3
3
2.99998
2.99996
2.99987
2.9997
2.99919
2.99813
2.99526
2.98861
2.97202
2.93139
2.83165
2.5908
2.06424
1.29482
0.98489
0.934836
0.939881
0.956463
0.978851
1.0027
1.02739
3.00001
3.00001
3.00001
3
2.99999
2.99997
2.99992
2.99977
2.99945
2.99864
2.99665
2.99194
2.97973
2.95183
2.8787
2.70592
2.30123
1.55878
1.09335
0.973011
0.967358
0.977082
0.996006
1.01621
1.03311
3.00001
3.00001
3.00001
3
3
2.99998
2.99994
2.99984
2.99963
2.99902
2.99782
2.99407
2.98702
2.96514
2.92034
2.79682
2.51929
1.92382
1.25409
1.02766
0.996818
0.999919
1.01198
1.02599
1.03356
3.00001
3.00001
3.00001
3
3
2.99999
2.99996
2.9999
2.99972
2.99939
2.99833
2.99627
2.99022
2.97733
2.94258
2.86218
2.65987
2.21233
1.46605
1.10221
1.02481
1.01889
1.02336
1.02903
1.02679
3.00001
3.00001
3.00001
3.00001
3
2.99999
2.99998
2.99993
2.99983
2.99953
2.99897
2.99717
2.99389
2.98328
2.96267
2.90284
2.76927
2.44095
1.79293
1.23334
1.06164
1.03575
1.02983
1.02424
1.01147
3.00001
3.00001
3.00001
3.00001
3
3
2.99999
2.99996
2.99989
2.99969
2.9993
2.99811
2.99589
2.98876
2.97527
2.93491
2.84779
2.62358
2.14017
1.42655
1.12372
1.05328
1.02908
1.00963
0.985056
3.00001
3.00001
3.00001
3.00001
3.00001
3
2.99999
2.99997
2.99992
2.99981
2.9995
2.9988
2.99707
2.99271
2.98284
2.95632
2.89693
2.74263
2.39406
1.72111
1.22747
1.06532
1.01397
0.97857
0.943665
3.00001
3.00001
3.00001
3.00001
3.00001
3
3
2.99999
2.99995
2.99988
2.99965
2.99924
2.99794
2.99542
2.988
2.97232
2.92993
2.83272
2.59249
2.07811
1.3868
1.08617
0.984345
0.93176
0.896573
3.00001
3.00001
3.00001
3.00001
3.00001
3
3
2.99999
2.99997
2.99992
2.99977
2.99947
2.99857
2.99688
2.99146
2.9813
2.95015
2.88465
2.70906
2.32321
1.61315
1.11836
0.931944
0.864734
0.84568
3.00001
3.00001
3.00001
3.00001
3.00001
3.00001
3
3
2.99998
2.99994
2.99983
2.99963
2.99899
2.99775
2.99407
2.98637
2.96518
2.91725
2.79366
2.5083
1.91191
1.18001
0.859708
0.778724
0.784911
3.00001
3.00001
3.00001
3.00001
3.00001
3.00001
3
3
2.99999
2.99996
2.99988
2.99972
2.99922
2.99829
2.99524
2.98962
2.97179
2.93517
2.83284
2.59688
2.06705
1.22868
0.758585
0.661748
0.701827
3.00001
3.00001
3.00001
3.00001
3.00001
3.00001
3
3
2.99999
2.99997
2.9999
2.99977
2.99935
2.99859
2.99605
2.99127
2.97642
2.94497
2.85787
2.65192
2.16975
1.3221
0.681317
0.529122
0.607477
3.00001
3.00001
3.00001
3.00001
3.00001
3.00001
3.00001
3
2.99999
2.99997
2.99992
2.99979
2.99949
2.99864
2.99689
2.99154
2.98081
2.94862
2.87747
2.68543
2.24512
1.41623
0.630467
0.403794
0.521284
3.00001
3.00001
3.00001
3.00001
3.00001
3.00001
3.00001
3
2.99999
2.99998
2.99993
2.99982
2.9995
2.99887
2.99687
2.99308
2.98075
2.95607
2.88363
2.71442
2.29528
1.48942
0.609085
0.313953
0.459644
3.00001
3.00001
3.00001
3.00001
3.00001
3.00001
3.00001
3
3
2.99998
2.99993
2.99983
2.99954
2.99893
2.99712
2.99347
2.98214
2.95903
2.89122
2.73393
2.33862
1.55779
0.618818
0.269824
0.421768
3.00001
3.00001
3.00001
3.00001
3.00001
3.00001
3.00001
3
3
2.99998
2.99994
2.99984
2.99957
2.99895
2.99738
2.99342
2.98404
2.95907
2.90017
2.74594
2.37737
1.62126
0.646358
0.259221
0.403996
3.00001
3.00001
3.00001
3.00001
3.00001
3.00001
3.00001
3
3
2.99998
2.99994
2.99985
2.99958
2.99901
2.99744
2.99375
2.98451
2.96105
2.90373
2.7572
2.40298
1.66875
0.677395
0.264543
0.397473
3.00001
3.00001
3.00001
3.00001
3.00001
3.00001
3.00001
3
3
2.99998
2.99995
2.99984
2.99963
2.99895
2.99771
2.99361
2.98555
2.96151
2.90822
2.76401
2.42453
1.70588
0.710985
0.278077
0.395666
3.00001
3.00001
3.00001
3.00001
3.00001
3.00001
3.00001
3
3
2.99998
2.99994
2.99985
2.9996
2.99909
2.99749
2.99442
2.98457
2.9651
2.90719
2.77521
2.43892
1.73874
0.74306
0.294452
0.396228
3.00001
3.00001
3.00001
3.00001
3.00001
3.00001
3.00001
3
3
2.99998
2.99994
2.99986
2.99962
2.99908
2.99767
2.99421
2.98584
2.96413
2.91226
2.77845
2.4553
1.76712
0.773108
0.312665
0.396701
3.00001
3.00001
3.00001
3.00001
3.00001
3.00001
3.00001
3
3
2.99998
2.99995
2.99985
2.99964
2.99908
2.9977
2.99443
2.98574
2.96591
2.91262
2.78526
2.46748
1.79244
0.800805
0.330897
0.396681
3.00001
3.00001
3.00001
3.00001
3.00001
3.00001
3.00001
3
3
2.99998
2.99995
2.99985
2.99966
2.99904
2.99791
2.99414
2.98689
2.96488
2.917
2.7867
2.48044
1.81409
0.825577
0.347792
0.396756
3.00001
3.00001
3.00001
3.00001
3.00001
3.00001
3.00001
3
3
2.99998
2.99995
2.99985
2.99967
2.99905
2.99794
2.99425
2.98708
2.96554
2.91843
2.79074
2.48996
1.83452
0.846823
0.36267
0.397025
3.00001
3.00001
3.00001
3.00001
3.00001
3.00001
3.00001
3
3
2.99998
2.99995
2.99987
2.99964
2.99915
2.99773
2.99486
2.98607
2.96826
2.91636
2.79815
2.49566
1.85447
0.86438
0.375023
0.397365
3.00001
3.00001
3.00001
3.00001
3.00001
3.00001
3.00001
3
3
2.99998
2.99995
2.99985
2.99968
2.99909
2.99794
2.99451
2.98721
2.96696
2.92026
2.798
2.50502
1.87116
0.879438
0.384321
0.397308
3.00001
3.00001
3.00001
3.00001
3.00001
3.00001
3.00001
3
3
2.99999
2.99995
2.99987
2.99963
2.9992
2.99773
2.99504
2.98642
2.96886
2.9188
2.80309
2.50798
1.88418
0.892363
0.390981
0.396508
3.00001
3.00001
3.00001
3.00001
3.00001
3.00001
3.00001
3
3
2.99999
2.99995
2.99987
2.99966
2.99914
2.9979
2.99468
2.98736
2.96731
2.92199
2.80144
2.51361
1.89002
0.901292
0.395961
0.396143
3.00001
3.00001
3.00001
3.00001
3.00001
3.00001
3.00001
3
3
2.99999
2.99995
2.99987
2.99964
2.99918
2.99783
2.99489
2.987
2.96826
2.92096
2.80359
2.51417
1.89355
0.905757
0.398386
0.395899
0.977015
0.776157
0.260145
0.243479
0.315652
0.400549
0.432677
0.461448
0.499143
0.53512
0.563576
0.586725
0.604581
0.612918
0.612827
0.605673
0.590056
0.566904
0.538209
0.507
0.474858
0.442901
0.411374
0.380381
0.349931
0.319754
0.289963
0.260281
0.230527
0.200512
0.170883
0.141931
0.113661
0.0860259
0.0589728
0.0332366
0.0150818
0.0294905
0.0533316
0.0780303
0.102371
0.125855
0.148578
0.170014
0.191206
0.213473
0.235587
0.256953
0.277611
0.297902
0.317699
0.337316
0.356453
0.375425
0.393973
0.412329
0.43034
0.448165
0.465614
0.482976
0.499927
0.516836
0.53329
0.549802
0.565814
0.581922
0.597584
0.613248
0.628596
0.643841
0.658839
0.673727
0.688331
0.702869
0.717075
0.731253
0.745059
0.758897
0.772295
0.785821
0.798818
0.81203
0.824664
0.837519
0.849846
0.862284
0.874327
0.886319
0.898034
0.909562
0.920839
0.931867
0.942536
0.952892
0.962682
0.97195
0.980217
0.987423
0.992619
0.996741
0.959218
0.837947
0.570633
0.419316
0.281136
0.145364
0.0625333
0.155215
0.233912
0.288266
0.323063
0.344624
0.362087
0.370944
0.366932
0.354726
0.338011
0.313574
0.284904
0.254635
0.224792
0.195428
0.166771
0.138788
0.111591
0.0854257
0.0611021
0.0414117
0.0345727
0.0471157
0.0676541
0.0907965
0.114552
0.138373
0.161776
0.184767
0.206911
0.228243
0.249156
0.270273
0.291089
0.31162
0.331587
0.350755
0.369296
0.388535
0.408022
0.426904
0.445187
0.463084
0.480761
0.498085
0.515167
0.531967
0.548521
0.564849
0.580943
0.596842
0.612477
0.627983
0.643194
0.658284
0.67315
0.687813
0.702386
0.716655
0.730934
0.744868
0.758828
0.772465
0.7861
0.799442
0.812746
0.825792
0.838751
0.851512
0.86411
0.876605
0.888838
0.901071
0.912968
0.92491
0.936521
0.94812
0.959484
0.970696
0.981814
0.992659
1.00349
1.014
1.02451
1.03466
1.04469
1.05427
1.06348
1.07204
1.0798
1.08644
1.09127
1.09489
0.973795
0.94133
0.83282
0.738904
0.62979
0.513839
0.396169
0.294568
0.207178
0.130022
0.0650458
0.0316959
0.0604338
0.0914677
0.0829115
0.0624671
0.0540628
0.0466217
0.0500082
0.0609381
0.0773279
0.0961286
0.11658
0.137793
0.159444
0.181354
0.203368
0.225276
0.246653
0.267531
0.288093
0.308726
0.329072
0.349152
0.368855
0.388121
0.406825
0.425003
0.442852
0.460579
0.478168
0.495513
0.512572
0.528814
0.544657
0.560661
0.577341
0.593657
0.609484
0.624899
0.640112
0.65512
0.669919
0.684582
0.69896
0.713296
0.727297
0.741283
0.754956
0.768572
0.781966
0.795237
0.808369
0.821348
0.8342
0.846928
0.85949
0.871978
0.884261
0.896516
0.908525
0.920558
0.932281
0.944097
0.955517
0.967117
0.978231
0.989607
1.00044
1.01157
1.02218
1.03301
1.04344
1.05397
1.06425
1.07449
1.08472
1.09475
1.10485
1.11461
1.12438
1.13373
1.14301
1.15179
1.16032
1.16814
1.17537
1.1814
1.18591
1.18899
1.00204
1.01617
0.981025
0.927924
0.858497
0.775562
0.691115
0.604437
0.526261
0.451027
0.386366
0.332335
0.291338
0.265032
0.257198
0.271706
0.28753
0.300891
0.316357
0.332086
0.347262
0.362136
0.377384
0.392884
0.408881
0.425169
0.441694
0.458194
0.474377
0.490347
0.50595
0.521622
0.536983
0.552313
0.567271
0.582029
0.596418
0.610522
0.624378
0.638197
0.651867
0.665626
0.678987
0.692081
0.70451
0.717335
0.730593
0.744232
0.757205
0.770147
0.782623
0.795328
0.807634
0.820146
0.832305
0.844575
0.856603
0.868617
0.88053
0.892315
0.904114
0.915708
0.927377
0.938798
0.950328
0.961587
0.972981
0.984083
0.995336
1.00628
1.01736
1.02813
1.03901
1.04958
1.06022
1.07059
1.081
1.09117
1.10136
1.11129
1.12133
1.13104
1.14105
1.15064
1.16065
1.17006
1.17992
1.18904
1.19865
1.20747
1.21675
1.22522
1.23404
1.242
1.25012
1.25723
1.26411
1.26963
1.27395
1.27667
1.02098
1.0596
1.06233
1.0399
1.00251
0.949372
0.889995
0.827347
0.764791
0.704686
0.646594
0.598607
0.564198
0.545866
0.543882
0.554191
0.570205
0.583266
0.592297
0.601201
0.609093
0.616866
0.624785
0.633303
0.642482
0.652228
0.662487
0.672711
0.683139
0.693139
0.703296
0.713094
0.723173
0.732896
0.74282
0.752407
0.762111
0.771525
0.781153
0.790616
0.800484
0.810243
0.820295
0.829802
0.839249
0.848684
0.858987
0.86962
0.880156
0.89044
0.9007
0.910912
0.921232
0.931482
0.941877
0.95211
0.962529
0.972717
0.983118
0.993252
1.00361
1.01369
1.024
1.03403
1.04429
1.05429
1.06448
1.07444
1.08455
1.09449
1.10448
1.11439
1.12424
1.13408
1.14376
1.15351
1.16302
1.17266
1.18207
1.1917
1.20117
1.21075
1.22017
1.22956
1.23882
1.24801
1.25708
1.26604
1.27482
1.28351
1.29195
1.3003
1.30827
1.31612
1.32343
1.33046
1.33667
1.34221
1.34609
1.34897
1.03128
1.0813
1.10535
1.10675
1.09104
1.06109
1.02116
0.976092
0.926895
0.87913
0.833482
0.79605
0.7716
0.7603
0.764053
0.775224
0.791348
0.808321
0.820246
0.826311
0.828959
0.830074
0.831227
0.83325
0.835928
0.839286
0.843203
0.847455
0.851894
0.856393
0.861051
0.86583
0.870822
0.875993
0.881392
0.886956
0.892696
0.898638
0.9047
0.91113
0.917635
0.924705
0.931658
0.938801
0.945395
0.952606
0.960162
0.968774
0.977043
0.98569
0.993983
1.0027
1.01124
1.02014
1.02897
1.03804
1.04709
1.05628
1.06547
1.07473
1.084
1.09333
1.10264
1.11202
1.12136
1.13078
1.14009
1.14953
1.15877
1.16821
1.17734
1.18674
1.19574
1.20508
1.21394
1.22322
1.23206
1.24138
1.25026
1.25946
1.26828
1.27729
1.28607
1.29488
1.30359
1.31219
1.32079
1.32917
1.3376
1.34572
1.35389
1.36167
1.36945
1.37671
1.38385
1.3903
1.39633
1.40137
1.40512
1.40766
1.03708
1.09083
1.12649
1.14326
1.1437
1.13008
1.10411
1.07082
1.03175
0.991878
0.9562
0.927201
0.910859
0.907106
0.916609
0.933151
0.951807
0.967715
0.980959
0.989069
0.990513
0.986588
0.981676
0.977535
0.974718
0.973273
0.972678
0.973028
0.973647
0.974634
0.975887
0.977421
0.979323
0.981563
0.984219
0.98717
0.990509
0.994122
0.998088
1.0024
1.00706
1.01223
1.01764
1.02312
1.02845
1.0341
1.04042
1.04746
1.05471
1.06205
1.06948
1.07691
1.08456
1.09218
1.10013
1.10799
1.11622
1.12431
1.13275
1.14102
1.14962
1.15804
1.16675
1.1753
1.18409
1.19276
1.20157
1.21035
1.21916
1.22801
1.23677
1.24566
1.25435
1.26327
1.27197
1.28095
1.28961
1.29848
1.30706
1.31578
1.32429
1.33283
1.34126
1.34959
1.35792
1.36604
1.37422
1.38212
1.39007
1.39771
1.40536
1.41266
1.41987
1.42667
1.43323
1.43926
1.44477
1.44946
1.45279
1.45523
1.04065
1.09424
1.13459
1.16041
1.17087
1.16759
1.15109
1.12426
1.09226
1.05873
1.03004
1.00838
0.997692
1.00128
1.01717
1.03955
1.06225
1.08043
1.09258
1.10153
1.10586
1.10378
1.09671
1.08908
1.0825
1.07782
1.0745
1.07239
1.07088
1.06988
1.06917
1.06882
1.0688
1.06918
1.06998
1.07123
1.07283
1.07491
1.07724
1.08008
1.08313
1.08682
1.09065
1.09472
1.09859
1.1029
1.10776
1.11342
1.11938
1.1256
1.132
1.13847
1.14519
1.15193
1.15904
1.16614
1.17365
1.18108
1.1889
1.1966
1.20465
1.21256
1.22079
1.22891
1.23728
1.24559
1.25406
1.26253
1.27104
1.27959
1.28807
1.2967
1.30521
1.31388
1.32232
1.33091
1.3393
1.34781
1.35617
1.36455
1.37288
1.38108
1.38937
1.39738
1.4056
1.41339
1.4215
1.42906
1.43697
1.44426
1.45188
1.45878
1.46594
1.47227
1.47874
1.48422
1.4895
1.49356
1.49658
1.49866
1.04341
1.09401
1.13515
1.1641
1.17953
1.18066
1.16806
1.14425
1.11748
1.0905
1.06794
1.05266
1.04719
1.05729
1.0807
1.10888
1.13541
1.15615
1.16995
1.17796
1.18439
1.18602
1.18208
1.1741
1.16542
1.15787
1.15162
1.14705
1.14325
1.14041
1.13791
1.13596
1.13434
1.13312
1.1324
1.132
1.1322
1.13278
1.13377
1.13523
1.13702
1.13947
1.14212
1.14517
1.14802
1.15139
1.15526
1.15996
1.165
1.17046
1.17615
1.18202
1.18813
1.19432
1.20086
1.20746
1.21443
1.22142
1.22875
1.23607
1.24366
1.25127
1.25907
1.26695
1.27495
1.2831
1.29126
1.29963
1.30788
1.31643
1.32477
1.33339
1.34166
1.35024
1.35846
1.36698
1.37518
1.38361
1.39179
1.4001
1.40829
1.41645
1.42462
1.43261
1.44071
1.4485
1.45646
1.46399
1.47173
1.47893
1.4863
1.49307
1.49988
1.50604
1.51206
1.51724
1.52189
1.52556
1.52789
1.52996
1.04616
1.09183
1.13036
1.15833
1.17359
1.17431
1.16116
1.14058
1.11825
1.09709
1.08137
1.07243
1.07448
1.09236
1.12218
1.15317
1.18063
1.20304
1.219
1.2289
1.23503
1.23968
1.24056
1.23645
1.22914
1.22089
1.21303
1.206
1.20027
1.19553
1.19181
1.18864
1.18613
1.18394
1.18239
1.18117
1.18055
1.18035
1.18058
1.1813
1.1824
1.18413
1.1862
1.18867
1.19104
1.19383
1.19716
1.20119
1.20565
1.21048
1.21569
1.22107
1.2268
1.2326
1.23877
1.24498
1.25156
1.25817
1.26509
1.27205
1.27925
1.28652
1.29395
1.30152
1.30917
1.31704
1.32487
1.33299
1.34097
1.34925
1.35721
1.3655
1.37342
1.38169
1.38961
1.39783
1.40575
1.41388
1.42179
1.42979
1.43767
1.44549
1.45333
1.46095
1.46871
1.47611
1.48373
1.49088
1.49825
1.50505
1.51202
1.51831
1.52467
1.53028
1.53568
1.54012
1.54393
1.54668
1.5481
1.54984
1.04915
1.08783
1.12118
1.14414
1.15471
1.15102
1.13762
1.12069
1.10224
1.0878
1.07938
1.07846
1.09055
1.11598
1.14762
1.17812
1.20511
1.22779
1.2458
1.25914
1.26783
1.27354
1.27761
1.27872
1.27562
1.26981
1.26289
1.25486
1.2473
1.24072
1.23539
1.23101
1.22751
1.22462
1.22233
1.22046
1.21913
1.21818
1.21775
1.21773
1.21825
1.21927
1.22089
1.22281
1.22479
1.22702
1.2299
1.23332
1.2373
1.24157
1.24637
1.25132
1.25675
1.26222
1.26817
1.27411
1.28052
1.28688
1.29368
1.30042
1.30754
1.31462
1.32201
1.32943
1.33707
1.3448
1.35267
1.36068
1.36863
1.37675
1.38472
1.39289
1.40087
1.40904
1.41704
1.42517
1.43317
1.4412
1.44921
1.45713
1.46512
1.47289
1.48083
1.4884
1.49622
1.50353
1.51116
1.51814
1.52543
1.53195
1.53871
1.54461
1.55061
1.5556
1.5603
1.56383
1.56657
1.56815
1.56852
1.57003
1.05089
1.08181
1.10613
1.12166
1.12415
1.11666
1.1042
1.08986
1.07763
1.07069
1.06975
1.07952
1.10147
1.13059
1.16044
1.18864
1.21407
1.23665
1.25599
1.2721
1.28427
1.29358
1.29923
1.30331
1.30512
1.30383
1.29987
1.29419
1.28655
1.27892
1.27196
1.26629
1.26157
1.25796
1.25495
1.25275
1.25098
1.24976
1.249
1.24865
1.24883
1.24953
1.25078
1.25251
1.25419
1.25621
1.2587
1.2618
1.26539
1.26936
1.27382
1.27855
1.28376
1.28908
1.29483
1.3006
1.30677
1.31293
1.31945
1.32598
1.33281
1.33971
1.34682
1.35408
1.36148
1.36911
1.37672
1.38452
1.39223
1.40016
1.40792
1.41589
1.42368
1.43164
1.43942
1.44734
1.45513
1.46297
1.47078
1.47852
1.48632
1.49389
1.50163
1.50898
1.51658
1.52362
1.53094
1.53763
1.54448
1.55066
1.55683
1.56232
1.56753
1.5718
1.57541
1.57784
1.57915
1.57933
1.57877
1.58055
1.05099
1.07141
1.08542
1.0899
1.08573
1.07661
1.06581
1.05622
1.0511
1.05136
1.06135
1.0819
1.10844
1.13612
1.16295
1.18856
1.21278
1.23517
1.25555
1.27354
1.28894
1.30147
1.31129
1.31808
1.32261
1.32518
1.32553
1.3235
1.31922
1.31265
1.30562
1.29867
1.29314
1.28839
1.28489
1.28213
1.28004
1.27859
1.27744
1.27692
1.27667
1.27704
1.27799
1.27941
1.28096
1.28269
1.28491
1.28763
1.29097
1.29459
1.2988
1.3032
1.30818
1.31324
1.31884
1.32443
1.33049
1.33652
1.34294
1.34936
1.35609
1.36288
1.36991
1.37708
1.38439
1.39185
1.3993
1.40696
1.41451
1.42231
1.42993
1.43776
1.44544
1.45322
1.46095
1.46864
1.47643
1.48404
1.49182
1.49936
1.50706
1.51449
1.522
1.52927
1.53648
1.5435
1.55027
1.55686
1.56304
1.56894
1.57438
1.57931
1.58353
1.58677
1.58907
1.58985
1.58977
1.58907
1.58739
1.58867
1.0464
1.05516
1.05694
1.05254
1.04439
1.03515
1.02795
1.02439
1.02684
1.03879
1.05967
1.08443
1.11013
1.135
1.15931
1.18262
1.20579
1.22769
1.24889
1.26821
1.286
1.30125
1.31452
1.32492
1.33332
1.33837
1.34191
1.34341
1.34316
1.34059
1.33563
1.32932
1.32325
1.31773
1.31341
1.3098
1.30728
1.30526
1.30395
1.30311
1.30269
1.30288
1.30359
1.30482
1.30631
1.30788
1.30985
1.31231
1.31541
1.31881
1.32276
1.32694
1.33171
1.33658
1.342
1.3474
1.35333
1.35916
1.36546
1.37168
1.37831
1.38494
1.39188
1.39892
1.40606
1.41333
1.42061
1.42807
1.43547
1.44305
1.45055
1.45818
1.46573
1.47335
1.48089
1.48847
1.49598
1.50349
1.51098
1.51837
1.52581
1.53302
1.54032
1.54729
1.55428
1.56089
1.56735
1.57342
1.57906
1.5844
1.58902
1.59306
1.59594
1.59793
1.59828
1.5978
1.5968
1.59474
1.59067
1.59028
1.03504
1.03139
1.0234
1.01364
1.00325
0.996869
0.994214
0.998388
1.01262
1.03488
1.05916
1.08346
1.1071
1.12961
1.15195
1.17383
1.19616
1.21784
1.23944
1.25969
1.279
1.29636
1.31228
1.32579
1.33752
1.34646
1.35333
1.35744
1.3602
1.36124
1.36051
1.35735
1.35247
1.34725
1.34228
1.33801
1.33462
1.33198
1.33026
1.32906
1.32859
1.32854
1.32907
1.33015
1.33165
1.33308
1.33492
1.33703
1.33993
1.34298
1.34676
1.35056
1.35516
1.35969
1.365
1.37015
1.37597
1.38162
1.38782
1.3939
1.40042
1.40694
1.41376
1.42058
1.42756
1.43459
1.44173
1.44894
1.45623
1.46356
1.47095
1.47833
1.48575
1.49315
1.50052
1.50792
1.51521
1.52259
1.52977
1.53706
1.54412
1.55118
1.55807
1.56474
1.5713
1.57741
1.58337
1.58867
1.59377
1.5981
1.60181
1.60435
1.60582
1.60592
1.60515
1.60368
1.60097
1.59592
1.58899
1.58721
1.01697
1.00335
0.987998
0.974091
0.966783
0.964342
0.969658
0.985782
1.00954
1.03428
1.05801
1.08038
1.10185
1.12255
1.14337
1.16427
1.18589
1.2075
1.2292
1.25008
1.27033
1.28929
1.30706
1.3231
1.33753
1.34976
1.3601
1.36786
1.37367
1.37715
1.37965
1.38043
1.37914
1.37592
1.37166
1.36737
1.36325
1.36001
1.35755
1.35587
1.35501
1.35462
1.35493
1.35577
1.35712
1.35852
1.36014
1.36203
1.36455
1.36748
1.37092
1.37464
1.37888
1.38332
1.38826
1.39334
1.39882
1.4044
1.41029
1.41632
1.4226
1.42905
1.4356
1.44228
1.44903
1.45591
1.46285
1.46988
1.477
1.4841
1.49137
1.49851
1.50583
1.51296
1.52026
1.52737
1.53454
1.54161
1.54859
1.55558
1.5623
1.56909
1.57548
1.58187
1.58774
1.59342
1.5985
1.6032
1.60732
1.61052
1.61279
1.61355
1.61333
1.61229
1.61041
1.60653
1.60054
1.59248
1.58422
1.5821
0.992354
0.969538
0.949605
0.940077
0.936967
0.942403
0.959654
0.984887
1.01043
1.0342
1.05611
1.07651
1.09611
1.11555
1.13529
1.15565
1.17666
1.19819
1.21974
1.24109
1.26179
1.28188
1.30084
1.31877
1.33525
1.35015
1.36335
1.37452
1.38375
1.39071
1.39572
1.39889
1.40132
1.40196
1.40044
1.3971
1.39331
1.38967
1.38646
1.3842
1.38254
1.38181
1.3816
1.38214
1.38329
1.38464
1.3862
1.38785
1.3901
1.39278
1.39589
1.39935
1.40318
1.4074
1.41194
1.41685
1.422
1.42746
1.43314
1.43908
1.44521
1.45151
1.45785
1.46439
1.47089
1.47764
1.48428
1.4912
1.49797
1.50498
1.51188
1.51888
1.52588
1.53281
1.53984
1.54665
1.55363
1.56031
1.56713
1.57364
1.58017
1.58641
1.59246
1.59822
1.6035
1.6084
1.61265
1.6165
1.61922
1.62102
1.62126
1.62052
1.61927
1.61661
1.61223
1.60475
1.59609
1.58687
1.57873
1.57706
0.956328
0.93165
0.918144
0.913344
0.917946
0.935789
0.962292
0.988703
1.01283
1.03435
1.05422
1.07293
1.09139
1.10991
1.12907
1.14891
1.16953
1.19069
1.21202
1.23345
1.25441
1.27519
1.29496
1.31432
1.33221
1.34927
1.36456
1.37856
1.39058
1.40095
1.40913
1.41532
1.4199
1.42336
1.4253
1.42555
1.42382
1.42061
1.41742
1.41427
1.41199
1.41026
1.40957
1.40941
1.41014
1.41134
1.41283
1.41427
1.41622
1.41849
1.42139
1.4245
1.42809
1.43197
1.43627
1.44086
1.44582
1.45101
1.45652
1.46225
1.46821
1.47422
1.48043
1.48667
1.49307
1.49952
1.50605
1.5127
1.51929
1.52611
1.53272
1.53961
1.54623
1.55307
1.55969
1.56637
1.57294
1.57938
1.58579
1.59191
1.59799
1.60364
1.60913
1.61404
1.61854
1.62246
1.62579
1.62818
1.62925
1.62916
1.6281
1.62622
1.62311
1.61714
1.60935
1.59975
1.59032
1.58166
1.57484
1.57406
0.914775
0.898829
0.892739
0.896678
0.914925
0.942413
0.969658
0.994005
1.01552
1.0348
1.05289
1.07046
1.08808
1.10612
1.12484
1.14436
1.16458
1.18543
1.20651
1.22781
1.24886
1.2698
1.29017
1.31017
1.32926
1.34764
1.36471
1.38079
1.3952
1.40837
1.41945
1.42912
1.43619
1.4424
1.44671
1.44979
1.45125
1.45115
1.44905
1.44624
1.44316
1.44077
1.4389
1.43805
1.43782
1.43863
1.43984
1.44119
1.44272
1.4447
1.44722
1.45009
1.45331
1.4569
1.46084
1.46517
1.4698
1.47475
1.48004
1.4855
1.4912
1.49695
1.50297
1.50893
1.51522
1.52136
1.52786
1.53415
1.54074
1.54717
1.55374
1.56026
1.56673
1.57325
1.57958
1.586
1.59212
1.59831
1.60415
1.60991
1.61534
1.62039
1.62509
1.62905
1.63268
1.63544
1.63744
1.63783
1.63728
1.63588
1.63362
1.62925
1.62268
1.6137
1.60403
1.5943
1.58548
1.57886
1.57384
1.57419
0.878191
0.871743
0.876397
0.896136
0.925389
0.953483
0.978288
0.99962
1.01853
1.03595
1.05275
1.06963
1.08675
1.10458
1.123
1.14226
1.16204
1.18247
1.2032
1.22419
1.24518
1.26615
1.2869
1.30729
1.32721
1.34639
1.36487
1.38228
1.39869
1.41384
1.42757
1.43982
1.45015
1.45869
1.46557
1.47151
1.47517
1.47746
1.47825
1.47744
1.47521
1.47223
1.46983
1.46765
1.4666
1.46616
1.46681
1.46793
1.46909
1.47054
1.47251
1.47508
1.47798
1.48129
1.48485
1.48889
1.49315
1.4979
1.50282
1.50815
1.5135
1.51919
1.52488
1.53081
1.53678
1.54287
1.54908
1.55526
1.56161
1.56784
1.57423
1.58044
1.58677
1.59291
1.59908
1.60508
1.61094
1.61669
1.62207
1.62733
1.632
1.63637
1.63996
1.64305
1.64548
1.64675
1.64673
1.64564
1.64385
1.64095
1.63538
1.62778
1.61817
1.60841
1.59852
1.59019
1.58334
1.57904
1.57621
1.57731
0.841913
0.850376
0.874754
0.907384
0.937709
0.963339
0.984903
1.00375
1.02095
1.0375
1.05384
1.07051
1.08755
1.1052
1.12344
1.14237
1.16182
1.18184
1.20218
1.22285
1.24362
1.26447
1.28524
1.30577
1.32606
1.34576
1.36506
1.38345
1.40129
1.41782
1.43357
1.44773
1.4607
1.47178
1.48112
1.48886
1.49572
1.50029
1.50303
1.50439
1.50456
1.50305
1.50047
1.4978
1.4954
1.49392
1.49302
1.49338
1.49421
1.49517
1.49654
1.49844
1.50112
1.50406
1.50746
1.51113
1.51521
1.51966
1.52434
1.52938
1.53449
1.54
1.54544
1.55128
1.55701
1.56306
1.56903
1.57518
1.58131
1.58747
1.59365
1.59975
1.60585
1.61179
1.6177
1.62335
1.62886
1.63409
1.63893
1.64349
1.64728
1.65066
1.65314
1.65523
1.65576
1.65532
1.65391
1.65172
1.64753
1.64111
1.63229
1.62268
1.6125
1.60313
1.59492
1.58876
1.58446
1.58229
1.58118
1.58283
0.803054
0.838438
0.880792
0.916672
0.94526
0.968279
0.987746
1.00526
1.02189
1.03834
1.05489
1.07174
1.08898
1.10667
1.1249
1.14362
1.16284
1.18251
1.20252
1.22287
1.24334
1.26398
1.28457
1.30509
1.32542
1.34544
1.3651
1.38418
1.40272
1.42045
1.43735
1.45313
1.46776
1.48094
1.49257
1.5023
1.51074
1.51805
1.52355
1.52668
1.52825
1.52879
1.52819
1.52611
1.52311
1.52057
1.51832
1.51728
1.51692
1.51755
1.51836
1.51955
1.5215
1.52403
1.52723
1.53052
1.53453
1.53855
1.54322
1.54784
1.553
1.55816
1.56367
1.56929
1.57504
1.58096
1.58687
1.59294
1.59896
1.60503
1.61106
1.617
1.62292
1.62859
1.63424
1.63947
1.64464
1.64921
1.65354
1.65709
1.66002
1.66226
1.66374
1.66391
1.66296
1.66145
1.65837
1.65329
1.64554
1.63643
1.62627
1.61632
1.60712
1.59951
1.59375
1.58997
1.58795
1.58739
1.58737
1.58948
0.757743
0.821419
0.873053
0.910977
0.939338
0.962132
0.981978
1.00042
1.0182
1.03581
1.05342
1.07113
1.08901
1.10711
1.12555
1.14431
1.16345
1.1829
1.20272
1.22278
1.243
1.26334
1.28372
1.30408
1.32435
1.3444
1.3642
1.38355
1.40247
1.42069
1.43826
1.45491
1.47066
1.48518
1.49858
1.51043
1.52065
1.52935
1.53704
1.54294
1.54663
1.54829
1.54875
1.54857
1.547
1.54428
1.54149
1.53877
1.5373
1.53643
1.53675
1.53742
1.53847
1.54032
1.54281
1.54614
1.54971
1.55372
1.55801
1.56256
1.56748
1.57256
1.57799
1.58352
1.5893
1.59514
1.60113
1.60716
1.61318
1.61925
1.62516
1.63112
1.6368
1.64243
1.64773
1.65273
1.65738
1.66137
1.66491
1.66739
1.66947
1.6703
1.67026
1.66926
1.66698
1.66323
1.65674
1.64842
1.63878
1.62861
1.6188
1.61007
1.6029
1.59767
1.5944
1.59273
1.59247
1.59283
1.59325
1.59565
0.702053
0.784588
0.842722
0.883499
0.914385
0.940166
0.963277
0.984945
1.00561
1.02565
1.0453
1.06465
1.0838
1.10286
1.12196
1.14116
1.16054
1.18016
1.19997
1.22005
1.24018
1.26034
1.28056
1.30069
1.32077
1.34067
1.36033
1.37967
1.39863
1.41708
1.43499
1.45215
1.46855
1.48396
1.49835
1.51138
1.52318
1.53325
1.54218
1.54988
1.55622
1.56047
1.56284
1.56344
1.56327
1.56223
1.55986
1.55677
1.55403
1.5518
1.55075
1.55054
1.55115
1.55215
1.55382
1.5565
1.55982
1.5637
1.56778
1.57229
1.57698
1.58206
1.58732
1.59289
1.59861
1.60451
1.61054
1.61657
1.62271
1.62873
1.63475
1.64061
1.64624
1.65174
1.65669
1.66143
1.66535
1.66879
1.67112
1.67295
1.67352
1.67326
1.6722
1.66956
1.66437
1.65717
1.64828
1.63845
1.62841
1.61904
1.61078
1.60433
1.59964
1.59687
1.59559
1.59554
1.596
1.59691
1.5979
1.60054
0.646627
0.733491
0.792303
0.835594
0.870925
0.90207
0.930509
0.956933
0.981705
1.00504
1.02728
1.0487
1.06956
1.09003
1.11016
1.13019
1.15012
1.17019
1.19031
1.2106
1.23096
1.25121
1.2714
1.29145
1.31139
1.33114
1.35066
1.36991
1.38881
1.40728
1.42525
1.44261
1.45928
1.47517
1.49016
1.50419
1.5171
1.52882
1.53905
1.54816
1.55616
1.56273
1.56722
1.57003
1.57092
1.5708
1.56996
1.56816
1.56532
1.56233
1.55972
1.55825
1.55774
1.55834
1.55934
1.56097
1.56372
1.56729
1.57144
1.57585
1.58069
1.58573
1.5911
1.59672
1.60253
1.60858
1.61466
1.62091
1.62708
1.63325
1.6393
1.64509
1.65074
1.65583
1.66067
1.66466
1.66805
1.6704
1.67194
1.6725
1.67231
1.67089
1.66721
1.66125
1.65342
1.64419
1.63447
1.62475
1.61594
1.60841
1.60258
1.59853
1.59615
1.59526
1.59538
1.59592
1.59684
1.59857
1.60012
1.60293
0.591622
0.673118
0.729157
0.774375
0.814301
0.85063
0.883976
0.914702
0.943283
0.970086
0.995438
1.01957
1.04272
1.06507
1.08682
1.10814
1.1292
1.15009
1.17089
1.19164
1.21241
1.23299
1.25334
1.27349
1.29339
1.31319
1.33263
1.35195
1.37084
1.38944
1.40747
1.42507
1.44194
1.45828
1.47382
1.4886
1.50253
1.51533
1.52717
1.53744
1.54684
1.55495
1.56202
1.56681
1.57023
1.57146
1.57153
1.57058
1.56908
1.56672
1.56377
1.56101
1.55928
1.5585
1.55901
1.56012
1.5619
1.56453
1.56829
1.57266
1.57761
1.5828
1.58831
1.59403
1.59995
1.60609
1.61227
1.61861
1.62484
1.63108
1.63709
1.64283
1.64825
1.65309
1.65738
1.66074
1.6632
1.66481
1.66549
1.66535
1.6634
1.65886
1.65235
1.64424
1.63512
1.62557
1.61643
1.6082
1.60146
1.5964
1.59295
1.59117
1.59062
1.59097
1.59154
1.59259
1.59411
1.59654
1.59836
1.6013
0.544895
0.615226
0.665483
0.710123
0.752061
0.791148
0.82741
0.861125
0.892664
0.922317
0.950366
0.976972
1.00242
1.02672
1.05039
1.07323
1.09584
1.11783
1.13969
1.16114
1.18244
1.20356
1.22435
1.24488
1.26514
1.28526
1.30509
1.32464
1.34389
1.36259
1.38105
1.39876
1.41622
1.43289
1.44913
1.46459
1.47924
1.49315
1.50581
1.51774
1.52807
1.53777
1.54615
1.55357
1.55878
1.56269
1.56452
1.56491
1.56424
1.56281
1.56114
1.55833
1.55586
1.55376
1.5531
1.5536
1.55508
1.55716
1.55999
1.56395
1.56886
1.57415
1.57986
1.58572
1.59179
1.59803
1.60427
1.61069
1.61686
1.62306
1.62886
1.63433
1.63936
1.64354
1.64708
1.64944
1.65129
1.65204
1.65158
1.6487
1.64365
1.63683
1.62844
1.61952
1.61031
1.60185
1.59441
1.58848
1.58416
1.58141
1.58009
1.57998
1.58059
1.58147
1.5826
1.58452
1.58665
1.58951
1.59155
1.59467
0.514408
0.572398
0.614421
0.654692
0.694571
0.732844
0.769178
0.803617
0.836299
0.867294
0.896815
0.924888
0.951899
0.977681
1.00285
1.02703
1.05082
1.07395
1.09665
1.11906
1.14105
1.16306
1.18466
1.20611
1.22715
1.24801
1.26845
1.28856
1.30827
1.32745
1.34632
1.36454
1.38241
1.39961
1.41631
1.4323
1.44758
1.46229
1.47589
1.48916
1.50089
1.51212
1.52189
1.53108
1.53858
1.54454
1.54872
1.55126
1.55214
1.55192
1.55082
1.54947
1.54759
1.54529
1.54388
1.54337
1.54399
1.54598
1.54843
1.55176
1.55587
1.56104
1.56667
1.57265
1.57876
1.58495
1.59111
1.59732
1.60327
1.60916
1.6145
1.61953
1.62368
1.62713
1.62972
1.63161
1.63217
1.63102
1.62749
1.62201
1.61505
1.60678
1.59808
1.58939
1.58154
1.57491
1.56979
1.56618
1.56409
1.56312
1.56345
1.56428
1.56518
1.56654
1.56831
1.57085
1.57332
1.57637
1.57857
1.58176
0.497902
0.547028
0.581451
0.615149
0.649527
0.683769
0.717232
0.749839
0.781346
0.811813
0.841116
0.869454
0.896797
0.923278
0.948995
0.974087
0.998504
1.02267
1.04621
1.06971
1.09274
1.11569
1.13839
1.16075
1.18269
1.20414
1.22525
1.24577
1.26602
1.28562
1.30502
1.32377
1.34219
1.36013
1.37745
1.39446
1.4107
1.42657
1.44165
1.45601
1.46957
1.48191
1.49345
1.50352
1.51312
1.52092
1.52749
1.53246
1.53597
1.53774
1.53875
1.53871
1.53873
1.53808
1.53675
1.53552
1.535
1.5354
1.53731
1.53958
1.54286
1.54626
1.55121
1.55632
1.56198
1.56756
1.57316
1.57868
1.58393
1.58886
1.5934
1.59716
1.60035
1.60306
1.60443
1.60454
1.60272
1.59859
1.59279
1.58547
1.57741
1.5688
1.5608
1.55348
1.54764
1.54313
1.54017
1.53851
1.53801
1.53861
1.53976
1.54095
1.54247
1.54463
1.54705
1.55012
1.55289
1.55646
1.55888
1.56252
0.488936
0.533785
0.563456
0.591384
0.619573
0.648254
0.677286
0.70607
0.734655
0.762686
0.790179
0.817198
0.843715
0.869771
0.895472
0.920866
0.945851
0.970737
0.995162
1.01939
1.0433
1.06675
1.09012
1.11282
1.13536
1.15719
1.17891
1.20002
1.22097
1.24143
1.26162
1.2814
1.30072
1.31974
1.33806
1.35615
1.37341
1.39024
1.40624
1.42157
1.436
1.44962
1.46237
1.4741
1.48532
1.49554
1.5048
1.51293
1.51963
1.52504
1.52878
1.53072
1.53162
1.53257
1.53213
1.53098
1.52932
1.52832
1.52785
1.52872
1.53035
1.53255
1.53527
1.53867
1.54303
1.54763
1.55235
1.55673
1.56099
1.56453
1.56787
1.57066
1.57245
1.57306
1.57236
1.56932
1.56459
1.55794
1.55039
1.54167
1.53325
1.52502
1.51804
1.51235
1.50821
1.50556
1.50421
1.50409
1.50497
1.50626
1.50802
1.5097
1.51232
1.51513
1.51851
1.52218
1.5258
1.53011
1.53304
1.53745
0.482486
0.526317
0.554623
0.578588
0.602034
0.625889
0.650414
0.67511
0.699839
0.724588
0.749207
0.774041
0.798895
0.823867
0.84902
0.874071
0.899196
0.924035
0.948775
0.973072
0.997202
1.02088
1.04437
1.06758
1.09052
1.1132
1.13553
1.15767
1.17931
1.20085
1.2217
1.24249
1.26243
1.28231
1.30119
1.31999
1.33775
1.35522
1.37195
1.38804
1.40374
1.41867
1.43325
1.44712
1.46052
1.47332
1.48532
1.49629
1.50589
1.51403
1.52009
1.52453
1.5266
1.52706
1.52714
1.52657
1.52446
1.52187
1.51987
1.51871
1.51884
1.51987
1.52153
1.52387
1.52654
1.52979
1.53323
1.53653
1.53942
1.54198
1.54342
1.54382
1.54328
1.54093
1.5365
1.53018
1.5227
1.5138
1.50485
1.49564
1.48766
1.48064
1.47525
1.47152
1.46892
1.46803
1.46802
1.46903
1.47101
1.47294
1.47569
1.47824
1.48196
1.48524
1.48956
1.49318
1.49761
1.50138
1.50476
1.50827
0.47509
0.521127
0.550017
0.571721
0.59193
0.612727
0.633963
0.655466
0.676913
0.698654
0.720731
0.743362
0.766658
0.790299
0.814472
0.838777
0.86316
0.88764
0.911834
0.936107
0.960044
0.983943
1.00765
1.03123
1.05465
1.07783
1.10068
1.12327
1.14544
1.16726
1.18868
1.20957
1.23012
1.24996
1.26954
1.28837
1.30695
1.32491
1.34267
1.3599
1.3771
1.39369
1.41022
1.42606
1.44151
1.45614
1.46994
1.48276
1.49386
1.50356
1.51133
1.51712
1.52116
1.52307
1.52372
1.52394
1.52357
1.52176
1.51892
1.51657
1.51507
1.51407
1.5143
1.51485
1.51577
1.51698
1.51833
1.51933
1.51993
1.5195
1.51869
1.51626
1.51239
1.50647
1.49916
1.49044
1.48088
1.47119
1.46185
1.45373
1.44681
1.44182
1.43809
1.43625
1.43542
1.43555
1.43683
1.43874
1.44117
1.44334
1.4461
1.44884
1.45235
1.45544
1.45916
1.46227
1.46604
1.46899
1.47207
1.47466
0.467503
0.51688
0.546528
0.567021
0.585333
0.604305
0.623776
0.643396
0.663142
0.683156
0.703865
0.72523
0.747395
0.770152
0.793276
0.816837
0.840389
0.864243
0.887961
0.911819
0.935572
0.959316
0.982961
1.00653
1.02991
1.05311
1.07592
1.09853
1.12061
1.14245
1.16376
1.18468
1.20514
1.22518
1.24483
1.26419
1.28324
1.30217
1.32085
1.33947
1.35782
1.37591
1.39363
1.41078
1.4272
1.44298
1.45749
1.47137
1.48367
1.49513
1.505
1.51325
1.51984
1.52421
1.52667
1.52758
1.528
1.52767
1.52547
1.5221
1.51858
1.51545
1.51307
1.51117
1.5096
1.50816
1.50678
1.50519
1.50277
1.49961
1.49553
1.49026
1.4829
1.47464
1.46469
1.45456
1.44406
1.43452
1.426
1.41918
1.41404
1.41036
1.40837
1.40729
1.40716
1.4076
1.40916
1.41086
1.41263
1.41433
1.41655
1.41884
1.42163
1.42424
1.42737
1.43017
1.43352
1.43631
1.43909
1.4414
0.460667
0.512641
0.542934
0.562532
0.579758
0.597756
0.616535
0.635633
0.654966
0.674755
0.695158
0.716304
0.738032
0.760372
0.78306
0.806025
0.829189
0.852386
0.875738
0.898992
0.922328
0.945544
0.968727
0.991852
1.01479
1.03765
1.06012
1.08242
1.10428
1.12577
1.14693
1.16759
1.18806
1.20813
1.22809
1.24788
1.26758
1.28723
1.30677
1.32613
1.34533
1.36408
1.38254
1.40027
1.41747
1.43388
1.44961
1.46456
1.47864
1.49149
1.50342
1.51343
1.52237
1.52886
1.5337
1.53586
1.53658
1.53677
1.53581
1.53248
1.52758
1.52247
1.5173
1.51281
1.50828
1.50413
1.49963
1.49523
1.48953
1.48372
1.47606
1.46767
1.45755
1.44688
1.43557
1.42454
1.41428
1.40526
1.39799
1.39216
1.38808
1.38523
1.38357
1.38265
1.38247
1.38277
1.38388
1.38505
1.38628
1.38767
1.38946
1.39159
1.39404
1.39652
1.39933
1.40205
1.40503
1.40769
1.41003
1.41216
0.45511
0.50862
0.539042
0.55767
0.574044
0.591528
0.610255
0.629728
0.649617
0.670045
0.690982
0.71248
0.734428
0.756695
0.779265
0.80194
0.824816
0.847615
0.870509
0.893195
0.915954
0.938519
0.961147
0.983654
1.00615
1.02845
1.0506
1.07237
1.09397
1.11504
1.13601
1.15655
1.17703
1.19734
1.21759
1.23787
1.25805
1.27826
1.29828
1.31818
1.33774
1.35704
1.37587
1.39427
1.41215
1.42934
1.44609
1.46177
1.4772
1.49101
1.50449
1.51608
1.52659
1.53523
1.54178
1.54614
1.54761
1.54809
1.54772
1.54559
1.54049
1.53381
1.52636
1.51894
1.51143
1.50429
1.49655
1.48886
1.48005
1.47089
1.45998
1.4487
1.43623
1.424
1.41196
1.40085
1.39132
1.38309
1.37684
1.37187
1.36839
1.36592
1.3644
1.3635
1.36322
1.36342
1.36426
1.36511
1.36604
1.36726
1.36893
1.37094
1.3731
1.3754
1.37789
1.38044
1.383
1.38535
1.38733
1.3893
0.451463
0.50525
0.534866
0.552379
0.567836
0.585099
0.604209
0.624533
0.645467
0.666876
0.688655
0.710709
0.733035
0.755453
0.778059
0.800645
0.823294
0.845792
0.868287
0.890515
0.912759
0.934769
0.956868
0.978784
1.00079
1.02249
1.04422
1.06547
1.08674
1.10756
1.12839
1.14906
1.16967
1.19039
1.21101
1.23176
1.25242
1.27299
1.29346
1.31367
1.3336
1.3533
1.37243
1.39142
1.40962
1.42763
1.44471
1.46152
1.47723
1.49255
1.5065
1.51977
1.53124
1.54174
1.54962
1.55615
1.55907
1.56004
1.55979
1.55849
1.55433
1.54732
1.53824
1.52828
1.51778
1.50721
1.49615
1.48486
1.47267
1.46004
1.44636
1.4327
1.41873
1.40585
1.39379
1.3835
1.3749
1.3678
1.36251
1.35829
1.35531
1.35317
1.35176
1.35091
1.35066
1.35082
1.35154
1.35221
1.35298
1.35412
1.35569
1.35745
1.35931
1.36132
1.36349
1.36569
1.36792
1.37001
1.37179
1.37359
0.44973
0.502413
0.530599
0.546819
0.561486
0.578609
0.59846
0.619744
0.64189
0.66426
0.686928
0.709515
0.732223
0.754844
0.777479
0.800055
0.822487
0.844823
0.86691
0.888891
0.910663
0.932376
0.953964
0.975445
0.996868
1.01804
1.0392
1.06007
1.08096
1.10176
1.12253
1.14353
1.16437
1.18559
1.2066
1.22776
1.24886
1.26965
1.29056
1.31083
1.33127
1.35095
1.37069
1.38971
1.40857
1.42681
1.44458
1.46177
1.47824
1.49411
1.50889
1.52307
1.53547
1.54721
1.55646
1.56424
1.56918
1.57095
1.57102
1.5698
1.56697
1.56009
1.5503
1.53842
1.52533
1.51138
1.49682
1.48183
1.46622
1.45047
1.43458
1.41941
1.40501
1.39235
1.3811
1.37201
1.36444
1.35853
1.35397
1.35046
1.34788
1.34606
1.34477
1.34403
1.34379
1.34404
1.3446
1.34512
1.34583
1.34691
1.34833
1.34987
1.35151
1.35328
1.3552
1.35716
1.35909
1.36084
1.36253
1.36426
0.448207
0.499627
0.52634
0.54147
0.555409
0.572533
0.59328
0.615575
0.638759
0.662027
0.685441
0.708548
0.73153
0.754359
0.777
0.799622
0.821832
0.844071
0.865749
0.887615
0.908911
0.93048
0.951519
0.972722
0.993486
1.01431
1.03484
1.05553
1.07607
1.09703
1.11783
1.13922
1.16039
1.18203
1.2034
1.22495
1.24625
1.26739
1.28837
1.30897
1.32949
1.34943
1.36948
1.3886
1.40805
1.42628
1.44478
1.4621
1.47928
1.49546
1.51102
1.52553
1.53903
1.55114
1.56171
1.57026
1.57678
1.5795
1.58003
1.57895
1.57671
1.57068
1.56086
1.5478
1.53253
1.51559
1.49758
1.47899
1.46025
1.44198
1.4246
1.40875
1.39466
1.38272
1.37262
1.36468
1.35814
1.35317
1.34924
1.34627
1.34408
1.34244
1.34133
1.34074
1.34057
1.34091
1.34141
1.34187
1.34256
1.34361
1.34489
1.34626
1.34772
1.3493
1.35099
1.3526
1.35435
1.35598
1.35759
1.35925
0.447326
0.49742
0.523053
0.537144
0.550553
0.567758
0.589319
0.61256
0.636445
0.660449
0.684316
0.707884
0.731086
0.754044
0.776704
0.79928
0.82148
0.84353
0.865041
0.886591
0.907627
0.92892
0.949661
0.970556
0.990921
1.01139
1.03154
1.05202
1.0724
1.09342
1.11437
1.136
1.15751
1.17942
1.20116
1.22291
1.24443
1.26581
1.28682
1.30772
1.32819
1.3485
1.36851
1.38801
1.40756
1.42605
1.44488
1.46232
1.47994
1.49629
1.51228
1.52711
1.54116
1.55359
1.56506
1.57406
1.58164
1.58524
1.58638
1.58555
1.58324
1.57815
1.56842
1.55494
1.53827
1.519
1.49812
1.47654
1.45529
1.43526
1.41705
1.40114
1.38765
1.37656
1.36749
1.36039
1.35463
1.35024
1.34679
1.34416
1.34219
1.34073
1.33979
1.33927
1.33921
1.33958
1.3401
1.34051
1.34117
1.34219
1.3434
1.34468
1.34605
1.34747
1.34901
1.35043
1.35206
1.35358
1.35514
1.35675
0.446669
0.496019
0.520944
0.534339
0.547431
0.564699
0.586826
0.610742
0.635133
0.659629
0.683787
0.707623
0.730993
0.754034
0.776678
0.799171
0.821333
0.843249
0.864657
0.885961
0.906821
0.927893
0.948478
0.969206
0.989374
1.00966
1.02961
1.04996
1.07027
1.09128
1.11232
1.13407
1.15577
1.17782
1.19978
1.22167
1.24336
1.26488
1.28598
1.30705
1.32756
1.34807
1.36807
1.38783
1.40736
1.4261
1.44496
1.46257
1.48034
1.49676
1.51298
1.52791
1.5422
1.55481
1.56669
1.57589
1.58404
1.58817
1.58967
1.58892
1.58668
1.58216
1.57251
1.55882
1.54138
1.52082
1.49829
1.47499
1.4523
1.43131
1.41275
1.39696
1.38393
1.37339
1.36491
1.35828
1.35294
1.34886
1.34565
1.34324
1.34136
1.34
1.33915
1.33867
1.33866
1.33904
1.33957
1.33997
1.34062
1.34163
1.34281
1.34406
1.34538
1.34673
1.3482
1.34955
1.35112
1.3526
1.35414
1.35573
)
;

boundaryField
{
    inlet
    {
        type            calculated;
        value           uniform 3.00001;
    }
    outlet
    {
        type            calculated;
        value           nonuniform List<scalar> 
40
(
0.996741
1.09489
1.18899
1.27667
1.34897
1.40766
1.45523
1.49866
1.52996
1.54984
1.57003
1.58055
1.58867
1.59028
1.58721
1.5821
1.57706
1.57406
1.57419
1.57731
1.58283
1.58948
1.59565
1.60054
1.60293
1.6013
1.59467
1.58176
1.56252
1.53745
1.50827
1.47466
1.4414
1.41216
1.3893
1.37359
1.36426
1.35925
1.35675
1.35573
)
;
    }
    bottom
    {
        type            symmetryPlane;
    }
    top
    {
        type            symmetryPlane;
    }
    obstacle
    {
        type            calculated;
        value           uniform 0;
    }
    defaultFaces
    {
        type            empty;
    }
}


// ************************************************************************* //
