/*--------------------------------*- C++ -*----------------------------------*\
  =========                 |
  \\      /  F ield         | OpenFOAM: The Open Source CFD Toolbox
   \\    /   O peration     | Website:  https://openfoam.org
    \\  /    A nd           | Version:  9
     \\/     M anipulation  |
\*---------------------------------------------------------------------------*/
FoamFile
{
    format      ascii;
    class       volScalarField;
    location    "0.007";
    object      rho;
}
// * * * * * * * * * * * * * * * * * * * * * * * * * * * * * * * * * * * * * //

dimensions      [1 -3 0 0 0 0 0];

internalField   nonuniform List<scalar> 
10000
(
0.997574
0.997574
0.997574
0.997574
0.997574
0.997574
0.997574
0.997574
0.997574
0.997574
0.997574
0.997574
0.997574
0.997574
0.997574
0.997574
0.997574
0.997574
0.997574
0.997574
0.997574
0.997574
0.997574
0.997574
0.997574
0.997574
0.997574
0.997574
0.997574
0.997574
0.997574
0.997574
0.997574
0.997574
0.997574
0.997574
0.997574
0.997574
0.997574
0.997574
0.997574
0.997574
0.997574
0.997574
0.997574
0.997574
0.997574
0.997574
0.997574
0.997574
0.997574
0.997574
0.997574
0.997574
0.997574
0.997574
0.997574
0.997574
0.997574
0.997574
0.997574
0.997574
0.997574
0.997574
0.997574
0.997574
0.997574
0.997574
0.997574
0.997574
0.997574
0.997574
0.997574
0.997574
0.997574
0.997574
0.997574
0.997574
0.997574
0.997574
0.997574
0.997574
0.997574
0.997574
0.997574
0.997574
0.997574
0.997574
0.997574
0.997574
0.997574
0.997574
0.997574
0.997574
0.997574
0.997574
0.997574
0.997574
0.997574
0.997574
0.997574
0.997574
0.997574
0.997574
0.997574
0.997574
0.997574
0.997574
0.997574
0.997574
0.997574
0.997574
0.997574
0.997574
0.997574
0.997574
0.997574
0.997574
0.997574
0.997574
0.997574
0.997574
0.997574
0.997574
0.997574
0.997574
0.997574
0.997574
0.997574
0.997574
0.997574
0.997574
0.997574
0.997574
0.997574
0.997574
0.997574
0.997574
0.997574
0.997574
0.997574
0.997574
0.997574
0.997574
0.997574
0.997574
0.997574
0.997574
0.997574
0.997574
0.997574
0.997574
0.997574
0.997574
0.997574
0.997574
0.997574
0.997574
0.997574
0.997574
0.997574
0.997574
0.997574
0.997574
0.997574
0.997574
0.997574
0.997574
0.997574
0.997574
0.997574
0.997574
0.997574
0.997574
0.997574
0.997574
0.997574
0.997574
0.997574
0.997574
0.997574
0.997574
0.997574
0.997574
0.997574
0.997574
0.997574
0.997574
0.997574
0.997574
0.997574
0.997574
0.997574
0.997574
0.997574
0.997574
0.997574
0.997574
0.997574
0.997574
0.997574
0.997574
0.997574
0.997574
0.997574
0.997574
0.997574
0.997574
0.997574
0.997574
0.997574
0.997574
0.997574
0.997574
0.997574
0.997574
0.997574
0.997574
0.997574
0.997574
0.997574
0.997574
0.997574
0.997574
0.997574
0.997574
0.997574
0.997574
0.997574
0.997574
0.997574
0.997574
0.997574
0.997574
0.997574
0.997574
0.997574
0.997574
0.997574
0.997574
0.997574
0.997574
0.997574
0.997574
0.997574
0.997574
0.997574
0.997574
0.997574
0.997574
0.997574
0.997574
0.997574
0.997574
0.997574
0.997574
0.997574
0.997574
0.997574
0.997574
0.997574
0.997574
0.997574
0.997574
0.997574
0.997574
0.997574
0.997574
0.997574
0.997574
0.997574
0.997574
0.997574
0.997574
0.997574
0.997574
0.997574
0.997574
0.997574
0.997574
0.997574
0.997574
0.997574
0.997574
0.997574
0.997574
0.997574
0.997574
0.997574
0.997574
0.997574
0.997574
0.997574
0.997574
0.997574
0.997574
0.997574
0.997574
0.997574
0.997574
0.997574
0.997574
0.997574
0.997574
0.997574
0.997574
0.997574
0.997574
0.997574
0.997574
0.997574
0.997574
0.997574
0.997574
0.997574
0.997574
0.997574
0.997574
0.997574
0.997574
0.997574
0.997574
0.997574
0.997574
0.997574
0.997574
0.997574
0.997574
0.997574
0.997574
0.997574
0.997574
0.997574
0.997574
0.997574
0.997574
0.997574
0.997574
0.997574
0.997574
0.997574
0.997574
0.997574
0.997574
0.997574
0.997574
0.997574
0.997574
0.997574
0.997574
0.997574
0.997574
0.997574
0.997574
0.997574
0.997574
0.997574
0.997574
0.997574
0.997574
0.997574
0.997574
0.997574
0.997574
0.997574
0.997574
0.997574
0.997574
0.997574
0.997574
0.997574
0.997574
0.997574
0.997574
0.997574
0.997574
0.997574
0.997574
0.997574
0.997574
0.997574
0.997574
0.997574
0.997574
0.997574
0.997574
0.997574
0.997574
0.997574
0.997574
0.997574
0.997574
0.997574
0.997574
0.997574
0.997574
0.997574
0.997574
0.997574
0.997574
0.997574
0.997574
0.997574
0.997574
0.997574
0.997574
0.997574
0.997574
0.997574
0.997574
0.997574
0.997574
0.997574
0.997574
0.997574
0.997574
0.997574
0.997574
0.997574
0.997574
0.997574
0.997574
0.997574
0.997574
0.997574
0.997574
0.997574
0.997574
0.997574
0.997574
0.997574
0.997574
0.997574
0.997574
0.997574
0.997574
0.997574
0.997574
0.997574
0.997574
0.997574
0.997574
0.997574
0.997574
0.997574
0.997574
0.997574
0.997574
0.997574
0.997574
0.997574
0.997574
0.997574
0.997574
0.997574
0.997574
0.997574
0.997574
0.997574
0.997574
0.997574
0.997574
0.997574
0.997574
0.997574
0.997574
0.997574
0.997574
0.997574
0.997574
0.997574
0.997574
0.997574
0.997574
0.997574
0.997574
0.997574
0.997574
0.997574
0.997574
0.997574
0.997574
0.997574
0.997574
0.997574
0.997574
0.997574
0.997574
0.997574
0.997574
0.997574
0.997574
0.997574
0.997574
0.997574
0.997574
0.997574
0.997574
0.997574
0.997574
0.997574
0.997574
0.997574
0.997574
0.997574
0.997574
0.997574
0.997574
0.997574
0.997574
0.997574
0.997574
0.997574
0.997574
0.997574
0.997574
0.997574
0.997574
0.997574
0.997574
0.997574
0.997574
0.997574
0.997574
0.997574
0.997574
0.997574
0.997574
0.997574
0.997574
0.997574
0.997574
0.997574
0.997574
0.997574
0.997574
0.997574
0.997574
0.997574
0.997574
0.997574
0.997574
0.997574
0.997574
0.997574
0.997574
0.997574
0.997574
0.997574
0.997574
0.997574
0.997574
0.997574
0.997574
0.997574
0.997574
0.997574
0.997574
0.997574
0.997574
0.997574
0.997574
0.997574
0.997574
0.997574
0.997574
0.997574
0.997574
0.997574
0.997574
0.997574
0.997574
0.997574
0.997574
0.997574
0.997574
0.997574
0.997574
0.997574
0.997574
0.997574
0.997574
0.997574
0.997574
0.997574
0.997574
0.997574
0.997574
0.997574
0.997574
0.997574
0.997574
0.997574
0.997574
0.997574
0.997574
0.997574
0.997574
0.997574
0.997574
0.997574
0.997574
0.997574
0.997574
0.997574
0.997574
0.997574
0.997574
0.997574
0.997574
0.997574
0.997574
0.997574
0.997574
0.997574
0.997574
0.997574
0.997574
0.997574
0.997574
0.997574
0.997574
0.997574
0.997574
0.997574
0.997574
0.997574
0.997574
0.997574
0.997574
0.997574
0.997574
0.997574
0.997574
0.997574
0.997574
0.997574
0.997574
0.997574
0.997574
0.997574
0.997574
0.997574
0.997574
0.997574
0.997574
0.997574
0.997574
0.997574
0.997574
0.997574
0.997574
0.997574
0.997574
0.997574
0.997574
0.997574
0.997574
0.997574
0.997574
0.997574
0.997574
0.997574
0.997574
0.997574
0.997574
0.997574
0.997574
0.997574
0.997574
0.997574
0.997574
0.997574
0.997574
0.997574
0.997574
0.997574
0.997574
0.997574
0.997574
0.997574
0.997574
0.997574
0.997574
0.997574
0.997574
0.997574
0.997574
0.997574
0.997574
0.997574
0.997574
0.997574
0.997574
0.997574
0.997574
0.997574
0.997574
0.997574
0.997574
0.997574
0.997574
0.997574
0.997574
0.997574
0.997574
0.997574
0.997574
0.997574
0.997574
0.997574
0.997574
0.997574
0.997574
0.997574
0.997574
0.997574
0.997574
0.997574
0.997574
0.997574
0.997574
0.997574
0.997574
0.997574
0.997574
0.997574
0.997574
0.997574
0.997574
0.997574
0.997574
0.997574
0.997574
0.997574
0.997574
0.997574
0.997574
0.997574
0.997574
0.997574
0.997574
0.997574
0.997574
0.997574
0.997574
0.997574
0.997574
0.997574
0.997574
0.997574
0.997574
0.997574
0.997574
0.997574
0.997574
0.997574
0.997574
0.997574
0.997574
0.997574
0.997574
0.997574
0.997574
0.997574
0.997574
0.997574
0.997574
0.997574
0.997574
0.997574
0.997574
0.997574
0.997574
0.997574
0.997574
0.997574
0.997574
0.997574
0.997574
0.997574
0.997574
0.997574
0.997574
0.997574
0.997574
0.997574
0.997574
0.997574
0.997574
0.997574
0.997574
0.997574
0.997574
0.997574
0.997574
0.997574
0.997574
0.997574
0.997574
0.997574
0.997574
0.997574
0.997574
0.997574
0.997574
0.997574
0.997574
0.997574
0.997574
0.997574
0.997574
0.997574
0.997574
0.997574
0.997574
0.997574
0.997574
0.997574
0.997574
0.997574
0.997574
0.997574
0.997574
0.997574
0.997574
0.997574
0.997574
0.997574
0.997574
0.997574
0.997574
0.997574
0.997574
0.997574
0.997574
0.997574
0.997574
0.997574
0.997574
0.997574
0.997574
0.997574
0.997574
0.997574
0.997574
0.997574
0.997574
0.997574
0.997574
0.997574
0.997574
0.997574
0.997574
0.997574
0.997574
0.997574
0.997574
0.997574
0.997574
0.997574
0.997574
0.997574
0.997574
0.997574
0.997574
0.997574
0.997574
0.997574
0.997574
0.997574
0.997574
0.997574
0.997574
0.997574
0.997574
0.997574
0.997574
0.997574
0.997574
0.997574
0.997574
0.997574
0.997574
0.997574
0.997574
0.997574
0.997574
0.997574
0.997574
0.997574
0.997574
0.997574
0.997574
0.997574
0.997574
0.997574
0.997574
0.997574
0.997574
0.997574
0.997574
0.997574
0.997574
0.997574
0.997574
0.997574
0.997574
0.997574
0.997574
0.997574
0.997574
0.997574
0.997574
0.997574
0.997574
0.997574
0.997574
0.997574
0.997574
0.997574
0.997574
0.997574
0.997574
0.997574
0.997574
0.997574
0.997574
0.997574
0.997574
0.997574
0.997574
0.997574
0.997574
0.997574
0.997574
0.997574
0.997574
0.997574
0.997574
0.997574
0.997574
0.997574
0.997574
0.997574
0.997574
0.997574
0.997574
0.997574
0.997574
0.997574
0.997574
0.997574
0.997574
0.997574
0.997574
0.997574
0.997574
0.997574
0.997574
0.997574
0.997574
0.997574
0.997574
0.997574
0.997574
0.997574
0.997574
0.997574
0.997574
0.997574
0.997574
0.997574
0.997574
0.997574
0.997574
0.997574
0.997574
0.997574
0.997574
0.997574
0.997574
0.997574
0.997574
0.997574
0.997574
0.997574
0.997574
0.997574
0.997574
0.997574
0.997574
0.997574
0.997574
0.997574
0.997574
0.997574
0.997574
0.997574
0.997574
0.997574
0.997574
0.997574
0.997574
0.997574
0.997574
0.997574
0.997574
0.997574
0.997574
0.997574
0.997574
0.997574
0.997574
0.997574
0.997574
0.997574
0.997574
0.997574
0.997574
0.997574
0.997574
0.997574
0.997574
0.997574
0.997574
0.997574
0.997574
0.997574
0.997574
0.997574
0.997574
0.997574
0.997574
0.997574
0.997574
0.997574
0.997574
0.997574
0.997574
0.997574
0.997574
0.997574
0.997574
0.997574
0.997574
0.997574
0.997574
0.997574
0.997574
0.997574
0.997574
0.997574
0.997574
0.997574
0.997574
0.997574
0.997574
0.997574
0.997574
0.997574
0.997574
0.997574
0.997574
0.997574
0.997574
0.997574
0.997574
0.997574
0.997574
0.997574
0.997574
0.997574
0.997574
0.997574
0.997574
0.997574
0.997574
0.997574
0.997574
0.997574
0.997574
0.997574
0.997574
0.997574
0.997574
0.997574
0.997574
0.997574
0.997574
0.997574
0.997574
0.997574
0.997574
0.997574
0.997574
0.997574
0.997574
0.997574
0.997574
0.997574
0.997574
0.997574
0.997574
0.997574
0.997574
0.997574
0.997574
0.997574
0.997574
0.997574
0.997574
0.997574
0.997574
0.997574
0.997574
0.997574
0.997574
0.997574
0.997574
0.997574
0.997574
0.997574
0.997574
0.997574
0.997574
0.997574
0.997574
0.997574
0.997574
0.997574
0.997574
0.997574
0.997574
0.997574
0.997574
0.997574
0.997574
0.997574
0.997574
0.997574
0.997574
0.997574
0.997574
0.997574
0.997574
0.997574
0.997574
0.997574
0.997574
0.997574
0.997574
0.997574
0.997574
0.997574
0.997574
0.997574
0.997574
0.997574
0.997574
0.997574
0.997574
0.997574
0.997574
0.997574
0.997574
0.997574
0.997574
0.997574
0.997574
0.997574
0.997574
0.997574
0.997574
0.997574
0.997574
0.997574
0.997574
0.997574
0.997574
0.997574
0.997574
0.997574
0.997574
0.997574
0.997574
0.997574
0.997574
0.997574
0.997574
0.997574
0.997574
0.997574
0.997574
0.997574
0.997574
0.997574
0.997574
0.997574
0.997574
0.997574
0.997574
0.997574
0.997574
0.997574
0.997574
0.997574
0.997574
0.997574
0.997574
0.997574
0.997574
0.997574
0.997574
0.997574
0.997574
0.997574
0.997574
0.997574
0.997574
0.997574
0.997574
0.997574
0.997574
0.997574
0.997574
0.997574
0.997574
0.997574
0.997574
0.997574
0.997574
0.997574
0.997574
0.997574
0.997574
0.997574
0.997574
0.997574
0.997574
0.997574
0.997574
0.997574
0.997574
0.997574
0.997574
0.997574
0.997574
0.997574
0.997574
0.997574
0.997574
0.997574
0.997574
0.997574
0.997574
0.997574
0.997574
0.997574
0.997574
0.997574
0.997574
0.997574
0.997574
0.997574
0.997574
0.997574
0.997574
0.997574
0.997574
0.997574
0.997574
0.997574
0.997574
0.997574
0.997574
0.997574
0.997574
0.997574
0.997574
0.997574
0.997574
0.997574
0.997574
0.997574
0.997574
0.997574
0.997574
0.997574
0.997574
0.997574
0.997574
0.997574
0.997574
0.997574
0.997574
0.997574
0.997574
0.997574
0.997574
0.997574
0.997574
0.997574
0.997574
0.997574
0.997574
0.997574
0.997574
0.997574
0.997574
0.997574
0.997574
0.997574
0.997574
0.997574
0.997574
0.997574
0.997574
0.997574
0.997574
0.997574
0.997574
0.997574
0.997574
0.997574
0.997574
0.997574
0.997574
0.997574
0.997574
0.997574
0.997574
0.997574
0.997574
0.997574
0.997574
0.997574
0.997574
0.997574
0.997574
0.997574
0.997574
0.997574
0.997574
0.997574
0.997574
0.997574
0.997574
0.997574
0.997574
0.997574
0.997574
0.997574
0.997574
0.997574
0.997574
0.997574
0.997574
0.997574
0.997574
0.997574
0.997574
0.997574
0.997574
0.997574
0.997574
0.997574
0.997574
0.997574
0.997574
0.997574
0.997574
0.997574
0.997574
0.997574
0.997574
0.997574
0.997574
0.997574
0.997574
0.997574
0.997574
0.997574
0.997574
0.997574
0.997574
0.997574
0.997574
0.997574
0.997574
0.997574
0.997574
0.997574
0.997574
0.997574
0.997574
0.997574
0.997574
0.997574
0.997574
0.997574
0.997574
0.997574
0.997574
0.997574
0.997574
0.997574
0.997574
0.997574
0.997574
0.997574
0.997574
0.997574
0.997574
0.997574
0.997574
0.997574
0.997574
0.997574
0.997574
0.997574
0.997574
0.997574
0.997574
0.997574
0.997574
0.997574
0.997574
0.997574
0.997574
0.997574
0.997574
0.997574
0.997574
0.997574
0.997574
0.997574
0.997574
0.997574
0.997574
0.997574
0.997574
0.997574
0.997574
0.997574
0.997574
0.997574
0.997574
0.997574
0.997574
0.997574
0.997574
0.997574
0.997574
0.997574
0.997574
0.997574
0.997574
0.997574
0.997574
0.997574
0.997574
0.997574
0.997574
0.997574
0.997574
0.997574
0.997574
0.997574
0.997574
0.997574
0.997574
0.997574
0.997574
0.997574
0.997574
0.997574
0.997574
0.997574
0.997574
0.997574
0.997574
0.997574
0.997574
0.997574
0.997574
0.997574
0.997574
0.997574
0.997574
0.997574
0.997574
0.997574
0.997574
0.997574
0.997574
0.997574
0.997574
0.997574
0.997574
0.997574
0.997574
0.997574
0.997574
0.997574
0.997574
0.997574
0.997574
0.997574
0.997574
0.997574
0.997574
0.997574
0.997574
0.997574
0.997574
0.997574
0.997574
0.997574
0.997574
0.997574
0.997574
0.997574
0.997574
0.997574
0.997574
0.997574
0.997574
0.997574
0.997574
0.997574
0.997574
0.997574
0.997574
0.997574
0.997574
0.997574
0.997574
0.997574
0.997574
0.997574
0.997574
0.997574
0.997574
0.997574
0.997574
0.997574
0.997574
0.997574
0.997574
0.997574
0.997574
0.997574
0.997574
0.997574
0.997574
0.997574
0.997574
0.997574
0.997574
0.997574
0.997574
0.997574
0.997574
0.997574
0.997574
0.997574
0.997574
0.997574
0.997574
0.997574
0.997574
0.997574
0.997574
0.997574
0.997574
0.997574
0.997574
0.997574
0.997574
0.997574
0.997574
0.997574
0.997574
0.997574
0.997574
0.997574
0.997574
0.997574
0.997574
0.997574
0.997574
0.997574
0.997574
0.997574
0.997574
0.997574
0.997574
0.997574
0.997574
0.997574
0.997574
0.997574
0.997574
0.997574
0.997574
0.997574
0.997574
0.997574
0.997574
0.997574
0.997574
0.997574
0.997574
0.997574
0.997574
0.997574
0.997574
0.997574
0.997574
0.997574
0.997574
0.997574
0.997574
0.997574
0.997574
0.997574
0.997574
0.997574
0.997574
0.997574
0.997574
0.997574
0.997574
0.997574
0.997574
0.997574
0.997574
0.997574
0.997574
0.997574
0.997574
0.997574
0.997574
0.997574
0.997574
0.997574
0.997574
0.997574
0.997574
0.997574
0.997574
0.997574
0.997574
0.997574
0.997574
0.997574
0.997574
0.997574
0.997574
0.997574
0.997574
0.997574
0.997574
0.997574
0.997574
0.997574
0.997574
0.997574
0.997574
0.997574
0.997574
0.997574
0.997574
0.997574
0.997574
0.997574
0.997574
0.997574
0.997574
0.997574
0.997574
0.997574
0.997574
0.997574
0.997574
0.997574
0.997574
0.997574
0.997574
0.997574
0.997574
0.997574
0.997574
0.997574
0.997574
0.997574
0.997574
0.997574
0.997574
0.997574
0.997574
0.997574
0.997574
0.997574
0.997574
0.997574
0.997574
0.997574
0.997574
0.997574
0.997574
0.997574
0.997574
0.997574
0.997574
0.997574
0.997574
0.997574
0.997574
0.997574
0.997574
0.997574
0.997574
0.997574
0.997574
0.997574
0.997574
0.997574
0.997574
0.997574
0.997574
0.997574
0.997574
0.997574
0.997574
0.997574
0.997574
0.997574
0.997574
0.997574
0.997574
0.997574
0.997574
0.997574
0.997574
0.997574
0.997574
0.997574
0.997574
0.997574
0.997574
0.997574
0.997574
0.997574
0.997574
0.997574
0.997574
0.997574
0.997574
0.997574
0.997574
0.997574
0.997574
0.997574
0.997574
0.997574
0.997574
0.997574
0.997574
0.997574
0.997574
0.997574
0.997574
0.997574
0.997574
0.997574
0.997574
0.997574
0.997574
0.997574
0.997574
0.997574
0.997574
0.997574
0.997574
0.997574
0.997574
0.997574
0.997574
0.997574
0.997574
0.997574
0.997574
0.997574
0.997574
0.997574
0.997574
0.997574
0.997574
0.997574
0.997574
0.997574
0.997574
0.997574
0.997574
0.997574
0.997574
0.997574
0.997574
0.997574
0.997574
0.997574
0.997574
0.997574
0.997574
0.997574
0.997574
0.997574
0.997574
0.997574
0.997574
0.997574
0.997574
0.997574
0.997574
0.997574
0.997574
0.997574
0.997574
0.997574
0.997574
0.997574
0.997574
0.997574
0.997574
0.997574
0.997574
0.997574
0.997574
0.997574
0.997574
0.997574
0.997574
0.997574
0.997574
0.997574
0.997574
0.997574
0.997574
0.997574
0.997574
0.997574
0.997574
0.997574
0.997574
0.997574
0.997574
0.997574
0.997574
0.997574
0.997574
0.997574
0.997574
0.997574
0.997574
0.997574
0.997574
0.997574
0.997574
0.997574
0.997574
0.997574
0.997574
0.997574
0.997574
0.997574
0.997574
0.997574
0.997574
0.997574
0.997574
0.997574
0.997574
0.997574
0.997574
0.997574
0.997574
0.997574
0.997574
0.997574
0.997574
0.997574
0.997574
0.997574
0.997574
0.997574
0.997574
0.997574
0.997574
0.997574
0.997574
0.997574
0.997574
0.997574
0.997574
0.997574
0.997574
0.997574
0.997574
0.997574
0.997574
0.997574
0.997574
0.997574
0.997574
0.997574
0.997574
0.997574
0.997574
0.997574
0.997574
0.997574
0.997574
0.997574
0.997574
0.997574
0.997574
0.997574
0.997574
0.997574
0.997574
0.997574
0.997574
0.997574
0.997574
0.997574
0.997574
0.997574
0.997574
0.997574
0.997574
0.997574
0.997574
0.997574
0.997574
0.997574
0.997574
0.997574
0.997574
0.997574
0.997574
0.997574
0.997574
0.997574
0.997574
0.997574
0.997574
0.997574
0.997574
0.997574
0.997574
0.997574
0.997574
0.997574
0.997574
0.997574
0.997574
0.997574
0.997574
0.997574
0.997574
0.997574
0.997574
0.997574
0.997574
0.997574
0.997574
0.997574
0.997574
0.997574
0.997574
0.997574
0.997574
0.997574
0.997574
0.997574
0.997574
0.997574
0.997574
0.997574
0.997574
0.997574
0.997574
0.997574
0.997574
0.997574
0.997574
0.997574
0.997574
0.997574
0.997574
0.997574
0.997574
0.997574
0.997574
0.997574
0.997574
0.997574
0.997574
0.997574
0.997574
0.997574
0.997574
0.997574
0.997574
0.997574
0.997574
0.997574
0.997574
0.997574
0.997574
0.997574
0.997574
0.997574
0.997574
0.997574
0.997574
0.997574
0.997574
0.997574
0.997574
0.997574
0.997574
0.997574
0.997574
0.997574
0.997574
0.997574
0.997574
0.997574
0.997574
0.997574
0.997574
0.997574
0.997574
0.997574
0.997574
0.997574
0.997574
0.997574
0.997574
0.997574
0.997574
0.997574
0.997574
0.997574
0.997574
0.997574
0.997574
0.997574
0.997574
0.997574
0.997574
0.997574
0.997574
0.997574
0.997574
0.997574
0.997574
0.997574
0.997574
0.997574
0.997574
0.997574
0.997574
0.997574
0.997574
0.997574
0.997574
0.997574
0.997574
0.997574
0.997574
0.997574
0.997574
0.997574
0.997574
0.997574
0.997574
0.997574
0.997574
0.997574
0.997574
0.997574
0.997574
0.997574
0.997574
0.997574
0.997574
0.997574
0.997574
0.997574
0.997574
0.997574
0.997574
0.997574
0.997574
0.997574
0.997574
0.997574
0.997574
0.997574
0.997574
0.997574
0.997574
0.997574
0.997574
0.997574
0.997574
0.997574
0.997574
0.997574
0.997574
0.997574
0.997574
0.997574
0.997574
0.997574
0.997574
0.997574
0.997574
0.997574
0.997574
0.997574
0.997574
0.997574
0.997574
0.997574
0.997574
0.997574
0.997574
0.997574
0.997574
0.997574
0.997574
0.997574
0.997574
0.997574
0.997574
0.997574
0.997574
0.997574
0.997574
0.997574
0.997574
0.997574
0.997574
0.997574
0.997574
0.997574
0.997574
0.997574
0.997574
0.997574
0.997574
0.997574
0.997574
0.997574
0.997574
0.997574
0.997574
0.997574
0.997574
0.997574
0.997574
0.997574
0.997574
0.997574
0.997574
0.997574
0.997574
0.997574
0.997574
0.997574
0.997574
0.997574
0.997574
0.997574
0.997574
0.997574
0.997574
0.997574
0.997574
0.997574
0.997574
0.997574
0.997574
0.997574
0.997574
0.997574
0.997574
0.997574
0.997574
0.997574
0.997574
0.997574
0.997574
0.997574
0.997574
0.997574
0.997574
0.997574
0.997574
0.997574
0.997574
0.997574
0.997574
0.997574
0.997574
0.997574
0.997574
0.997574
0.997574
0.997574
0.997574
0.997574
0.997574
0.997574
0.997574
0.997574
0.997574
0.997574
0.997574
0.997574
0.997574
0.997574
0.997574
0.997574
0.997574
0.997574
0.997574
0.997574
0.997573
0.997573
0.997573
0.997573
0.997573
0.997573
0.997573
0.997572
0.997572
0.997572
0.997572
0.997571
0.997571
0.997571
0.99757
0.99757
0.997569
0.997568
0.997568
0.997567
0.997566
0.997565
0.997564
0.997563
0.997562
0.997561
0.997559
0.997558
0.997556
0.997554
0.997552
0.99755
0.997547
0.997544
0.997541
0.997538
0.997535
0.997531
0.997527
0.997522
0.997517
0.997512
0.997507
0.9975
0.997494
0.997487
0.997479
0.997471
0.997462
0.997452
0.997442
0.997431
0.997419
0.997407
0.997393
0.997379
0.997363
0.997347
0.99733
0.997311
0.997291
0.99727
0.997248
0.997225
0.9972
0.997174
0.997146
0.997117
0.997086
0.997053
0.997019
0.996983
0.996945
0.996905
0.996863
0.99682
0.996774
0.996726
0.996676
0.996624
0.996569
0.996512
0.996453
0.996392
0.996328
0.996261
0.996192
0.99612
0.996046
0.995969
0.99589
0.995807
0.995722
0.995635
0.995544
0.995451
0.995355
0.995256
0.995154
0.995049
0.994941
0.994831
0.994718
0.994601
0.994482
0.99436
0.994235
0.994108
0.993977
0.993843
0.993707
0.993568
0.993426
0.993281
0.993134
0.992984
0.992831
0.992675
0.992517
0.992356
0.992192
0.992026
0.991857
0.991686
0.991512
0.991335
0.991157
0.990976
0.990792
0.990606
0.990418
0.990228
0.990035
0.98984
0.989643
0.989444
0.989243
0.98904
0.988835
0.988628
0.988419
0.988208
0.987995
0.98778
0.987564
0.987345
0.987125
0.986904
0.98668
0.986455
0.986229
0.986001
0.985771
0.98554
0.985307
0.985073
0.984838
0.984601
0.984363
0.984124
0.983883
0.983641
0.983398
0.983154
0.982908
0.982661
0.982414
0.982165
0.981915
0.981664
0.981412
0.981159
0.980905
0.98065
0.980394
0.980137
0.979879
0.979621
0.979361
0.979101
0.97884
0.978578
0.978315
0.978052
0.977788
0.977523
0.977258
0.976991
0.976724
0.976457
0.976189
0.97592
0.97565
0.97538
0.97511
0.974839
0.974567
0.974294
0.974022
0.973748
0.973474
0.9732
0.972925
0.97265
0.972374
0.972098
0.971821
0.971544
0.971266
0.970989
0.97071
0.970431
0.970152
0.969873
0.969593
0.969313
0.969032
0.968751
0.96847
0.968188
0.967906
0.967624
0.967342
0.967059
0.966776
0.966492
0.966209
0.965925
0.965641
0.965356
0.965071
0.964787
0.964501
0.964216
0.96393
0.963644
0.963358
0.963072
0.962785
0.962499
0.962212
0.961925
0.961637
0.96135
0.961062
0.960774
0.960486
0.960198
0.95991
0.959621
0.959332
0.959044
0.958755
0.958465
0.958176
0.957887
0.957597
0.957308
0.957018
0.956728
0.956438
0.956148
0.955857
0.955567
0.955276
0.954986
0.954695
0.954404
0.954113
0.953822
0.953531
0.95324
0.952949
0.952657
0.952366
0.952075
0.951783
0.951491
0.9512
0.950908
0.950616
0.950324
0.950032
0.94974
0.949448
0.949156
0.948863
0.948571
0.948279
0.947986
0.947694
0.947401
0.947109
0.946816
0.946524
0.946231
0.945938
0.945645
0.945353
0.94506
0.944767
0.944474
0.944181
0.943888
0.943595
0.943302
0.943009
0.942716
0.942423
0.94213
0.941837
0.941544
0.941251
0.940958
0.940665
0.940372
0.940078
0.939785
0.939492
0.939199
0.938906
0.938613
0.938319
0.938026
0.937733
0.93744
0.937146
0.936853
0.93656
0.936267
0.935974
0.935681
0.935387
0.935094
0.934801
0.934508
0.934215
0.933922
0.933628
0.933335
0.933042
0.932749
0.932456
0.932163
0.93187
0.931577
0.931284
0.930991
0.930698
0.930405
0.930112
0.929819
0.929526
0.929233
0.92894
0.928647
0.928355
0.928062
0.927769
0.927476
0.927184
0.926891
0.926598
0.926306
0.926013
0.92572
0.925428
0.925135
0.924843
0.92455
0.924258
0.923966
0.923673
0.923381
0.923089
0.922796
0.922504
0.922212
0.92192
0.921628
0.921335
0.921043
0.920751
0.920459
0.920167
0.919876
0.919584
0.919292
0.919
0.918708
0.918417
0.918125
0.917833
0.917542
0.91725
0.916958
0.916667
0.916376
0.916084
0.915793
0.915502
0.91521
0.914919
0.914628
0.914337
0.914046
0.913755
0.913464
0.913173
0.912882
0.912591
0.9123
0.912009
0.911719
0.911428
0.911137
0.910847
0.910556
0.910266
0.909975
0.909685
0.909394
0.909104
0.908814
0.908524
0.908234
0.907943
0.907653
0.907363
0.907073
0.906784
0.906494
0.906204
0.905914
0.905624
0.905335
0.905045
0.904756
0.904466
0.904177
0.903887
0.903598
0.903309
0.90302
0.90273
0.902441
0.902152
0.901863
0.901574
0.901285
0.900997
0.900708
0.900419
0.90013
0.899842
0.899553
0.899265
0.898976
0.898688
0.898399
0.898111
0.897823
0.897535
0.897247
0.896959
0.896671
0.896383
0.896095
0.895807
0.895519
0.895231
0.894944
0.894656
0.894369
0.894081
0.893794
0.893506
0.893219
0.892932
0.892644
0.892357
0.89207
0.891783
0.891496
0.891209
0.890922
0.890636
0.890349
0.890062
0.889776
0.889489
0.889203
0.888916
0.88863
0.888344
0.888057
0.887771
0.887485
0.887199
0.886913
0.886627
0.886341
0.886055
0.88577
0.885484
0.885198
0.884913
0.884627
0.884342
0.884056
0.883771
0.883486
0.8832
0.882915
0.88263
0.882345
0.88206
0.881775
0.88149
0.881206
0.880921
0.880636
0.880352
0.880067
0.879783
0.879498
0.879214
0.87893
0.878646
0.878361
0.878077
0.877793
0.877509
0.877225
0.876942
0.876658
0.876374
0.876091
0.875807
0.875523
0.87524
0.874957
0.874673
0.87439
0.874107
0.873824
0.873541
0.873258
0.872975
0.872692
0.872409
0.872126
0.871844
0.871561
0.871278
0.870996
0.870714
0.870431
0.870149
0.869867
0.869584
0.869302
0.86902
0.868738
0.868456
0.868175
0.867893
0.867611
0.86733
0.867048
0.866766
0.866485
0.866204
0.865922
0.865641
0.86536
0.865079
0.864798
0.864517
0.864236
0.863955
0.863674
0.863393
0.863113
0.862832
0.862552
0.862271
0.861991
0.86171
0.86143
0.86115
0.86087
0.86059
0.86031
0.86003
0.85975
0.85947
0.85919
0.858911
0.858631
0.858352
0.858072
0.857793
0.857513
0.857234
0.856955
0.856676
0.856397
0.856118
0.855839
0.85556
0.855281
0.855002
0.854724
0.854445
0.854167
0.853888
0.85361
0.853331
0.853053
0.852775
0.852497
0.852219
0.851941
0.851663
0.851385
0.851107
0.850829
0.850552
0.850274
0.849996
0.849719
0.849442
0.849164
0.848887
0.84861
0.848333
0.848056
0.847779
0.847502
0.847225
0.846948
0.846671
0.846395
0.846118
0.845841
0.845565
0.845289
0.845012
0.844736
0.84446
0.844184
0.843908
0.843632
0.843356
0.84308
0.842804
0.842528
0.842253
0.841977
0.841702
0.841426
0.841151
0.840876
0.8406
0.840325
0.84005
0.839775
0.8395
0.839225
0.83895
0.838675
0.838401
0.838126
0.837852
0.837577
0.837303
0.837028
0.836754
0.83648
0.836206
0.835932
0.835657
0.835384
0.83511
0.834836
0.834562
0.834288
0.834015
0.833741
0.833468
0.833194
0.832921
0.832648
0.832375
0.832101
0.831828
0.831555
0.831282
0.831009
0.830737
0.830464
0.830191
0.829919
0.829646
0.829374
0.829101
0.828829
0.828557
0.828285
0.828012
0.82774
0.827468
0.827196
0.826925
0.826653
0.826381
0.826109
0.825838
0.825566
0.825295
0.825024
0.824752
0.824481
0.82421
0.823939
0.823668
0.823397
0.823126
0.822855
0.822584
0.822314
0.822043
0.821772
0.821502
0.821232
0.820961
0.820691
0.820421
0.820151
0.81988
0.81961
0.819341
0.819071
0.818801
0.818531
0.818261
0.817992
0.817722
0.817453
0.817183
0.816914
0.816645
0.816376
0.816107
0.815838
0.815569
0.8153
0.815031
0.814762
0.814493
0.814225
0.813956
0.813688
0.813419
0.813151
0.812882
0.812614
0.812346
0.812078
0.81181
0.811542
0.811274
0.811006
0.810738
0.810471
0.810203
0.809936
0.809668
0.809401
0.809133
0.808866
0.808599
0.808332
0.808065
0.807798
0.807531
0.807264
0.806997
0.80673
0.806464
0.806197
0.805931
0.805664
0.805398
0.805131
0.804865
0.804599
0.804333
0.804067
0.803801
0.803535
0.803269
0.803003
0.802738
0.802472
0.802206
0.801941
0.801675
0.80141
0.801145
0.800879
0.800614
0.800349
0.800084
0.799819
0.799554
0.79929
0.799025
0.79876
0.798495
0.798231
0.797966
0.797702
0.797438
0.797173
0.796909
0.796645
0.796381
0.796117
0.795853
0.795589
0.795325
0.795062
0.794798
0.794534
0.794271
0.794007
0.793744
0.793481
0.793217
0.792954
0.792691
0.792428
0.792165
0.791902
0.791639
0.791377
0.791114
0.790851
0.790589
0.790326
0.790064
0.789801
0.789539
0.789277
0.789015
0.788752
0.78849
0.788228
0.787967
0.787705
0.787443
0.787181
0.78692
0.786658
0.786397
0.786135
0.785874
0.785613
0.785351
0.78509
0.784829
0.784568
0.784307
0.784046
0.783786
0.783525
0.783264
0.783004
0.782743
0.782483
0.782222
0.781962
0.781702
0.781441
0.781181
0.780921
0.780661
0.780401
0.780141
0.779882
0.779622
0.779362
0.779103
0.778843
0.778584
0.778324
0.778065
0.777806
0.777546
0.777287
0.777028
0.776769
0.77651
0.776252
0.775993
0.775734
0.775475
0.775217
0.774958
0.7747
0.774442
0.774183
0.773925
0.773667
0.773409
0.773151
0.772893
0.772635
0.772377
0.772119
0.771862
0.771604
0.771346
0.771089
0.770832
0.770574
0.770317
0.77006
0.769803
0.769545
0.769288
0.769031
0.768775
0.768518
0.768261
0.768004
0.767748
0.767491
0.767235
0.766978
0.766722
0.766466
0.76621
0.765953
0.765697
0.765441
0.765185
0.764929
0.764674
0.764418
0.764162
0.763907
0.763651
0.763396
0.76314
0.762885
0.76263
0.762375
0.762119
0.761864
0.761609
0.761354
0.7611
0.760845
0.76059
0.760335
0.760081
0.759826
0.759572
0.759317
0.759063
0.758809
0.758555
0.758301
0.758046
0.757792
0.757539
0.757285
0.757031
0.756777
0.756524
0.75627
0.756016
0.755763
0.75551
0.755256
0.755003
0.75475
0.754497
0.754244
0.753991
0.753738
0.753485
0.753232
0.752979
0.752727
0.752474
0.752222
0.751969
0.751717
0.751465
0.751212
0.75096
0.750708
0.750456
0.750204
0.749952
0.7497
0.749449
0.749197
0.748945
0.748694
0.748442
0.748191
0.747939
0.747688
0.747437
0.747186
0.746934
0.746683
0.746432
0.746182
0.745931
0.74568
0.745429
0.745179
0.744928
0.744677
0.744427
0.744177
0.743926
0.743676
0.743426
0.743176
0.742926
0.742676
0.742426
0.742176
0.741926
0.741677
0.741427
0.741177
0.740928
0.740678
0.740429
0.74018
0.73993
0.739681
0.739432
0.739183
0.738934
0.738685
0.738436
0.738188
0.737939
0.73769
0.737442
0.737193
0.736945
0.736696
0.736448
0.7362
0.735952
0.735704
0.735455
0.735207
0.73496
0.734712
0.734464
0.734216
0.733969
0.733721
0.733473
0.733226
0.732979
0.732731
0.732484
0.732237
0.73199
0.731743
0.731496
0.731249
0.731002
0.730755
0.730508
0.730262
0.730015
0.729769
0.729522
0.729276
0.729029
0.728783
0.728537
0.728291
0.728045
0.727799
0.727553
0.727307
0.727061
0.726815
0.72657
0.726324
0.726079
0.725833
0.725588
0.725342
0.725097
0.724852
0.724607
0.724362
0.724117
0.723872
0.723627
0.723382
0.723137
0.722893
0.722648
0.722404
0.722159
0.721915
0.72167
0.721426
0.721182
0.720938
0.720694
0.720449
0.720206
0.719962
0.719718
0.719474
0.71923
0.718987
0.718743
0.7185
0.718256
0.718013
0.71777
0.717526
0.717283
0.71704
0.716797
0.716554
0.716311
0.716068
0.715826
0.715583
0.71534
0.715098
0.714855
0.714613
0.71437
0.714128
0.713886
0.713643
0.713401
0.713159
0.712917
0.712675
0.712434
0.712192
0.71195
0.711708
0.711467
0.711225
0.710984
0.710742
0.710501
0.71026
0.710018
0.709777
0.709536
0.709295
0.709054
0.708813
0.708573
0.708332
0.708091
0.707851
0.70761
0.707369
0.707129
0.706889
0.706648
0.706408
0.706168
0.705928
0.705688
0.705448
0.705208
0.704968
0.704728
0.704489
0.704249
0.704009
0.70377
0.70353
0.703291
0.703052
0.702812
0.702573
0.702334
0.702095
0.701856
0.701617
0.701378
0.701139
0.700901
0.700662
0.700423
0.700185
0.699946
0.699708
0.69947
0.699231
0.698993
0.698755
0.698517
0.698279
0.698041
0.697803
0.697565
0.697327
0.69709
0.696852
0.696614
0.696377
0.69614
0.695902
0.695665
0.695428
0.69519
0.694953
0.694716
0.694479
0.694242
0.694005
0.693769
0.693532
0.693295
0.693059
0.692822
0.692586
0.692349
0.692113
0.691877
0.69164
0.691404
0.691168
0.690932
0.690696
0.69046
0.690224
0.689989
0.689753
0.689517
0.689282
0.689046
0.688811
0.688575
0.68834
0.688105
0.687869
0.687634
0.687399
0.687164
0.686929
0.686694
0.68646
0.686225
0.68599
0.685756
0.685521
0.685287
0.685052
0.684818
0.684584
0.684349
0.684115
0.683881
0.683647
0.683413
0.683179
0.682945
0.682711
0.682478
0.682244
0.68201
0.681777
0.681543
0.68131
0.681077
0.680843
0.68061
0.680377
0.680144
0.679911
0.679678
0.679445
0.679212
0.67898
0.678747
0.678514
0.678282
0.678049
0.677817
0.677584
0.677352
0.67712
0.676888
0.676655
0.676423
0.676191
0.675959
0.675728
0.675496
0.675264
0.675032
0.674801
0.674569
0.674338
0.674106
0.673875
0.673644
0.673412
0.673181
0.67295
0.672719
0.672488
0.672257
0.672026
0.671795
0.671565
0.671334
0.671103
0.670873
0.670642
0.670412
0.670182
0.669951
0.669721
0.669491
0.669261
0.669031
0.668801
0.668571
0.668341
0.668111
0.667882
0.667652
0.667422
0.667193
0.666963
0.666734
0.666505
0.666275
0.666046
0.665817
0.665588
0.665359
0.66513
0.664901
0.664672
0.664443
0.664215
0.663986
0.663758
0.663529
0.663301
0.663072
0.662844
0.662616
0.662387
0.662159
0.661931
0.661703
0.661475
0.661247
0.661019
0.660792
0.660564
0.660336
0.660109
0.659881
0.659654
0.659426
0.659199
0.658972
0.658745
0.658517
0.65829
0.658063
0.657836
0.65761
0.657383
0.657156
0.656929
0.656703
0.656476
0.65625
0.656023
0.655797
0.65557
0.655344
0.655118
0.654892
0.654666
0.65444
0.654214
0.653988
0.653762
0.653536
0.653311
0.653085
0.652859
0.652634
0.652408
0.652183
0.651958
0.651732
0.651507
0.651282
0.651057
0.650832
0.650607
0.650382
0.650157
0.649933
0.649708
0.649483
0.649259
0.649034
0.64881
0.648585
0.648361
0.648137
0.647913
0.647688
0.647464
0.64724
0.647016
0.646792
0.646569
0.646345
0.646121
0.645898
0.645674
0.64545
0.645227
0.645004
0.64478
0.644557
0.644334
0.644111
0.643888
0.643665
0.643442
0.643219
0.642996
0.642773
0.64255
0.642328
0.642105
0.641883
0.64166
0.641438
0.641215
0.640993
0.640771
0.640549
0.640327
0.640105
0.639883
0.639661
0.639439
0.639217
0.638995
0.638774
0.638552
0.638331
0.638109
0.637888
0.637666
0.637445
0.637224
0.637003
0.636781
0.63656
0.636339
0.636119
0.635898
0.635677
0.635456
0.635235
0.635015
0.634794
0.634574
0.634353
0.634133
0.633913
0.633692
0.633472
0.633252
0.633032
0.632812
0.632592
0.632372
0.632152
0.631933
0.631713
0.631493
0.631274
0.631054
0.630835
0.630615
0.630396
0.630177
0.629958
0.629738
0.629519
0.6293
0.629081
0.628863
0.628644
0.628425
0.628206
0.627988
0.627769
0.62755
0.627332
0.627114
0.626895
0.626677
0.626459
0.62624
0.626023
0.625804
0.625587
0.625368
0.625151
0.624932
0.624716
0.624497
0.624281
0.624061
0.623846
0.623626
0.623412
0.623191
0.622978
0.622755
0.622544
0.62232
0.622112
0.621885
0.621679
0.62145
0.621247
0.621015
0.620815
0.62058
0.620384
0.620145
0.619952
0.619711
0.619521
0.619278
0.619089
0.618846
0.618656
0.618415
0.618223
0.617984
0.61779
0.617554
0.617357
0.617125
0.616923
0.616696
0.61649
0.616268
0.616058
0.615839
0.615626
0.615409
0.615195
0.61498
0.614765
0.61455
0.614335
0.614121
0.613905
0.613691
0.613476
0.613262
0.613048
0.612833
0.612619
0.612404
0.61219
0.611976
0.611762
0.611548
0.611334
0.61112
0.610906
0.610692
0.610479
0.610265
0.610051
0.609838
0.609624
0.609411
0.609198
0.608984
0.608771
0.608558
0.608345
0.608132
0.607919
0.607706
0.607493
0.60728
0.607067
0.606854
0.606642
0.606429
0.606217
0.606004
0.605792
0.605579
0.605367
0.605155
0.604943
0.604731
0.604518
0.604306
0.604095
0.603883
0.603671
0.603459
0.603247
0.603036
0.602824
0.602613
0.602401
0.60219
0.601979
0.601767
0.601556
0.601345
0.601134
0.600923
0.600712
0.600501
0.60029
0.600079
0.599868
0.599658
0.599447
0.599237
0.599026
0.598816
0.598605
0.598395
0.598185
0.597974
0.597764
0.597554
0.597344
0.597134
0.596924
0.596715
0.596505
0.596295
0.596085
0.595876
0.595666
0.595457
0.595247
0.595038
0.594829
0.594619
0.59441
0.594201
0.593992
0.593783
0.593574
0.593365
0.593156
0.592947
0.592739
0.59253
0.592322
0.592113
0.591904
0.591696
0.591488
0.591279
0.591071
0.590863
0.590655
0.590447
0.590239
0.590031
0.589823
0.589615
0.589407
0.5892
0.588992
0.588784
0.588577
0.588369
0.588162
0.587955
0.587747
0.58754
0.587333
0.587126
0.586919
0.586712
0.586505
0.586298
0.586091
0.585884
0.585678
0.585471
0.585264
0.585058
0.584851
0.584645
0.584439
0.584232
0.584026
0.58382
0.583614
0.583408
0.583202
0.582996
0.58279
0.582584
0.582378
0.582173
0.581967
0.581761
0.581556
0.581351
0.581145
0.58094
0.580734
0.580529
0.580324
0.580119
0.579914
0.579709
0.579504
0.579299
0.579094
0.578889
0.578685
0.57848
0.578276
0.578071
0.577867
0.577662
0.577458
0.577253
0.577049
0.576845
0.576641
0.576437
0.576233
0.576029
0.575825
0.575621
0.575417
0.575214
0.57501
0.574807
0.574603
0.5744
0.574196
0.573993
0.573789
0.573586
0.573383
0.57318
0.572977
0.572774
0.572571
0.572368
0.572165
0.571962
0.57176
0.571557
0.571354
0.571152
0.570949
0.570747
0.570545
0.570342
0.57014
0.569938
0.569736
0.569534
0.569332
0.56913
0.568928
0.568726
0.568524
0.568322
0.568121
0.567919
0.567718
0.567516
0.567315
0.567113
0.566912
0.566711
0.566509
0.566308
0.566107
0.565906
0.565705
0.565504
0.565303
0.565103
0.564902
0.564701
0.564501
0.5643
0.5641
0.563899
0.563699
0.563498
0.563298
0.563098
0.562898
0.562698
0.562498
0.562298
0.562098
0.561898
0.561698
0.561498
0.561299
0.561099
0.560899
0.5607
0.5605
0.560301
0.560102
0.559902
0.559703
0.559504
0.559305
0.559106
0.558907
0.558708
0.558509
0.55831
0.558111
0.557913
0.557714
0.557515
0.557317
0.557118
0.55692
0.556722
0.556523
0.556325
0.556127
0.555929
0.555731
0.555533
0.555335
0.555137
0.554939
0.554741
0.554543
0.554346
0.554148
0.55395
0.553753
0.553555
0.553358
0.553161
0.552963
0.552766
0.552569
0.552372
0.552175
0.551978
0.551781
0.551584
0.551387
0.551191
0.550994
0.550797
0.550601
0.550404
0.550208
0.550011
0.549815
0.549619
0.549422
0.549226
0.54903
0.548834
0.548638
0.548442
0.548246
0.54805
0.547855
0.547659
0.547463
0.547268
0.547072
0.546876
0.546681
0.546486
0.54629
0.546095
0.5459
0.545705
0.54551
0.545315
0.54512
0.544925
0.54473
0.544535
0.54434
0.544146
0.543951
0.543756
0.543562
0.543367
0.543173
0.542979
0.542784
0.54259
0.542396
0.542202
0.542008
0.541814
0.54162
0.541426
0.541232
0.541038
0.540845
0.540651
0.540457
0.540264
0.54007
0.539877
0.539683
0.53949
0.539297
0.539104
0.538911
0.538717
0.538524
0.538331
0.538138
0.537946
0.537753
0.53756
0.537367
0.537175
0.536982
0.53679
0.536597
0.536405
0.536212
0.53602
0.535828
0.535636
0.535444
0.535251
0.535059
0.534868
0.534676
0.534484
0.534292
0.5341
0.533909
0.533717
0.533525
0.533334
0.533143
0.532951
0.53276
0.532569
0.532377
0.532186
0.531995
0.531804
0.531613
0.531422
0.531231
0.53104
0.53085
0.530659
0.530468
0.530278
0.530087
0.529897
0.529706
0.529516
0.529326
0.529135
0.528945
0.528755
0.528565
0.528375
0.528185
0.527995
0.527805
0.527615
0.527426
0.527236
0.527046
0.526857
0.526667
0.526478
0.526289
0.526099
0.52591
0.525721
0.525532
0.525342
0.525153
0.524964
0.524775
0.524587
0.524398
0.524209
0.52402
0.523832
0.523643
0.523454
0.523266
0.523078
0.522889
0.522701
0.522513
0.522324
0.522136
0.521948
0.52176
0.521572
0.521384
0.521196
0.521009
0.520821
0.520633
0.520446
0.520258
0.52007
0.519883
0.519696
0.519508
0.519321
0.519134
0.518947
0.518759
0.518572
0.518385
0.518198
0.518012
0.517825
0.517638
0.517451
0.517265
0.517078
0.516891
0.516705
0.516518
0.516332
0.516146
0.515959
0.515773
0.515587
0.515401
0.515215
0.515029
0.514843
0.514657
0.514471
0.514286
0.5141
0.513914
0.513729
0.513543
0.513358
0.513172
0.512987
0.512802
0.512616
0.512431
0.512246
0.512061
0.511876
0.511691
0.511506
0.511321
0.511137
0.510952
0.510767
0.510583
0.510398
0.510213
0.510029
0.509845
0.50966
0.509476
0.509292
0.509108
0.508924
0.50874
0.508556
0.508372
0.508188
0.508004
0.50782
0.507636
0.507453
0.507269
0.507086
0.506902
0.506719
0.506535
0.506352
0.506169
0.505986
0.505803
0.50562
0.505437
0.505254
0.505071
0.504888
0.504705
0.504522
0.50434
0.504157
0.503975
0.503792
0.50361
0.503427
0.503245
0.503063
0.50288
0.502698
0.502516
0.502334
0.502152
0.50197
0.501788
0.501607
0.501425
0.501243
0.501062
0.50088
0.500698
0.500517
0.500336
0.500154
0.499973
0.499792
0.499611
0.499429
0.499248
0.499067
0.498886
0.498706
0.498525
0.498344
0.498163
0.497983
0.497802
0.497622
0.497441
0.497261
0.49708
0.4969
0.49672
0.49654
0.496359
0.496179
0.495999
0.495819
0.49564
0.49546
0.49528
0.4951
0.494921
0.494741
0.494561
0.494382
0.494203
0.494023
0.493844
0.493665
0.493485
0.493306
0.493127
0.492948
0.492769
0.49259
0.492412
0.492233
0.492054
0.491875
0.491697
0.491518
0.49134
0.491161
0.490983
0.490805
0.490627
0.490448
0.49027
0.490092
0.489914
0.489736
0.489558
0.489381
0.489203
0.489025
0.488847
0.48867
0.488492
0.488315
0.488137
0.48796
0.487783
0.487606
0.487428
0.487251
0.487074
0.486897
0.48672
0.486544
0.486367
0.48619
0.486013
0.485837
0.48566
0.485484
0.485307
0.485131
0.484955
0.484778
0.484602
0.484426
0.48425
0.484074
0.483898
0.483722
0.483546
0.483371
0.483195
0.483019
0.482844
0.482668
0.482493
0.482317
0.482142
0.481967
0.481792
0.481616
0.481441
0.481266
0.481091
0.480916
0.480742
0.480567
0.480392
0.480218
0.480043
0.479868
0.479694
0.47952
0.479345
0.479171
0.478997
0.478823
0.478649
0.478475
0.478301
0.478127
0.477953
0.477779
0.477606
0.477432
0.477258
0.477085
0.476912
0.476738
0.476565
0.476392
0.476218
0.476045
0.475872
0.475699
0.475526
0.475354
0.475181
0.475008
0.474836
0.474663
0.47449
0.474318
0.474146
0.473973
0.473801
0.473629
0.473457
0.473285
0.473113
0.472941
0.472769
0.472597
0.472426
0.472254
0.472083
0.471911
0.47174
0.471568
0.471397
0.471226
0.471055
0.470884
0.470713
0.470542
0.470371
0.4702
0.470029
0.469859
0.469688
0.469518
0.469347
0.469177
0.469007
0.468836
0.468666
0.468496
0.468326
0.468156
0.467986
0.467817
0.467647
0.467477
0.467308
0.467138
0.466969
0.466799
0.46663
0.466461
0.466292
0.466123
0.465954
0.465785
0.465616
0.465448
0.465279
0.46511
0.464942
0.464773
0.464605
0.464437
0.464269
0.464101
0.463933
0.463765
0.463597
0.463429
0.463261
0.463094
0.462926
0.462759
0.462591
0.462424
0.462257
0.46209
0.461923
0.461756
0.461589
0.461422
0.461255
0.461089
0.460922
0.460756
0.46059
0.460423
0.460257
0.460091
0.459925
0.459759
0.459593
0.459428
0.459262
0.459096
0.458931
0.458766
0.4586
0.458435
0.45827
0.458105
0.45794
0.457776
0.457611
0.457446
0.457282
0.457117
0.456953
0.456789
0.456625
0.456461
0.456297
0.456133
0.455969
0.455806
0.455642
0.455479
0.455316
0.455152
0.454989
0.454826
0.454664
0.454501
0.454338
0.454176
0.454013
0.453851
0.453689
0.453527
0.453365
0.453203
0.453041
0.45288
0.452718
0.452557
0.452396
0.452234
0.452073
0.451913
0.451752
0.451591
0.451431
0.45127
0.45111
0.45095
0.45079
0.45063
0.45047
0.450311
0.450151
0.449992
0.449833
0.449674
0.449515
0.449356
0.449198
0.449039
0.448881
0.448723
0.448565
0.448407
0.448249
0.448092
0.447935
0.447777
0.44762
0.447463
0.447307
0.44715
0.446994
0.446838
0.446682
0.446526
0.44637
0.446214
0.446059
0.445904
0.445749
0.445594
0.44544
0.445285
0.445131
0.444977
0.444823
0.44467
0.444516
0.444363
0.44421
0.444057
0.443905
0.443752
0.4436
0.443448
0.443297
0.443145
0.442994
0.442843
0.442692
0.442542
0.442391
0.442241
0.442092
0.441942
0.441793
0.441644
0.441495
0.441347
0.441198
0.44105
0.440903
0.440755
0.440608
0.440462
0.440315
0.440169
0.440023
0.439878
0.439732
0.439588
0.439443
0.439299
0.439155
0.439011
0.438868
0.438725
0.438583
0.438441
0.438299
0.438157
0.438016
0.437876
0.437736
0.437596
0.437456
0.437317
0.437179
0.437041
0.436903
0.436766
0.436629
0.436492
0.436356
0.436221
0.436086
0.435951
0.435817
0.435684
0.435551
0.435419
0.435287
0.435155
0.435024
0.434894
0.434764
0.434635
0.434507
0.434379
0.434251
0.434125
0.433998
0.433873
0.433748
0.433624
0.4335
0.433377
0.433255
0.433134
0.433013
0.432893
0.432773
0.432655
0.432537
0.43242
0.432304
0.432188
0.432073
0.431959
0.431846
0.431734
0.431623
0.431512
0.431403
0.431294
0.431186
0.431079
0.430973
0.430868
0.430764
0.430661
0.430558
0.430457
0.430357
0.430258
0.43016
0.430063
0.429967
0.429872
0.429778
0.429685
0.429593
0.429502
0.429413
0.429325
0.429237
0.429151
0.429067
0.428983
0.4289
0.428819
0.428739
0.42866
0.428582
0.428506
0.428431
0.428357
0.428284
0.428212
0.428142
0.428073
0.428006
0.427939
0.427874
0.42781
0.427748
0.427686
0.427626
0.427568
0.42751
0.427454
0.427399
0.427346
0.427293
0.427242
0.427193
0.427144
0.427097
0.427051
0.427006
0.426962
0.42692
0.426879
0.426839
0.4268
0.426762
0.426726
0.42669
0.426656
0.426623
0.426591
0.42656
0.42653
0.426501
0.426473
0.426446
0.42642
0.426395
0.426371
0.426348
0.426326
0.426305
0.426284
0.426265
0.426246
0.426228
0.426211
0.426194
0.426179
0.426163
0.426149
0.426135
0.426122
0.42611
0.426098
0.426087
0.426076
0.426066
0.426057
0.426048
0.426039
0.426031
0.426023
0.426016
0.426009
0.426002
0.425996
0.42599
0.425985
0.42598
0.425975
0.42597
0.425966
0.425962
0.425958
0.425955
0.425951
0.425948
0.425946
0.425943
0.42594
0.425938
0.425936
0.425934
0.425932
0.42593
0.425928
0.425927
0.425925
0.425924
0.425923
0.425922
0.425921
0.42592
0.425919
0.425918
0.425917
0.425917
0.425916
0.425915
0.425915
0.425914
0.425914
0.425913
0.425913
0.425912
0.425912
0.425912
0.425912
0.425911
0.425911
0.425911
0.425911
0.42591
0.42591
0.42591
0.42591
0.42591
0.42591
0.425909
0.425909
0.425909
0.425909
0.425909
0.425909
0.425909
0.425909
0.425909
0.425909
0.425909
0.425909
0.425908
0.425908
0.425908
0.425908
0.425908
0.425908
0.425908
0.425908
0.425908
0.425908
0.425908
0.425908
0.425908
0.425908
0.425908
0.425908
0.425908
0.425908
0.425908
0.425908
0.425908
0.425908
0.425907
0.425907
0.425907
0.425907
0.425907
0.425907
0.425907
0.425907
0.425907
0.425907
0.425907
0.425907
0.425907
0.425907
0.425907
0.425907
0.425907
0.425907
0.425907
0.425907
0.425907
0.425907
0.425907
0.425907
0.425906
0.425906
0.425906
0.425906
0.425906
0.425906
0.425906
0.425906
0.425906
0.425906
0.425906
0.425906
0.425906
0.425906
0.425906
0.425906
0.425906
0.425906
0.425906
0.425906
0.425906
0.425906
0.425906
0.425906
0.425906
0.425905
0.425905
0.425905
0.425905
0.425905
0.425905
0.425905
0.425905
0.425905
0.425905
0.425905
0.425905
0.425905
0.425905
0.425905
0.425905
0.425905
0.425905
0.425905
0.425905
0.425905
0.425905
0.425905
0.425905
0.425905
0.425905
0.425905
0.425904
0.425904
0.425904
0.425904
0.425904
0.425904
0.425904
0.425904
0.425904
0.425904
0.425904
0.425904
0.425904
0.425904
0.425904
0.425904
0.425904
0.425904
0.425904
0.425904
0.425904
0.425904
0.425904
0.425904
0.425904
0.425904
0.425904
0.425904
0.425904
0.425903
0.425903
0.425903
0.425903
0.425903
0.425903
0.425903
0.425903
0.425903
0.425903
0.425903
0.425903
0.425903
0.425903
0.425903
0.425903
0.425903
0.425903
0.425903
0.425903
0.425903
0.425903
0.425903
0.425903
0.425903
0.425903
0.425903
0.425903
0.425903
0.425903
0.425903
0.425903
0.425903
0.425902
0.425902
0.425902
0.425902
0.425902
0.425902
0.425902
0.425902
0.425902
0.425902
0.425902
0.425902
0.425902
0.425902
0.425902
0.425902
0.425902
0.425902
0.425902
0.425902
0.425902
0.425902
0.425902
0.425902
0.425902
0.425902
0.425902
0.425902
0.425902
0.425902
0.425902
0.425902
0.425902
0.425902
0.425901
0.425901
0.425901
0.425901
0.425901
0.425901
0.425901
0.425901
0.425901
0.425901
0.425901
0.425901
0.425901
0.425901
0.425901
0.425901
0.425901
0.425901
0.425901
0.425901
0.425901
0.425901
0.425901
0.425901
0.425901
0.425901
0.425901
0.425901
0.425901
0.425901
0.425901
0.425901
0.425901
0.425901
0.425901
0.4259
0.4259
0.4259
0.4259
0.4259
0.4259
0.4259
0.4259
0.4259
0.4259
0.4259
0.4259
0.4259
0.4259
0.4259
0.4259
0.4259
0.4259
0.4259
0.4259
0.4259
0.4259
0.4259
0.4259
0.4259
0.4259
0.4259
0.4259
0.4259
0.4259
0.4259
0.4259
0.4259
0.4259
0.4259
0.4259
0.425899
0.425899
0.425899
0.425899
0.425899
0.425899
0.425899
0.425899
0.425899
0.425899
0.425899
0.425899
0.425899
0.425899
0.425899
0.425899
0.425899
0.425899
0.425899
0.425899
0.425899
0.425899
0.425899
0.425899
0.425899
0.425899
0.425899
0.425899
0.425899
0.425899
0.425899
0.425899
0.425899
0.425899
0.425899
0.425899
0.425898
0.425898
0.425898
0.425898
0.425898
0.425898
0.425898
0.425898
0.425898
0.425898
0.425898
0.425898
0.425898
0.425898
0.425898
0.425898
0.425898
0.425898
0.425898
0.425898
0.425898
0.425898
0.425898
0.425898
0.425898
0.425898
0.425898
0.425898
0.425898
0.425898
0.425898
0.425898
0.425898
0.425898
0.425898
0.425898
0.425897
0.425897
0.425897
0.425897
0.425897
0.425897
0.425897
0.425897
0.425897
0.425897
0.425897
0.425897
0.425897
0.425897
0.425897
0.425897
0.425897
0.425897
0.425897
0.425897
0.425897
0.425897
0.425897
0.425897
0.425897
0.425897
0.425897
0.425897
0.425897
0.425897
0.425897
0.425897
0.425897
0.425897
0.425897
0.425897
0.425896
0.425896
0.425896
0.425896
0.425896
0.425896
0.425896
0.425896
0.425896
0.425896
0.425896
0.425896
0.425896
0.425896
0.425896
0.425896
0.425896
0.425896
0.425896
0.425896
0.425896
0.425896
0.425896
0.425896
0.425896
0.425896
0.425896
0.425896
0.425896
0.425896
0.425896
0.425896
0.425896
0.425896
0.425896
0.425895
0.425895
0.425895
0.425895
0.425895
0.425895
0.425895
0.425895
0.425895
0.425895
0.425895
0.425895
0.425895
0.425895
0.425895
0.425895
0.425895
0.425895
0.425895
0.425895
0.425895
0.425895
0.425895
0.425895
0.425895
0.425895
0.425895
0.425895
0.425895
0.425895
0.425895
0.425895
0.425895
0.425895
0.425894
0.425894
0.425894
0.425894
0.425894
0.425894
0.425894
0.425894
0.425894
0.425894
0.425894
0.425894
0.425894
0.425894
0.425894
0.425894
0.425894
0.425894
0.425894
0.425894
0.425894
0.425894
0.425894
0.425894
0.425894
0.425894
0.425894
0.425894
0.425894
0.425894
0.425894
0.425894
0.425894
0.425893
0.425893
0.425893
0.425893
0.425893
0.425893
0.425893
0.425893
0.425893
0.425893
0.425893
0.425893
0.425893
0.425893
0.425893
0.425893
0.425893
0.425893
0.425893
0.425893
0.425893
0.425893
0.425893
0.425893
0.425893
0.425893
0.425893
0.425893
0.425893
0.425893
0.425893
0.425893
0.425892
0.425892
0.425892
0.425892
0.425892
0.425892
0.425892
0.425892
0.425892
0.425892
0.425892
0.425892
0.425892
0.425892
0.425892
0.425892
0.425892
0.425892
0.425892
0.425892
0.425892
0.425892
0.425892
0.425892
0.425892
0.425892
0.425892
0.425892
0.425892
0.425892
0.425892
0.425892
0.425891
0.425891
0.425891
0.425891
0.425891
0.425891
0.425891
0.425891
0.425891
0.425891
0.425891
0.425891
0.425891
0.425891
0.425891
0.425891
0.425891
0.425891
0.425891
0.425891
0.425891
0.425891
0.425891
0.425891
0.425891
0.425891
0.425891
0.425891
0.425891
0.425891
0.42589
0.42589
0.42589
0.42589
0.42589
0.42589
0.42589
0.42589
0.42589
0.42589
0.42589
0.42589
0.42589
0.42589
0.42589
0.42589
0.42589
0.42589
0.42589
0.42589
0.42589
0.42589
0.42589
0.42589
0.42589
0.42589
0.42589
0.42589
0.42589
0.425889
0.425889
0.425889
0.425889
0.425889
0.425889
0.425889
0.425889
0.425889
0.425889
0.425889
0.425889
0.425889
0.425889
0.425889
0.425889
0.425889
0.425889
0.425889
0.425889
0.425889
0.425889
0.425889
0.425889
0.425889
0.425889
0.425889
0.425889
0.425888
0.425888
0.425888
0.425888
0.425888
0.425888
0.425888
0.425888
0.425888
0.425888
0.425888
0.425888
0.425888
0.425888
0.425888
0.425888
0.425888
0.425888
0.425888
0.425888
0.425888
0.425888
0.425888
0.425888
0.425888
0.425888
0.425888
0.425887
0.425887
0.425887
0.425887
0.425887
0.425887
0.425887
0.425887
0.425887
0.425887
0.425887
0.425887
0.425887
0.425887
0.425887
0.425887
0.425887
0.425887
0.425887
0.425887
0.425887
0.425887
0.425887
0.425887
0.425887
0.425887
0.425887
0.425886
0.425886
0.425886
0.425886
0.425886
0.425886
0.425886
0.425886
0.425886
0.425886
0.425886
0.425886
0.425886
0.425886
0.425886
0.425886
0.425886
0.425886
0.425886
0.425886
0.425886
0.425886
0.425886
0.425886
0.425886
0.425885
0.425885
0.425885
0.425885
0.425885
0.425885
0.425885
0.425885
0.425885
0.425885
0.425885
0.425885
0.425885
0.425885
0.425885
0.425885
0.425885
0.425885
0.425885
0.425885
0.425885
0.425885
0.425885
0.425885
0.425885
0.425884
0.425884
0.425884
0.425884
0.425884
0.425884
0.425884
0.425884
0.425884
0.425884
0.425884
0.425884
0.425884
0.425884
0.425884
0.425884
0.425884
0.425884
0.425884
0.425884
0.425884
0.425884
0.425884
0.425884
0.425883
0.425883
0.425883
0.425883
0.425883
0.425883
0.425883
0.425883
0.425883
0.425883
0.425883
0.425883
0.425883
0.425883
0.425883
0.425883
0.425883
0.425883
0.425883
0.425883
0.425883
0.425883
0.425883
0.425882
0.425882
0.425882
0.425882
0.425882
0.425882
0.425882
0.425882
0.425882
0.425882
0.425882
0.425882
0.425882
0.425882
0.425882
0.425882
0.425882
0.425882
0.425882
0.425882
0.425882
0.425882
0.425881
0.425881
0.425881
0.425881
0.425881
0.425881
0.425881
0.425881
0.425881
0.425881
0.425881
0.425881
0.425881
0.425881
0.425881
0.425881
0.425881
0.425881
0.425881
0.425881
0.425881
0.425881
0.42588
0.42588
0.42588
0.42588
0.42588
0.42588
0.42588
0.42588
0.42588
0.42588
0.42588
0.42588
0.42588
0.42588
0.42588
0.42588
0.42588
0.42588
0.42588
0.42588
0.42588
0.425879
0.425879
0.425879
0.425879
0.425879
0.425879
0.425879
0.425879
0.425879
0.425879
0.425879
0.425879
0.425879
0.425879
0.425879
0.425879
0.425879
0.425879
0.425879
0.425879
0.425878
0.425878
0.425878
0.425878
0.425878
0.425878
0.425878
0.425878
0.425878
0.425878
0.425878
0.425878
0.425878
0.425878
0.425878
0.425878
0.425878
0.425878
0.425878
0.425877
0.425877
0.425877
0.425877
0.425877
0.425877
0.425877
0.425877
0.425877
0.425877
0.425877
0.425877
0.425877
0.425877
0.425877
0.425877
0.425877
0.425877
0.425877
0.425876
0.425876
0.425876
0.425876
0.425876
0.425876
0.425876
0.425876
0.425876
0.425876
0.425876
0.425876
0.425876
0.425876
0.425876
0.425876
0.425876
0.425876
0.425876
0.425875
0.425875
0.425875
0.425875
0.425875
0.425875
0.425875
0.425875
0.425875
0.425875
0.425875
0.425875
0.425875
0.425875
0.425875
0.425875
0.425875
0.425874
0.425874
0.425874
0.425874
0.425874
0.425874
0.425874
0.425874
0.425874
0.425874
0.425874
0.425874
0.425874
0.425874
0.425874
0.425874
0.425874
0.425874
0.425873
0.425873
0.425873
0.425873
0.425873
0.425873
0.425873
0.425873
0.425873
0.425873
0.425873
0.425873
0.425873
0.425873
0.425873
0.425873
0.425872
0.425872
0.425872
0.425872
0.425872
0.425872
0.425872
0.425872
0.425872
0.425872
0.425872
0.425872
0.425872
0.425872
0.425872
0.425872
0.425872
0.425871
0.425871
0.425871
0.425871
0.425871
0.425871
0.425871
0.425871
0.425871
0.425871
0.425871
0.425871
0.425871
0.425871
0.425871
0.425871
0.42587
0.42587
0.42587
0.42587
0.42587
0.42587
0.42587
0.42587
0.42587
0.42587
0.42587
0.42587
0.42587
0.42587
0.42587
0.425869
0.425869
0.425869
0.425869
0.425869
0.425869
0.425869
0.425869
0.425869
0.425869
0.425869
0.425869
0.425869
0.425869
0.425869
0.425868
0.425868
0.425868
0.425868
0.425868
0.425868
0.425868
0.425868
0.425868
0.425868
0.425868
0.425868
0.425868
0.425868
0.425867
0.425867
0.425867
0.425867
0.425867
0.425867
0.425867
0.425867
0.425867
0.425867
0.425867
0.425867
0.425867
0.425867
0.425866
0.425866
0.425866
0.425866
0.425866
0.425866
0.425866
0.425866
0.425866
0.425866
0.425866
0.425866
0.425866
0.425866
0.425865
0.425865
0.425865
0.425865
0.425865
0.425865
0.425865
0.425865
0.425865
0.425865
0.425865
0.425865
0.425865
0.425864
0.425864
0.425864
0.425864
0.425864
0.425864
0.425864
0.425864
0.425864
0.425864
0.425864
0.425864
0.425864
0.425863
0.425863
0.425863
0.425863
0.425863
0.425863
0.425863
0.425863
0.425863
0.425863
0.425863
0.425863
0.425863
0.425862
0.425862
0.425862
0.425862
0.425862
0.425862
0.425862
0.425862
0.425862
0.425862
0.425862
0.425862
0.425862
0.425861
0.425861
0.425861
0.425861
0.425861
0.425861
0.425861
0.425861
0.425861
0.425861
0.425861
0.425861
0.42586
0.42586
0.42586
0.42586
0.42586
0.42586
0.42586
0.42586
0.42586
0.42586
0.42586
0.425859
0.425859
0.425859
0.425859
0.425859
0.425859
0.425859
0.425859
0.425859
0.425859
0.425859
0.425859
0.425858
0.425858
0.425858
0.425858
0.425858
0.425858
0.425858
0.425858
0.425858
0.425858
0.425858
0.425857
0.425857
0.425857
0.425857
0.425857
0.425857
0.425857
0.425857
0.425857
0.425857
0.425857
0.425856
0.425856
0.425856
0.425856
0.425856
0.425856
0.425856
0.425856
0.425856
0.425856
0.425855
0.425855
0.425855
0.425855
0.425855
0.425855
0.425855
0.425855
0.425855
0.425855
0.425855
0.425854
0.425854
0.425854
0.425854
0.425854
0.425854
0.425854
0.425854
0.425854
0.425854
0.425853
0.425853
0.425853
0.425853
0.425853
0.425853
0.425853
0.425853
0.425853
0.425853
0.425852
0.425852
0.425852
0.425852
0.425852
0.425852
0.425852
0.425852
0.425852
0.425851
0.425851
0.425851
0.425851
0.425851
0.425851
0.425851
0.425851
0.425851
0.425851
0.42585
0.42585
0.42585
0.42585
0.42585
0.42585
0.42585
0.42585
0.42585
0.425849
0.425849
0.425849
0.425849
0.425849
0.425849
0.425849
0.425849
0.425849
0.425848
0.425848
0.425848
0.425848
0.425848
0.425848
0.425848
0.425848
0.425848
0.425847
0.425847
0.425847
0.425847
0.425847
0.425847
0.425847
0.425847
0.425847
0.425846
0.425846
0.425846
0.425846
0.425846
0.425846
0.425846
0.425846
0.425845
0.425845
0.425845
0.425845
0.425845
0.425845
0.425845
0.425845
0.425844
0.425844
0.425844
0.425844
0.425844
0.425844
0.425844
0.425844
0.425843
0.425843
0.425843
0.425843
0.425843
0.425843
0.425843
0.425843
0.425842
0.425842
0.425842
0.425842
0.425842
0.425842
0.425842
0.425842
0.425841
0.425841
0.425841
0.425841
0.425841
0.425841
0.425841
0.425841
0.42584
0.42584
0.42584
0.42584
0.42584
0.42584
0.42584
0.425839
0.425839
0.425839
0.425839
0.425839
0.425839
0.425839
0.425839
0.425838
0.425838
0.425838
0.425838
0.425838
0.425838
0.425838
0.425837
0.425837
0.425837
0.425837
0.425837
0.425837
0.425837
0.425836
0.425836
0.425836
0.425836
0.425836
0.425836
0.425836
0.425835
0.425835
0.425835
0.425835
0.425835
0.425835
0.425834
0.425834
0.425834
0.425834
0.425834
0.425834
0.425834
0.425833
0.425833
0.425833
0.425833
0.425833
0.425833
0.425832
0.425832
0.425832
0.425832
0.425832
0.425832
0.425832
0.425831
0.425831
0.425831
0.425831
0.425831
0.425831
0.42583
0.42583
0.42583
0.42583
0.42583
0.42583
0.425829
0.425829
0.425829
0.425829
0.425829
0.425829
0.425828
0.425828
0.425828
0.425828
0.425828
0.425828
0.425827
0.425827
0.425827
0.425827
0.425827
0.425827
0.425826
0.425826
0.425826
0.425826
0.425826
0.425826
0.425825
0.425825
0.425825
0.425825
0.425825
0.425824
0.425824
0.425824
0.425824
0.425824
0.425824
0.425823
0.425823
0.425823
0.425823
0.425823
0.425822
0.425822
0.425822
0.425822
0.425822
0.425822
0.425821
0.425821
0.425821
0.425821
0.425821
0.42582
0.42582
0.42582
0.42582
0.42582
0.425819
0.425819
0.425819
0.425819
0.425819
0.425818
0.425818
0.425818
0.425818
0.425818
0.425817
0.425817
0.425817
0.425817
0.425817
0.425816
0.425816
0.425816
0.425816
0.425816
0.425815
0.425815
0.425815
0.425815
0.425814
0.425814
0.425814
0.425814
0.425814
0.425813
0.425813
0.425813
0.425813
0.425813
0.425812
0.425812
0.425812
0.425812
0.425811
0.425811
0.425811
0.425811
0.425811
0.42581
0.42581
0.42581
0.42581
0.425809
0.425809
0.425809
0.425809
0.425808
0.425808
0.425808
0.425808
0.425807
0.425807
0.425807
0.425807
0.425807
0.425806
0.425806
0.425806
0.425806
0.425805
0.425805
0.425805
0.425805
0.425804
0.425804
0.425804
0.425804
0.425803
0.425803
0.425803
0.425803
0.425802
0.425802
0.425802
0.425802
0.425801
0.425801
0.425801
0.4258
0.4258
0.4258
0.4258
0.425799
0.425799
0.425799
0.425799
0.425798
0.425798
0.425798
0.425798
0.425797
0.425797
0.425797
0.425796
0.425796
0.425796
0.425796
0.425795
0.425795
0.425795
0.425794
0.425794
0.425794
0.425794
0.425793
0.425793
0.425793
0.425792
0.425792
0.425792
0.425791
0.425791
0.425791
0.425791
0.42579
0.42579
0.42579
0.425789
0.425789
0.425789
0.425788
0.425788
0.425788
0.425787
0.425787
0.425787
0.425786
0.425786
0.425786
0.425786
0.425785
0.425785
0.425785
0.425784
0.425784
0.425784
0.425783
0.425783
0.425783
0.425782
0.425782
0.425781
0.425781
0.425781
0.42578
0.42578
0.42578
0.425779
0.425779
0.425779
0.425778
0.425778
0.425778
0.425777
0.425777
0.425777
0.425776
0.425776
0.425775
0.425775
0.425775
0.425774
0.425774
0.425774
0.425773
0.425773
0.425772
0.425772
0.425772
0.425771
0.425771
0.42577
0.42577
0.42577
0.425769
0.425769
0.425768
0.425768
0.425768
0.425767
0.425767
0.425766
0.425766
0.425766
0.425765
0.425765
0.425764
0.425764
0.425763
0.425763
0.425763
0.425762
0.425762
0.425761
0.425761
0.42576
0.42576
0.42576
0.425759
0.425759
0.425758
0.425758
0.425757
0.425757
0.425756
0.425756
0.425755
0.425755
0.425755
0.425754
0.425754
0.425753
0.425753
0.425752
0.425752
0.425751
0.425751
0.42575
0.42575
0.425749
0.425749
0.425748
0.425748
0.425747
0.425747
0.425746
0.425746
0.425745
0.425745
0.425744
0.425743
0.425743
0.425742
0.425742
0.425741
0.425741
0.42574
0.42574
0.425739
0.425739
0.425738
0.425737
0.425737
0.425736
0.425736
0.425735
0.425735
0.425734
0.425733
0.425733
0.425732
0.425732
0.425731
0.42573
0.42573
0.425729
0.425729
0.425728
0.425727
0.425727
0.425726
0.425725
0.425725
0.425724
0.425723
0.425723
0.425722
0.425722
0.425721
0.42572
0.42572
0.425719
0.425718
0.425717
0.425717
0.425716
0.425715
0.425715
0.425714
0.425713
0.425713
0.425712
0.425711
0.42571
0.42571
0.425709
0.425708
0.425707
0.425707
0.425706
0.425705
0.425704
0.425704
0.425703
0.425702
0.425701
0.4257
0.4257
0.425699
0.425698
0.425697
0.425696
0.425696
0.425695
0.425694
0.425693
0.425692
0.425691
0.42569
0.42569
0.425689
0.425688
0.425687
0.425686
0.425685
0.425684
0.425683
0.425682
0.425681
0.425681
0.42568
0.425679
0.425678
0.425677
0.425676
0.425675
0.425674
0.425673
0.425672
0.425671
0.42567
0.425669
0.425668
0.425667
0.425666
0.425664
0.425663
0.425662
0.425661
0.42566
0.425659
0.425658
0.425657
0.425656
0.425655
0.425653
0.425652
0.425651
0.42565
0.425649
0.425648
0.425646
0.425645
0.425644
0.425643
0.425641
0.42564
0.425639
0.425638
0.425636
0.425635
0.425634
0.425632
0.425631
0.42563
0.425628
0.425627
0.425625
0.425624
0.425623
0.425621
0.42562
0.425618
0.425617
0.425615
0.425614
0.425612
0.425611
0.425609
0.425608
0.425606
0.425605
0.425603
0.425601
0.4256
0.425598
0.425596
0.425595
0.425593
0.425591
0.425589
0.425588
0.425586
0.425584
0.425582
0.42558
0.425579
0.425577
0.425575
0.425573
0.425571
0.425569
0.425567
0.425565
0.425563
0.425561
0.425559
0.425557
0.425555
0.425553
0.42555
0.425548
0.425546
0.425544
0.425542
0.425539
0.425537
0.425535
0.425532
0.42553
0.425527
0.425525
0.425522
0.42552
0.425517
0.425515
0.425512
0.425509
0.425507
0.425504
0.425501
0.425498
0.425495
0.425493
0.42549
0.425487
0.425484
0.425481
0.425478
0.425474
0.425471
0.425468
0.425465
0.425461
0.425458
0.425455
0.425451
0.425448
0.425444
0.42544
0.425437
0.425433
0.425429
0.425425
0.425421
0.425417
0.425413
0.425409
0.425405
0.425401
0.425396
0.425392
0.425387
0.425383
0.425378
0.425373
0.425368
0.425364
0.425359
0.425353
0.425348
0.425343
0.425337
0.425332
0.425326
0.425321
0.425315
0.425309
0.425303
0.425296
0.42529
0.425283
0.425277
0.42527
0.425263
0.425256
0.425248
0.425241
0.425233
0.425225
0.425217
0.425208
0.4252
0.425191
0.425182
0.425172
0.425162
0.425152
0.425141
0.42513
0.425119
0.425106
0.425094
0.42508
0.425066
0.42505
0.425034
0.425017
0.424998
0.424978
0.424956
0.424932
0.424906
0.424877
0.424846
0.424812
0.424773
0.424731
0.424685
0.424633
0.424575
0.424511
0.42444
0.424361
0.424273
0.424175
0.424067
0.423946
0.423812
0.423664
0.4235
0.423319
0.42312
0.422899
0.422657
0.422391
0.4221
0.42178
0.421432
0.421052
0.420638
0.420189
0.419701
0.419174
0.418605
0.417991
0.417331
0.416622
0.415862
0.41505
0.414182
0.413259
0.412276
0.411234
0.410131
0.408964
0.407733
0.406437
0.405076
0.403647
0.402152
0.40059
0.39896
0.397264
0.395502
0.393674
0.391783
0.389828
0.387813
0.385738
0.383606
0.381419
0.37918
0.376892
0.374558
0.372181
0.369765
0.367313
0.36483
0.362319
0.359785
0.357231
0.354662
0.352082
0.349496
0.346907
0.344321
0.341742
0.339174
0.336621
0.334087
0.331576
0.329092
0.326639
0.32422
0.321838
0.319497
0.3172
0.314949
0.312747
0.310596
0.308498
0.306455
0.304468
0.302539
0.300669
0.298859
0.297109
0.29542
0.293792
0.292226
0.29072
0.289275
0.28789
0.286565
0.285299
0.284091
0.282939
0.281843
0.280801
0.279812
0.278875
0.277988
0.27715
0.276358
0.275611
0.274909
0.274248
0.273627
0.273045
0.272499
0.271989
0.271512
0.271067
0.270653
0.270267
0.269908
0.269575
0.269266
0.26898
0.268715
0.26847
0.268245
0.268037
0.267845
0.267669
0.267507
0.267359
0.267223
0.267099
0.266985
0.266881
0.266787
0.266701
0.266622
0.266551
0.266486
0.266428
0.266375
0.266327
0.266283
0.266244
0.266209
0.266177
0.266148
0.266123
0.2661
0.266079
0.26606
0.266044
0.266029
0.266016
0.266004
0.265994
0.265984
0.265976
0.265968
0.265962
0.265956
0.265951
0.265946
0.265942
0.265939
0.265936
0.265933
0.26593
0.265928
0.265926
0.265925
0.265923
0.265922
0.265921
0.26592
0.265919
0.265918
0.265917
0.265917
0.265916
0.265916
0.265915
0.265915
0.265914
0.265914
0.265914
0.265914
0.265913
0.265913
0.265913
0.265913
0.265913
0.265913
0.265913
0.265912
0.265912
0.265912
0.265912
0.265912
0.265912
0.265912
0.265912
0.265912
0.265912
0.265912
0.265912
0.265912
0.265911
0.265911
0.265911
0.265911
0.265911
0.265911
0.265911
0.265911
0.265911
0.265911
0.265911
0.265911
0.265911
0.265911
0.265911
0.265911
0.265911
0.265911
0.265911
0.265911
0.265911
0.265911
0.265911
0.26591
0.26591
0.26591
0.26591
0.26591
0.26591
0.26591
0.26591
0.26591
0.26591
0.26591
0.26591
0.26591
0.26591
0.26591
0.26591
0.26591
0.26591
0.26591
0.26591
0.26591
0.26591
0.26591
0.26591
0.26591
0.26591
0.26591
0.26591
0.26591
0.26591
0.26591
0.26591
0.26591
0.265909
0.265909
0.265909
0.265909
0.265909
0.265909
0.265909
0.265909
0.265909
0.265909
0.265909
0.265909
0.265909
0.265909
0.265909
0.265909
0.265909
0.265909
0.265909
0.265909
0.265909
0.265909
0.265909
0.265909
0.265909
0.265909
0.265909
0.265909
0.265909
0.265909
0.265909
0.265909
0.265909
0.265909
0.265909
0.265909
0.265909
0.265909
0.265909
0.265909
0.265909
0.265909
0.265909
0.265909
0.265909
0.265909
0.265909
0.265909
0.265909
0.265909
0.265909
0.265909
0.265909
0.265909
0.265909
0.265908
0.265908
0.265908
0.265908
0.265908
0.265908
0.265908
0.265908
0.265908
0.265908
0.265908
0.265908
0.265908
0.265908
0.265908
0.265908
0.265908
0.265908
0.265908
0.265908
0.265908
0.265908
0.265908
0.265908
0.265908
0.265908
0.265908
0.265908
0.265908
0.265908
0.265908
0.265908
0.265908
0.265908
0.265908
0.265908
0.265908
0.265908
0.265908
0.265908
0.265908
0.265908
0.265908
0.265908
0.265908
0.265908
0.265908
0.265908
0.265908
0.265908
0.265908
0.265908
0.265908
0.265908
0.265908
0.265908
0.265908
0.265908
0.265908
0.265908
0.265908
0.265908
0.265908
0.265908
0.265908
0.265908
0.265908
0.265908
0.265908
0.265908
0.265908
0.265908
0.265908
0.265908
0.265908
0.265908
0.265908
0.265908
0.265908
0.265908
0.265908
0.265908
0.265908
0.265908
0.265908
0.265908
0.265908
0.265908
0.265908
0.265908
0.265908
0.265908
0.265908
0.265908
0.265908
0.265908
0.265908
0.265908
0.265908
0.265908
0.265908
0.265908
0.265908
0.265908
0.265908
0.265908
0.265907
0.265907
0.265907
0.265907
0.265907
0.265907
0.265907
0.265907
0.265907
0.265907
0.265907
0.265907
0.265907
0.265907
0.265907
0.265907
0.265907
0.265907
0.265907
0.265907
0.265907
0.265907
0.265907
0.265907
0.265907
0.265907
0.265907
0.265907
0.265907
0.265907
0.265907
0.265907
0.265907
0.265907
0.265907
0.265907
0.265907
0.265907
0.265907
0.265907
0.265907
0.265907
0.265907
0.265907
0.265907
0.265907
0.265907
0.265907
0.265907
0.265907
0.265907
0.265907
0.265907
0.265907
0.265907
0.265907
0.265907
0.265907
0.265907
0.265907
0.265907
0.265907
0.265907
0.265907
0.265907
0.265907
0.265907
0.265907
0.265907
0.265907
0.265907
0.265907
0.265907
0.265907
0.265907
0.265907
0.265907
0.265907
0.265907
0.265907
0.265907
0.265907
0.265907
0.265907
0.265907
0.265907
0.265907
0.265907
0.265907
0.265907
0.265907
0.265907
0.265907
0.265907
0.265907
0.265907
0.265907
0.265907
0.265907
0.265907
0.265907
0.265907
0.265907
0.265907
0.265907
0.265907
0.265907
0.265907
0.265907
0.265907
0.265907
0.265907
0.265907
0.265907
0.265907
0.265907
0.265907
0.265907
0.265907
0.265907
0.265907
0.265907
0.265907
0.265907
0.265907
0.265907
0.265907
0.265907
0.265907
0.265907
0.265907
0.265907
0.265907
0.265907
0.265907
0.265907
0.265907
0.265907
0.265907
0.265907
0.265907
0.265907
0.265907
0.265907
0.265907
0.265907
0.265907
0.265907
0.265907
0.265907
0.265907
0.265907
0.265907
0.265907
0.265907
0.265907
0.265907
0.265907
0.265907
0.265907
0.265907
0.265907
0.265907
0.265907
0.265907
0.265907
0.265907
0.265907
0.265907
0.265907
0.265907
0.265907
0.265907
0.265907
0.265907
0.265907
0.265907
0.265907
0.265907
0.265907
0.265907
0.265907
0.265907
0.265907
0.265907
0.265907
0.265907
0.265907
0.265907
0.265907
0.265907
0.265907
0.265907
0.265907
0.265907
0.265907
0.265907
0.265907
0.265907
0.265907
0.265907
0.265907
0.265907
0.265907
0.265907
0.265907
0.265907
0.265907
0.265907
0.265907
0.265907
0.265907
0.265907
0.265907
0.265907
0.265907
0.265907
0.265907
0.265907
0.265907
0.265907
0.265907
0.265907
0.265907
0.265907
0.265907
0.265907
0.265907
0.265907
0.265907
0.265907
0.265907
0.265907
0.265907
0.265907
0.265907
0.265907
0.265907
0.265907
0.265907
0.265907
0.265907
0.265907
0.265907
0.265907
0.265907
0.265907
0.265907
0.265907
0.265907
0.265907
0.265907
0.265907
0.265907
0.265907
0.265907
0.265907
0.265907
0.265907
0.265907
0.265907
0.265907
0.265907
0.265907
0.265907
0.265907
0.265907
0.265907
0.265907
0.265907
0.265907
0.265907
0.265907
0.265907
0.265907
0.265907
0.265907
0.265907
0.265907
0.265907
0.265907
0.265907
0.265907
0.265907
0.265907
0.265907
0.265907
0.265907
0.265907
0.265907
0.265907
0.265907
0.265907
0.265907
0.265907
0.265907
0.265907
0.265907
0.265907
0.265907
0.265907
0.265907
0.265907
0.265907
0.265907
0.265907
0.265907
0.265907
0.265907
0.265907
0.265907
0.265907
0.265907
0.265907
0.265907
0.265907
0.265907
0.265907
0.265907
0.265907
0.265907
0.265907
0.265907
0.265907
0.265907
0.265907
0.265907
0.265907
0.265907
0.265907
0.265907
0.265907
0.265907
0.265907
0.265907
0.265907
0.265907
0.265907
0.265907
0.265907
0.265907
0.265907
0.265907
0.265907
0.265907
0.265907
0.265907
0.265907
0.265907
0.265907
0.265907
0.265907
0.265907
0.265907
0.265907
0.265907
0.265907
0.265907
0.265907
0.265907
0.265907
0.265907
0.265907
0.265907
0.265907
0.265907
0.265907
0.265907
0.265907
0.265907
0.265907
0.265907
0.265907
0.265907
0.265907
0.265907
0.265907
0.265907
0.265907
0.265907
0.265907
0.265907
0.265907
0.265907
0.265907
0.265907
0.265907
0.265907
0.265907
0.265907
0.265907
0.265907
0.265907
0.265907
0.265907
0.265907
0.265907
0.265907
0.265907
0.265907
0.265907
0.265907
0.265907
0.265907
0.265907
0.265907
0.265907
0.265907
0.265907
0.265907
0.265907
0.265907
0.265907
0.265907
0.265907
0.265907
0.265907
0.265907
0.265907
0.265907
0.265907
0.265907
0.265907
0.265907
0.265906
0.265906
0.265906
0.265906
0.265906
0.265906
0.265906
0.265906
0.265906
0.265906
0.265906
0.265906
0.265906
0.265906
0.265906
0.265906
0.265906
0.265906
0.265906
0.265906
0.265906
0.265906
0.265906
0.265906
0.265906
0.265906
0.265906
0.265906
0.265906
0.265906
0.265906
0.265906
0.265906
0.265906
0.265906
0.265906
0.265906
0.265906
0.265906
0.265906
0.265906
0.265906
0.265906
0.265906
0.265906
0.265906
0.265906
0.265906
0.265906
0.265906
0.265906
0.265906
0.265906
0.265906
0.265906
0.265906
0.265906
0.265906
0.265906
0.265906
0.265906
0.265906
0.265906
0.265906
0.265906
0.265906
0.265906
0.265906
0.265906
0.265906
0.265906
0.265906
0.265906
0.265906
0.265906
0.265906
0.265906
0.265906
0.265906
0.265906
0.265906
0.265906
0.265906
0.265906
0.265906
0.265906
0.265906
0.265906
0.265906
0.265906
0.265906
0.265906
0.265906
0.265906
0.265906
0.265906
0.265906
0.265906
0.265906
0.265906
0.265906
0.265906
0.265906
0.265906
0.265906
0.265906
0.265906
0.265906
0.265906
0.265906
0.265906
0.265906
0.265906
0.265906
0.265906
0.265906
0.265906
0.265906
0.265906
0.265906
0.265906
0.265906
0.265906
0.265906
0.265906
0.265906
0.265906
0.265906
0.265906
0.265906
0.265906
0.265906
0.265906
0.265906
0.265906
0.265906
0.265906
0.265906
0.265906
0.265906
0.265906
0.265906
0.265906
0.265906
0.265906
0.265906
0.265906
0.265906
0.265906
0.265906
0.265906
0.265906
0.265906
0.265906
0.265906
0.265906
0.265906
0.265906
0.265906
0.265906
0.265906
0.265906
0.265906
0.265906
0.265906
0.265906
0.265906
0.265906
0.265906
0.265906
0.265906
0.265906
0.265906
0.265906
0.265906
0.265906
0.265906
0.265906
0.265906
0.265906
0.265906
0.265906
0.265906
0.265906
0.265906
0.265906
0.265906
0.265906
0.265906
0.265906
0.265906
0.265906
0.265906
0.265906
0.265906
0.265906
0.265906
0.265906
0.265906
0.265906
0.265906
0.265906
0.265906
0.265906
0.265906
0.265906
0.265906
0.265906
0.265906
0.265906
0.265906
0.265906
0.265906
0.265906
0.265906
0.265906
0.265906
0.265906
0.265906
0.265906
0.265906
0.265906
0.265906
0.265906
0.265906
0.265906
0.265906
0.265906
0.265906
0.265906
0.265906
0.265906
0.265906
0.265906
0.265906
0.265906
0.265906
0.265906
0.265906
0.265906
0.265906
0.265906
0.265906
0.265906
0.265906
0.265906
0.265906
0.265906
0.265906
0.265906
0.265906
0.265906
0.265906
0.265906
0.265906
0.265906
0.265906
0.265906
0.265906
0.265906
0.265906
0.265906
0.265906
0.265906
0.265906
0.265906
0.265906
0.265906
0.265906
0.265906
0.265906
0.265906
0.265906
0.265906
0.265906
0.265906
0.265906
0.265906
0.265906
0.265906
0.265906
0.265906
0.265906
0.265906
0.265906
0.265906
0.265906
0.265906
0.265906
0.265906
0.265906
0.265906
0.265906
0.265906
0.265906
0.265906
0.265906
0.265906
0.265906
0.265906
0.265906
0.265906
0.265906
0.265906
0.265906
0.265906
0.265906
0.265906
0.265906
0.265906
0.265906
0.265906
0.265906
0.265906
0.265906
0.265906
0.265906
0.265906
0.265906
0.265906
0.265906
0.265906
0.265906
0.265906
0.265906
0.265906
0.265906
0.265906
0.265906
0.265906
0.265906
0.265906
0.265906
0.265906
0.265906
0.265906
0.265906
0.265906
0.265906
0.265906
0.265906
0.265906
0.265906
0.265906
0.265906
0.265906
0.265906
0.265906
0.265906
0.265906
0.265906
0.265906
0.265906
0.265906
0.265906
0.265906
0.265906
0.265906
0.265906
0.265906
0.265906
0.265906
0.265906
0.265906
0.265906
0.265906
0.265906
0.265906
0.265906
0.265906
0.265906
0.265906
0.265906
0.265906
0.265906
0.265906
0.265906
0.265906
0.265906
0.265906
0.265906
0.265906
0.265906
0.265906
0.265906
0.265906
0.265906
0.265906
0.265906
0.265906
0.265906
0.265906
0.265906
0.265906
0.265906
0.265906
0.265906
0.265906
0.265906
0.265906
0.265906
0.265906
0.265906
0.265906
0.265906
0.265906
0.265906
0.265906
0.265906
0.265906
0.265906
0.265906
0.265906
0.265906
0.265906
0.265906
0.265906
0.265906
0.265906
0.265906
0.265906
0.265906
0.265906
0.265906
0.265906
0.265906
0.265906
0.265906
0.265906
0.265906
0.265906
0.265906
0.265906
0.265906
0.265906
0.265906
0.265906
0.265906
0.265906
0.265906
0.265906
0.265906
0.265906
0.265906
0.265906
0.265906
0.265906
0.265906
0.265906
0.265906
0.265906
0.265906
0.265906
0.265906
0.265906
0.265906
0.265906
0.265906
0.265906
0.265906
0.265906
0.265906
0.265906
0.265906
0.265906
0.265906
0.265906
0.265906
0.265906
0.265906
0.265906
0.265906
0.265906
0.265906
0.265906
0.265906
0.265906
0.265906
0.265906
0.265906
0.265906
0.265906
0.265906
0.265906
0.265906
0.265906
0.265906
0.265906
0.265906
0.265906
0.265906
0.265906
0.265906
0.265906
0.265906
0.265906
0.265906
0.265906
0.265906
0.265906
0.265906
0.265906
0.265906
0.265906
0.265906
0.265906
0.265906
0.265906
0.265906
0.265906
0.265906
0.265906
0.265906
0.265906
0.265906
0.265906
0.265906
0.265906
0.265906
0.265906
0.265906
0.265906
0.265906
0.265906
0.265906
0.265906
0.265906
0.265906
0.265906
0.265906
0.265906
0.265906
0.265906
0.265906
0.265906
0.265906
0.265906
0.265906
0.265906
0.265906
0.265906
0.265906
0.265906
0.265906
0.265906
0.265906
0.265906
0.265906
0.265906
0.265906
0.265906
0.265906
0.265906
0.265906
0.265906
0.265906
0.265906
0.265906
0.265906
0.265906
0.265906
0.265906
0.265906
0.265906
0.265906
0.265906
0.265906
0.265906
0.265906
0.265906
0.265906
0.265906
0.265906
0.265906
0.265906
0.265906
0.265906
0.265906
0.265906
0.265906
0.265906
0.265906
0.265906
0.265906
0.265906
0.265906
0.265906
0.265906
0.265906
0.265906
0.265906
0.265906
0.265906
0.265906
0.265906
0.265906
0.265906
0.265906
0.265906
0.265906
0.265906
0.265906
0.265906
0.265906
0.265906
0.265906
0.265906
0.265906
0.265906
0.265906
0.265906
0.265906
0.265906
0.265906
0.265906
0.265906
0.265906
0.265906
0.265906
0.265906
0.265906
0.265906
0.265906
0.265906
0.265906
0.265906
0.265906
0.265906
0.265906
0.265906
0.265906
0.265906
0.265906
0.265906
0.265906
0.265906
0.265906
0.265906
0.265906
0.265906
0.265906
0.265906
0.265906
0.265906
0.265906
0.265906
0.265906
0.265906
0.265906
0.265906
0.265906
0.265906
0.265906
0.265906
0.265906
0.265906
0.265906
0.265906
0.265906
0.265906
0.265906
0.265906
0.265906
0.265906
0.265906
0.265906
0.265906
0.265906
0.265906
0.265906
0.265906
0.265906
0.265906
0.265906
0.265906
0.265906
0.265906
0.265906
0.265906
0.265906
0.265906
0.265906
0.265906
0.265906
0.265906
0.265906
0.265906
0.265906
0.265906
0.265906
0.265906
0.265906
0.265906
0.265906
0.265906
0.265906
0.265906
0.265906
0.265906
0.265906
0.265906
0.265906
0.265906
0.265906
0.265906
0.265906
0.265906
0.265906
0.265906
0.265906
0.265906
0.265906
0.265906
0.265906
0.265906
0.265906
0.265906
0.265906
0.265906
0.265906
0.265906
0.265906
0.265906
0.265906
0.265906
0.265906
0.265906
0.265906
0.265906
0.265906
0.265906
0.265906
0.265906
0.265906
0.265906
0.265906
0.265906
0.265906
0.265906
0.265906
0.265906
0.265906
0.265906
0.265906
0.265906
0.265906
0.265906
0.265906
0.265906
0.265906
0.265906
0.265906
0.265906
0.265906
0.265906
0.265906
0.265906
0.265906
0.265906
0.265906
0.265906
0.265906
0.265906
0.265906
0.265906
0.265906
0.265906
0.265906
0.265906
0.265906
0.265906
0.265906
0.265906
0.265906
0.265906
0.265906
0.265906
0.265906
0.265906
0.265906
0.265906
0.265906
0.265906
0.265906
0.265906
0.265906
0.265906
0.265906
0.265906
0.265906
0.265906
0.265906
0.265906
0.265906
0.265906
0.265906
0.265906
0.265906
0.265906
0.265906
0.265906
0.265906
0.265906
0.265906
0.265906
0.265906
0.265906
0.265906
0.265906
0.265906
0.265906
0.265906
0.265906
0.265906
0.265906
0.265906
0.265906
0.265906
0.265906
0.265906
0.265906
0.265906
0.265906
0.265906
0.265906
0.265906
0.265906
0.265906
0.265906
0.265906
0.265906
0.265906
0.265906
0.265906
0.265906
0.265906
0.265906
0.265906
0.265906
0.265906
0.265906
0.265906
0.265906
0.265906
0.265906
0.265906
0.265906
0.265906
0.265906
0.265906
0.265906
0.265906
0.265906
0.265906
0.265906
0.265906
0.265906
0.265906
0.265906
0.265906
0.265906
0.265906
0.265906
0.265906
0.265906
0.265906
0.265906
0.265906
0.265906
0.265906
0.265906
0.265906
0.265906
0.265906
0.265906
0.265906
0.265906
0.265906
0.265906
0.265906
0.265906
0.265906
0.265906
0.265906
0.265906
0.265906
0.265906
0.265906
0.265906
0.265906
0.265906
0.265906
0.265906
0.265906
0.265906
0.265906
0.265906
0.265906
0.265906
0.265906
0.265906
0.265906
0.265906
0.265906
0.265906
0.265906
0.265906
0.265906
0.265906
0.265906
0.265906
0.265906
0.265906
0.265906
0.265906
0.265906
0.265906
0.265906
0.265906
0.265906
0.265906
0.265906
0.265906
0.265906
0.265906
0.265906
0.265906
0.265906
0.265906
0.265905
0.265905
0.265905
0.265905
0.265905
0.265905
0.265905
0.265905
0.265905
0.265906
0.265906
0.265906
0.265906
0.265906
0.265906
0.265906
0.265906
0.265906
0.265906
0.265906
0.265906
0.265905
0.265905
0.265905
0.265905
0.265905
0.265905
0.265905
0.265905
0.265905
0.265906
0.265906
0.265906
0.265906
0.265906
0.265906
0.265906
0.265906
0.265906
0.265906
0.265906
0.265906
0.265906
0.265905
0.265905
0.265905
0.265905
0.265905
0.265905
0.265905
0.265905
0.265905
0.265906
0.265906
0.265906
0.265906
0.265907
0.265907
0.265907
0.265906
0.265906
0.265906
0.265906
0.265905
0.265905
0.265905
0.265904
0.265904
0.265904
0.265904
0.265904
0.265905
0.265905
0.265906
0.265906
0.265906
0.265906
0.265907
0.265907
0.265907
0.265906
0.265907
0.265906
0.265906
0.265905
0.265905
0.265904
0.265904
0.265904
0.265904
0.265904
0.265903
0.265901
0.265896
0.265889
0.265877
0.265849
0.265794
0.265676
0.265449
0.264956
0.263869
0.261459
0.255705
0.242705
0.216827
0.183769
0.153956
0.13575
0.128021
0.125573
0.124917
0.124751
0.12471
0.1247
0.124697
0.124697
0.124697
0.124697
0.124697
0.124697
0.124697
0.124697
0.124697
0.124697
0.124697
0.124697
0.124697
0.124697
0.124697
0.124697
0.124697
0.124697
0.124697
0.124697
0.124697
0.124697
0.124697
0.124697
0.124697
0.124697
0.124697
0.124697
0.124697
0.124697
0.124697
0.124697
0.124697
0.124697
0.124697
0.124697
0.124697
0.124697
0.124697
0.124697
0.124697
0.124697
0.124697
0.124697
0.124697
0.124697
0.124697
0.124697
0.124697
0.124697
0.124697
0.124697
0.124697
0.124697
0.124697
0.124697
0.124697
0.124697
0.124697
0.124697
0.124697
0.124697
0.124697
0.124697
0.124697
0.124697
0.124697
0.124697
0.124697
0.124697
0.124697
0.124697
0.124697
0.124697
0.124697
0.124697
0.124697
0.124697
0.124697
0.124697
0.124697
0.124697
0.124697
0.124697
0.124697
0.124697
0.124697
0.124697
0.124697
0.124697
0.124697
0.124697
0.124697
0.124697
0.124697
0.124697
0.124697
0.124697
0.124697
0.124697
0.124697
0.124697
0.124697
0.124697
0.124697
0.124697
0.124697
0.124697
0.124697
0.124697
0.124697
0.124697
0.124697
0.124697
0.124697
0.124697
0.124697
0.124697
0.124697
0.124697
0.124697
0.124697
0.124697
0.124697
0.124697
0.124697
0.124697
0.124697
0.124697
0.124697
0.124697
0.124697
0.124697
0.124697
0.124697
0.124697
0.124697
0.124697
0.124697
0.124697
0.124697
0.124697
0.124697
0.124697
0.124697
0.124697
0.124697
0.124697
0.124697
0.124697
0.124697
0.124697
0.124697
0.124697
0.124697
0.124697
0.124697
0.124697
0.124697
0.124697
0.124697
0.124697
0.124697
0.124697
0.124697
0.124697
0.124697
0.124697
0.124697
0.124697
0.124697
0.124697
0.124697
0.124697
0.124697
0.124697
0.124697
0.124697
0.124697
0.124697
0.124697
0.124697
0.124697
0.124697
0.124697
0.124697
0.124697
0.124697
0.124697
0.124697
0.124697
0.124697
0.124697
0.124697
0.124697
0.124697
0.124697
0.124697
0.124697
0.124697
0.124697
0.124697
0.124697
0.124697
0.124697
0.124697
0.124697
0.124697
0.124697
0.124697
0.124697
0.124697
0.124697
0.124697
0.124697
0.124697
0.124697
0.124697
0.124697
0.124697
0.124697
0.124697
0.124697
0.124697
0.124697
0.124697
0.124697
0.124697
0.124697
0.124697
0.124697
0.124697
0.124697
0.124697
0.124697
0.124697
0.124697
0.124697
0.124697
0.124697
0.124697
0.124697
0.124697
0.124697
0.124697
0.124697
0.124697
0.124697
0.124697
0.124697
0.124697
0.124697
0.124697
0.124697
0.124697
0.124697
0.124697
0.124697
0.124697
0.124697
0.124697
0.124697
0.124697
0.124697
0.124697
0.124697
0.124697
0.124697
0.124697
0.124697
0.124697
0.124697
0.124697
0.124697
0.124697
0.124697
0.124697
0.124697
0.124697
0.124697
0.124697
0.124697
0.124697
0.124697
0.124697
0.124697
0.124697
0.124697
0.124697
0.124697
0.124697
0.124697
0.124697
0.124697
0.124697
0.124697
0.124697
0.124697
0.124697
0.124697
0.124697
0.124697
0.124697
0.124697
0.124697
0.124697
0.124697
0.124697
0.124697
0.124697
0.124697
0.124697
0.124697
0.124697
0.124697
0.124697
0.124697
0.124697
0.124697
0.124697
0.124697
0.124697
0.124697
0.124697
0.124697
0.124697
0.124697
0.124697
0.124697
0.124697
0.124697
0.124697
0.124697
0.124697
0.124697
0.124697
0.124697
0.124697
0.124697
0.124697
0.124697
0.124697
0.124697
0.124697
0.124697
0.124697
0.124697
0.124697
0.124697
0.124697
0.124697
0.124697
0.124697
0.124697
0.124697
0.124697
0.124697
0.124697
0.124697
0.124697
0.124697
0.124697
0.124697
0.124697
0.124697
0.124697
0.124697
0.124697
0.124697
0.124697
0.124697
0.124697
0.124697
0.124697
0.124697
0.124697
0.124697
0.124697
0.124697
0.124697
0.124697
0.124697
0.124697
0.124697
0.124697
0.124697
0.124697
0.124697
0.124697
0.124697
0.124697
0.124697
0.124697
0.124697
0.124697
0.124697
0.124697
0.124697
0.124697
0.124697
0.124697
0.124697
0.124697
0.124697
0.124697
0.124697
0.124697
0.124697
0.124697
0.124697
0.124697
0.124697
0.124697
0.124697
0.124697
0.124697
0.124697
0.124697
0.124697
0.124697
0.124697
0.124697
0.124697
0.124697
0.124697
0.124697
0.124697
0.124697
0.124697
0.124697
0.124697
0.124697
0.124697
0.124697
0.124697
0.124697
0.124697
0.124697
0.124697
0.124697
0.124697
0.124697
0.124697
0.124697
0.124697
0.124697
0.124697
0.124697
0.124697
0.124697
0.124697
0.124697
0.124697
0.124697
0.124697
0.124697
0.124697
0.124697
0.124697
0.124697
0.124697
0.124697
0.124697
0.124697
0.124697
0.124697
0.124697
0.124697
0.124697
0.124697
0.124697
0.124697
0.124697
0.124697
0.124697
0.124697
0.124697
0.124697
0.124697
0.124697
0.124697
0.124697
0.124697
0.124697
0.124697
0.124697
0.124697
0.124697
0.124697
0.124697
0.124697
0.124697
0.124697
0.124697
0.124697
0.124697
0.124697
0.124697
0.124697
0.124697
0.124697
0.124697
0.124697
0.124697
0.124697
0.124697
0.124697
0.124697
0.124697
0.124697
0.124697
0.124697
0.124697
0.124697
0.124697
0.124697
0.124697
0.124697
0.124697
0.124697
0.124697
0.124697
0.124697
0.124697
0.124697
0.124697
0.124697
0.124697
0.124697
0.124697
0.124697
0.124697
0.124697
0.124697
0.124697
0.124697
0.124697
0.124697
0.124697
0.124697
0.124697
0.124697
0.124697
0.124697
0.124697
0.124697
0.124697
0.124697
0.124697
0.124697
0.124697
0.124697
0.124697
0.124697
0.124697
0.124697
0.124697
0.124697
0.124697
0.124697
0.124697
0.124697
0.124697
0.124697
0.124697
0.124697
0.124697
0.124697
0.124697
0.124697
0.124697
0.124697
0.124697
0.124697
0.124697
0.124697
0.124697
0.124697
0.124697
0.124697
0.124697
0.124697
0.124697
0.124697
0.124697
0.124697
0.124697
0.124697
0.124697
0.124697
0.124697
0.124697
0.124697
0.124697
0.124697
0.124697
0.124697
0.124697
0.124697
0.124697
0.124697
0.124697
0.124697
0.124697
0.124697
0.124697
0.124697
0.124697
0.124697
0.124697
0.124697
0.124697
0.124697
0.124697
0.124697
0.124697
0.124697
0.124697
0.124697
0.124697
0.124697
0.124697
0.124697
0.124697
0.124697
0.124697
0.124697
0.124697
0.124697
0.124697
0.124697
0.124697
0.124697
0.124697
0.124697
0.124697
0.124697
0.124697
0.124697
0.124697
0.124697
0.124697
0.124697
0.124697
0.124697
0.124697
0.124697
0.124697
0.124697
0.124697
0.124697
0.124697
0.124697
0.124697
0.124697
0.124697
0.124697
0.124697
0.124697
0.124697
0.124697
0.124697
0.124697
0.124697
0.124697
0.124697
0.124697
0.124697
0.124697
0.124697
0.124697
0.124697
0.124697
0.124697
0.124697
0.124697
0.124697
0.124697
0.124697
0.124697
0.124697
0.124697
0.124697
0.124697
0.124697
0.124697
0.124697
0.124697
0.124697
0.124697
0.124697
0.124697
0.124697
0.124697
0.124697
0.124697
0.124697
0.124697
0.124697
0.124697
0.124697
0.124697
0.124697
0.124697
0.124697
0.124697
0.124697
0.124697
0.124697
0.124697
0.124697
0.124697
0.124697
0.124697
0.124697
0.124697
0.124697
0.124697
0.124697
0.124697
0.124697
0.124697
0.124697
0.124697
0.124697
0.124697
0.124697
0.124697
0.124697
0.124697
0.124697
0.124697
0.124697
0.124697
0.124697
0.124697
0.124697
0.124697
0.124697
0.124697
0.124697
0.124697
0.124697
0.124697
0.124697
0.124697
0.124697
0.124697
0.124697
0.124697
0.124697
0.124697
0.124697
0.124697
0.124697
0.124697
0.124697
0.124697
0.124697
0.124697
0.124697
0.124697
0.124697
0.124697
0.124697
0.124697
0.124697
0.124697
0.124697
0.124697
0.124697
0.124697
0.124697
0.124697
0.124697
0.124697
0.124697
0.124697
0.124697
0.124697
0.124697
0.124697
0.124697
0.124697
0.124697
0.124697
0.124697
0.124697
0.124697
0.124697
0.124697
0.124697
0.124697
0.124697
0.124697
0.124697
0.124697
0.124697
0.124697
0.124697
0.124697
0.124697
0.124697
0.124697
0.124697
0.124697
0.124697
0.124697
0.124697
0.124697
0.124697
0.124697
0.124697
0.124697
0.124697
0.124697
0.124697
0.124697
0.124697
0.124697
0.124697
0.124697
0.124697
0.124697
0.124697
0.124697
0.124697
0.124697
0.124697
0.124697
0.124697
0.124697
0.124697
0.124697
0.124697
0.124697
0.124697
0.124697
0.124697
0.124697
0.124697
0.124697
0.124697
0.124697
0.124697
0.124697
0.124697
0.124697
0.124697
0.124697
0.124697
0.124697
0.124697
0.124697
0.124697
0.124697
0.124697
0.124697
0.124697
0.124697
0.124697
0.124697
0.124697
0.124697
0.124697
0.124697
0.124697
0.124697
0.124697
0.124697
0.124697
0.124697
0.124697
0.124697
0.124697
0.124697
0.124697
0.124697
0.124697
0.124697
0.124697
0.124697
0.124697
0.124697
0.124697
0.124697
0.124697
0.124697
0.124697
0.124697
0.124697
0.124697
0.124697
0.124697
0.124697
0.124697
0.124697
0.124697
0.124697
0.124697
0.124697
0.124697
0.124697
0.124697
0.124697
0.124697
0.124697
0.124697
0.124697
0.124697
0.124697
0.124697
0.124697
0.124697
0.124697
0.124697
0.124697
0.124697
0.124697
0.124697
0.124697
0.124697
0.124697
0.124697
0.124697
0.124697
0.124697
0.124697
0.124697
0.124697
0.124697
0.124697
0.124697
0.124697
0.124697
0.124697
0.124697
0.124697
0.124697
0.124697
0.124697
0.124697
0.124697
0.124697
0.124697
0.124697
0.124697
0.124697
0.124697
0.124697
0.124697
0.124697
0.124697
0.124697
0.124697
0.124697
0.124697
0.124697
0.124697
0.124697
0.124697
0.124697
0.124697
0.124697
0.124697
0.124697
0.124697
0.124697
0.124697
0.124697
0.124697
0.124697
0.124697
0.124697
0.124697
0.124697
0.124697
0.124697
0.124697
0.124697
0.124697
0.124697
0.124697
0.124697
0.124697
0.124697
0.124697
0.124697
0.124697
0.124697
0.124697
0.124697
0.124697
0.124697
0.124697
0.124697
0.124697
0.124697
0.124697
0.124697
0.124697
0.124697
0.124697
0.124697
0.124697
0.124697
0.124697
0.124697
0.124697
0.124697
0.124697
0.124697
0.124697
0.124697
0.124697
0.124697
0.124697
0.124697
0.124697
0.124697
0.124697
0.124697
0.124697
0.124697
0.124697
0.124697
0.124697
0.124697
0.124697
0.124697
0.124697
0.124697
0.124697
0.124697
0.124697
0.124697
0.124697
0.124697
0.124697
0.124697
0.124697
0.124697
0.124697
0.124697
0.124697
0.124697
0.124697
0.124697
0.124697
0.124697
0.124697
0.124697
0.124697
0.124697
0.124697
0.124697
0.124697
0.124697
0.124697
0.124697
0.124697
0.124697
0.124697
0.124697
0.124697
0.124697
0.124697
0.124697
0.124697
0.124697
0.124697
0.124697
0.124697
0.124697
0.124697
0.124697
0.124697
0.124697
0.124697
0.124697
0.124697
0.124697
0.124697
0.124697
0.124697
0.124697
0.124697
0.124697
0.124697
0.124697
0.124697
0.124697
0.124697
0.124697
0.124697
0.124697
0.124697
0.124697
0.124697
0.124697
0.124697
0.124697
0.124697
0.124697
0.124697
0.124697
0.124697
0.124697
0.124697
0.124697
0.124697
0.124697
0.124697
0.124697
0.124697
0.124697
0.124697
0.124697
0.124697
0.124697
0.124697
0.124697
0.124697
0.124697
0.124697
0.124697
)
;

boundaryField
{
    sides
    {
        type            calculated;
        value           nonuniform List<scalar> 2(0.124697 0.997574);
    }
    empty
    {
        type            empty;
    }
}


// ************************************************************************* //
